READ SERR 1
@_compps_qdp_tmp.pco
!
1.00578973E-2 5.78972722E-5 5.67312552E-9
1.0174362E-2 5.85676898E-5 5.80143844E-9
1.02921762E-2 5.92458709E-5 5.93260818E-9
1.04113538E-2 5.99319064E-5 6.06669692E-9
1.05319116E-2 6.06258873E-5 6.20376772E-9
1.06538655E-2 6.13278971E-5 6.34388542E-9
1.07772313E-2 6.20380451E-5 6.48711573E-9
1.09020257E-2 6.27564077E-5 6.63352617E-9
1.10282646E-2 6.3483094E-5 6.78318512E-9
1.11559667E-2 6.42181985E-5 6.93616276E-9
1.12851467E-2 6.49618087E-5 7.09253101E-9
1.14158224E-2 6.57140263E-5 7.25236227E-9
1.15480116E-2 6.64749605E-5 7.41573158E-9
1.16817309E-2 6.72447059E-5 7.5827149E-9
1.18169989E-2 6.80233643E-5 7.75338993E-9
1.19538335E-2 6.88110376E-5 7.92783617E-9
1.20922523E-2 6.96078278E-5 8.10613354E-9
1.22322738E-2 7.04138511E-5 8.28836644E-9
1.23739168E-2 7.12292021E-5 8.47461656E-9
1.25171999E-2 7.20539974E-5 8.66497274E-9
1.26621425E-2 7.2888346E-5 8.85952023E-9
1.28087634E-2 7.37323498E-5 9.05834963E-9
1.29570812E-2 7.45861325E-5 9.26155241E-9
1.31071173E-2 7.54498033E-5 9.46922096E-9
1.32588912E-2 7.63234711E-5 9.6814512E-9
1.34124216E-2 7.72072526E-5 9.89833904E-9
1.35677299E-2 7.81012714E-5 1.01199831E-8
1.37248375E-2 7.90056365E-5 1.03464846E-8
1.3883763E-2 7.9920479E-5 1.05779456E-8
1.40445298E-2 8.08459154E-5 1.08144711E-8
1.42071573E-2 8.17820692E-5 1.10561684E-8
1.43716689E-2 8.27290642E-5 1.13031451E-8
1.45380851E-2 8.36870167E-5 1.15555139E-8
1.47064282E-2 8.46560652E-5 1.18133876E-8
1.48767205E-2 8.56363404E-5 1.20768817E-8
1.50489844E-2 8.66279588E-5 1.23461135E-8
1.52232433E-2 8.7631066E-5 1.26212036E-8
1.53995203E-2 8.86457856E-5 1.29022748E-8
1.55778388E-2 8.96722559E-5 1.31894522E-8
1.5758222E-2 9.0710615E-5 1.34828637E-8
1.59406923E-2 9.17609941E-5 1.37826373E-8
1.61252767E-2 9.28235313E-5 1.40889078E-8
1.63119994E-2 9.38983794E-5 1.44018086E-8
1.65008828E-2 9.49856694E-5 1.47214783E-8
1.66919548E-2 9.60855541E-5 1.50480552E-8
1.68852378E-2 9.71981717E-5 1.53816835E-8
1.70807596E-2 9.8323675E-5 1.57225077E-8
1.72785465E-2 9.94622096E-5 1.60706755E-8
1.74786225E-2 1.00613928E-4 1.64263394E-8
1.76810157E-2 1.01778984E-4 1.67896506E-8
1.7885752E-2 1.02957529E-4 1.7160767E-8
1.80928595E-2 1.04149716E-4 1.75398505E-8
1.83023643E-2 1.05355713E-4 1.79270589E-8
1.8514296E-2 1.06575673E-4 1.8322563E-8
1.87286809E-2 1.07809763E-4 1.87265279E-8
1.89455487E-2 1.09058143E-4 1.91391276E-8
1.91649273E-2 1.1032098E-4 1.95605381E-8
1.93868484E-2 1.11598434E-4 1.99909351E-8
1.96113363E-2 1.12890681E-4 2.04305017E-8
1.98384244E-2 1.14197894E-4 2.08794226E-8
2.00681426E-2 1.15520241E-4 2.13378897E-8
2.03005224E-2 1.16857904E-4 2.18060912E-8
2.05355901E-2 1.18211057E-4 2.22842242E-8
2.0773381E-2 1.19579876E-4 2.27724861E-8
2.10139267E-2 1.20964542E-4 2.32710811E-8
2.12572552E-2 1.22365251E-4 2.37802134E-8
2.15034038E-2 1.23782171E-4 2.43000908E-8
2.17524003E-2 1.25215505E-4 2.48309284E-8
2.20042821E-2 1.26665429E-4 2.53729411E-8
2.22590789E-2 1.28132146E-4 2.59263508E-8
2.2516828E-2 1.29615844E-4 2.64913815E-8
2.27775592E-2 1.31116729E-4 2.70682623E-8
2.30413117E-2 1.32634988E-4 2.76572223E-8
2.33081169E-2 1.34170827E-4 2.82585013E-8
2.35780124E-2 1.35724447E-4 2.88723392E-8
2.38510333E-2 1.37296069E-4 2.94989793E-8
2.41272151E-2 1.3888588E-4 3.0138672E-8
2.44065952E-2 1.40494099E-4 3.07916679E-8
2.46892106E-2 1.42120945E-4 3.1458228E-8
2.49750968E-2 1.43766636E-4 3.21386118E-8
2.52642948E-2 1.45431375E-4 3.28330856E-8
2.55568419E-2 1.47115381E-4 3.3541923E-8
2.58527771E-2 1.48818901E-4 3.42653976E-8
2.61521377E-2 1.50542139E-4 3.50037865E-8
2.64549647E-2 1.52285342E-4 3.5757374E-8
2.6761299E-2 1.54048714E-4 3.65264476E-8
2.70711798E-2 1.55832517E-4 3.73112989E-8
2.738465E-2 1.57636983E-4 3.81122227E-8
2.77017485E-2 1.59462332E-4 3.89295245E-8
2.80225202E-2 1.6130881E-4 3.97635063E-8
2.83470061E-2 1.63176679E-4 4.06144807E-8
2.86752488E-2 1.65066172E-4 4.14827639E-8
2.90072933E-2 1.66977552E-4 4.23686757E-8
2.93431804E-2 1.68911065E-4 4.32725393E-8
2.96829585E-2 1.70866959E-4 4.41946888E-8
3.00266724E-2 1.7284551E-4 4.51354616E-8
3.03743649E-2 1.74846966E-4 4.60951952E-8
3.07260826E-2 1.76871603E-4 4.70742343E-8
3.10818739E-2 1.78919669E-4 4.80729341E-8
3.14417854E-2 1.80991468E-4 4.90916463E-8
3.18058655E-2 1.8308725E-4 5.01307404E-8
3.21741588E-2 1.85207304E-4 5.11905753E-8
3.25467177E-2 1.87351892E-4 5.22715276E-8
3.29235904E-2 1.89521335E-4 5.33739737E-8
3.33048292E-2 1.91715881E-4 5.44982868E-8
3.36904787E-2 1.93935848E-4 5.56448576E-8
3.40805985E-2 1.96181514E-4 5.68140734E-8
3.44752334E-2 1.98453199E-4 5.80063286E-8
3.48744355E-2 2.00751179E-4 5.92220246E-8
3.52782644E-2 2.03075761E-4 6.04615664E-8
3.56867649E-2 2.05427277E-4 6.1725359E-8
3.61000001E-2 2.07806006E-4 6.30138217E-8
3.65180187E-2 2.10212282E-4 6.43273808E-8
3.69408764E-2 2.12646424E-4 6.56664554E-8
3.73686329E-2 2.15108754E-4 6.70314861E-8
3.78013402E-2 2.17599605E-4 6.84228993E-8
3.82390581E-2 2.20119284E-4 6.98411498E-8
3.86818461E-2 2.22668154E-4 7.12866708E-8
3.91297601E-2 2.2524652E-4 7.27599243E-8
3.95828635E-2 2.27854762E-4 7.42613722E-8
4.0041212E-2 2.30493184E-4 7.57914691E-8
4.05048653E-2 2.3316218E-4 7.73506912E-8
4.09738906E-2 2.3586207E-4 7.89395074E-8
4.14483435E-2 2.38593217E-4 8.05583937E-8
4.1928295E-2 2.41356E-4 8.22078334E-8
4.2413801E-2 2.44150782E-4 8.38882954E-8
4.29049283E-2 2.46977899E-4 8.560027E-8
4.34017442E-2 2.49837758E-4 8.73442545E-8
4.39043157E-2 2.52730766E-4 8.91207392E-8
4.44127023E-2 2.55657244E-4 9.09302145E-8
4.49269786E-2 2.58617598E-4 9.27731989E-8
4.5447208E-2 2.61612266E-4 9.46501899E-8
4.59734611E-2 2.64641596E-4 9.65616991E-8
4.65058088E-2 2.67705997E-4 9.85082522E-8
4.70443182E-2 2.70805875E-4 1.00490354E-7
4.75890674E-2 2.73941667E-4 1.02508544E-7
4.81401235E-2 2.77113752E-4 1.04563334E-7
4.8697561E-2 2.80322594E-4 1.06655271E-7
4.92614508E-2 2.83568574E-4 1.08784882E-7
4.98318709E-2 2.86852155E-4 1.10952705E-7
5.04088961E-2 2.90173746E-4 1.13159281E-7
5.09926043E-2 2.93533783E-4 1.15405157E-7
5.15830703E-2 2.96932732E-4 1.17690881E-7
5.21803759E-2 3.00371059E-4 1.20016992E-7
5.27845956E-2 3.038492E-4 1.22384023E-7
5.33958115E-2 3.0736762E-4 1.24792521E-7
5.40141053E-2 3.10926756E-4 1.27243027E-7
5.46395592E-2 3.14527104E-4 1.29736065E-7
5.52722551E-2 3.18169157E-4 1.32272191E-7
5.59122786E-2 3.21853382E-4 1.34851945E-7
5.65597117E-2 3.25580273E-4 1.37475865E-7
5.72146438E-2 3.29350325E-4 1.40144493E-7
5.78771569E-2 3.33164033E-4 1.42858383E-7
5.85473441E-2 3.37021891E-4 1.4561806E-7
5.9225291E-2 3.40924395E-4 1.48424078E-7
5.99110872E-2 3.44872125E-4 1.51276978E-7
6.06048256E-2 3.48865549E-4 1.54177286E-7
6.13065958E-2 3.52905219E-4 1.57125541E-7
6.20164908E-2 3.56991688E-4 1.60122298E-7
6.27346113E-2 3.61125451E-4 1.63168082E-7
6.34610429E-2 3.65307089E-4 1.66263405E-7
6.41958863E-2 3.69537156E-4 1.69408807E-7
6.49392381E-2 3.73816176E-4 1.72604828E-7
6.56912029E-2 3.78144759E-4 1.75851937E-7
6.64518699E-2 3.82523489E-4 1.79150632E-7
6.72213435E-2 3.86952888E-4 1.8250141E-7
6.7999728E-2 3.91433598E-4 1.85904696E-7
6.87871277E-2 3.9596617E-4 1.89360989E-7
6.9583647E-2 4.00551246E-4 1.92870743E-7
7.038939E-2 4.05189407E-4 1.96434385E-7
7.12044612E-2 4.09881293E-4 2.00052369E-7
7.20289722E-2 4.14627488E-4 2.03725108E-7
7.28630275E-2 4.19428659E-4 2.07453041E-7
7.37067387E-2 4.24285419E-4 2.11236554E-7
7.4560225E-2 4.29198408E-4 2.15076042E-7
7.54235908E-2 4.34168294E-4 2.18971905E-7
7.62969553E-2 4.39195719E-4 2.22924513E-7
7.71804303E-2 4.44281352E-4 2.26934205E-7
7.80741349E-2 4.4942589E-4 2.31001351E-7
7.89781958E-2 4.54630004E-4 2.35126265E-7
7.98927173E-2 4.59894363E-4 2.39309259E-7
8.08178335E-2 4.65219695E-4 2.43550659E-7
8.17536563E-2 4.70606697E-4 2.4785075E-7
8.27003196E-2 4.7605607E-4 2.52209702E-7
8.36579427E-2 4.81568539E-4 2.56627743E-7
8.46266598E-2 4.87144833E-4 2.61105072E-7
8.56065899E-2 4.92785708E-4 2.65641745E-7
8.65978673E-2 4.98491863E-4 2.70237962E-7
8.76006261E-2 5.04264142E-4 2.74893779E-7
8.86149928E-2 5.10103244E-4 2.79609253E-7
8.96411017E-2 5.16009983E-4 2.8438447E-7
9.06791016E-2 5.21985115E-4 2.892194E-7
9.1729112E-2 5.28029399E-4 2.94114045E-7
9.27912891E-2 5.34143706E-4 2.99068375E-7
9.38657597E-2 5.40328794E-4 3.04082334E-7
9.49526727E-2 5.46585477E-4 3.0915578E-7
9.60521698E-2 5.52914629E-4 3.14288627E-7
9.71644074E-2 5.59317123E-4 3.19480677E-7
9.82895121E-2 5.65793656E-4 3.2473173E-7
9.94276553E-2 5.72345278E-4 3.30041587E-7
0.100578971 5.78972686E-4 3.35409936E-7
0.101743624 5.85676928E-4 3.40836522E-7
0.102921762 5.92458702E-4 3.46321002E-7
0.104113534 5.99319057E-4 3.51862866E-7
0.105319113 6.06258865E-4 3.57461658E-7
0.106538653 6.13279E-4 3.63116726E-7
0.107772313 6.20380451E-4 3.688275E-7
0.109020256 6.27564092E-4 3.7459327E-7
0.110282652 6.34830969E-4 3.80413354E-7
0.111559667 6.42181956E-4 3.86286985E-7
0.112851463 6.49618043E-4 3.92213281E-7
0.114158221 6.57140277E-4 3.98191446E-7
0.11548011 6.6474959E-4 4.04220515E-7
0.11681731 6.7244703E-4 4.10299521E-7
0.118169986 6.80233643E-4 4.16427412E-7
0.11953833 6.88110362E-4 4.22603108E-7
0.120922521 6.96078292E-4 4.28825501E-7
0.122322738 7.04138482E-4 4.35093369E-7
0.123739168 7.12292036E-4 4.41405433E-7
0.125172004 7.20540003E-4 4.47760414E-7
0.126621425 7.2888349E-4 4.54156918E-7
0.128087625 7.37323542E-4 4.60593526E-7
0.129570812 7.45861325E-4 4.6706873E-7
0.13107118 7.54498004E-4 4.73580826E-7
0.132588908 7.63234682E-4 4.80127994E-7
0.134124219 7.72072526E-4 4.86708359E-7
0.135677308 7.81012699E-4 4.93319988E-7
0.137248367 7.90056423E-4 4.99960777E-7
0.138837636 7.99204805E-4 5.06628623E-7
0.140445292 8.08459183E-4 5.13321368E-7
0.142071575 8.17820721E-4 5.20036735E-7
0.143716693 8.27290583E-4 5.26772453E-7
0.145380855 8.36870167E-4 5.33526077E-7
0.147064283 8.46560695E-4 5.40295105E-7
0.148767203 8.56363389E-4 5.47077036E-7
0.150489852 8.66279588E-4 5.53869199E-7
0.152232438 8.76310689E-4 5.6066898E-7
0.153995201 8.86457856E-4 5.67473535E-7
0.155778378 8.96722544E-4 5.74280079E-7
0.157582209 9.07106092E-4 5.81085658E-7
0.15940693 9.17609897E-4 5.87887314E-7
0.161252782 9.28235357E-4 5.94682035E-7
0.163119987 9.38983809E-4 6.01466638E-7
0.165008828 9.49856709E-4 6.08237769E-7
0.166919544 9.60855512E-4 6.14991734E-7
0.168852389 9.71981732E-4 6.21725007E-7
0.1708076 9.83236707E-4 6.28433725E-7
0.172785461 9.94622125E-4 6.35114134E-7
0.174786225 1.00613921E-3 6.41762369E-7
0.176810145 1.01778982E-3 6.4837451E-7
0.17885752 1.02957524E-3 6.54946462E-7
0.180928588 1.04149722E-3 6.61474132E-7
0.183023646 1.05355715E-3 6.67953429E-7
0.185142964 1.06575678E-3 6.74380146E-7
0.187286809 1.07809762E-3 6.8075002E-7
0.189455494 1.09058141E-3 6.87058673E-7
0.191649288 1.1032098E-3 6.93301843E-7
0.193868473 1.11598428E-3 6.99475095E-7
0.196113363 1.12890685E-3 7.05573882E-7
0.198384255 1.14197889E-3 7.11593884E-7
0.200681433 1.15520239E-3 7.1753044E-7
0.20300521 1.1685791E-3 7.2337906E-7
0.205355912 1.18211051E-3 7.29135195E-7
0.20773381 1.19579874E-3 7.34793787E-7
0.21013926 1.20964542E-3 7.40349833E-7
0.21257256 1.22365251E-3 7.45798161E-7
0.215034038 1.23782177E-3 7.51133712E-7
0.217524007 1.25215505E-3 7.56351312E-7
0.22004281 1.26665423E-3 7.61445847E-7
0.222590789 1.2813214E-3 7.66412143E-7
0.225168273 1.29615841E-3 7.71245141E-7
0.227775604 1.31116726E-3 7.75939668E-7
0.230413109 1.32634991E-3 7.80490666E-7
0.233081177 1.34170824E-3 7.84893132E-7
0.23578012 1.35724456E-3 7.8914195E-7
0.238510326 1.37296063E-3 7.93232232E-7
0.241272151 1.38885877E-3 7.97159089E-7
0.244065955 1.40494108E-3 8.0091769E-7
0.246892095 1.42120942E-3 8.04503202E-7
0.249750972 1.43766636E-3 8.07910965E-7
0.252642959 1.45431375E-3 8.11136431E-7
0.255568415 1.47115381E-3 8.14174996E-7
0.258527756 1.48818898E-3 8.17022283E-7
0.261521369 1.50542147E-3 8.1967363E-7
0.264549643 1.52285339E-3 8.22124264E-7
0.267612994 1.54048717E-3 8.24369579E-7
0.270711809 1.55832525E-3 8.26405198E-7
0.273846507 1.57636974E-3 8.28226746E-7
0.277017504 1.59462332E-3 8.29830128E-7
0.280225217 1.61308818E-3 8.3121131E-7
0.283470064 1.63176679E-3 8.32366538E-7
0.286752492 1.65066181E-3 8.33292177E-7
0.290072918 1.66977558E-3 8.3398487E-7
0.293431818 1.68911065E-3 8.34441323E-7
0.296829581 1.70866959E-3 8.34658692E-7
0.300266713 1.72845507E-3 8.34634136E-7
0.303743631 1.74846966E-3 8.34365096E-7
0.307260841 1.76871591E-3 8.33849413E-7
0.310818732 1.78919674E-3 8.33084982E-7
0.314417839 1.8099146E-3 8.32070043E-7
0.31805864 1.8308725E-3 8.30803174E-7
0.321741581 1.85207301E-3 8.29283067E-7
0.325467169 1.87351892E-3 8.27508813E-7
0.329235911 1.89521327E-3 8.2547939E-7
0.333048284 1.91715884E-3 8.23194E-7
0.336904794 1.93935854E-3 8.20652076E-7
0.340805978 1.96181517E-3 8.17853447E-7
0.344752312 1.98453199E-3 8.14798227E-7
0.348744363 2.00751168E-3 8.11486984E-7
0.352782637 2.03075772E-3 8.07920458E-7
0.356867671 2.05427269E-3 8.04099784E-7
0.361000001 2.07806006E-3 8.00026442E-7
0.365180165 2.10212287E-3 7.95702363E-7
0.369408756 2.12646439E-3 7.91129651E-7
0.373686314 2.15108762E-3 7.86310807E-7
0.378013402 2.17599608E-3 7.81248843E-7
0.382390589 2.20119278E-3 7.75946887E-7
0.386818469 2.22668145E-3 7.70408519E-7
0.391297609 2.25246535E-3 7.64637662E-7
0.395828635 2.2785475E-3 7.58638521E-7
0.400412112 2.30493187E-3 7.52415758E-7
0.405048668 2.33162171E-3 7.45974262E-7
0.409738898 2.35862075E-3 7.39319148E-7
0.414483458 2.38593225E-3 7.32455931E-7
0.419282943 2.41355994E-3 7.25390066E-7
0.42413801 2.44150776E-3 7.18127637E-7
0.429049283 2.46977899E-3 7.10674897E-7
0.43401745 2.49837781E-3 7.03038324E-7
0.439043134 2.52730749E-3 6.95224912E-7
0.444127023 2.55657244E-3 6.87241709E-7
0.449269772 2.58617615E-3 6.79096161E-7
0.454472065 2.6161226E-3 6.70795941E-7
0.459734619 2.64641596E-3 6.62348953E-7
0.465058088 2.67705997E-3 6.53763323E-7
0.470443189 2.7080588E-3 6.45047294E-7
0.475890666 2.73941667E-3 6.3620945E-7
0.481401235 2.77113752E-3 6.27258487E-7
0.48697558 2.803226E-3 6.1820316E-7
0.492614508 2.83568562E-3 6.09052393E-7
0.498318702 2.86852149E-3 5.99815337E-7
0.504088998 2.90173735E-3 5.90501088E-7
0.509926021 2.93533783E-3 5.81118854E-7
0.515830696 2.96932738E-3 5.71677901E-7
0.521803737 3.00371065E-3 5.62187438E-7
0.527845979 3.03849205E-3 5.52656729E-7
0.533958137 3.07367602E-3 5.43095098E-7
0.540141046 3.10926745E-3 5.33511809E-7
0.5463956 3.14527121E-3 5.23916071E-7
0.552722573 3.18169175E-3 5.14317151E-7
0.559122801 3.21853394E-3 5.04724085E-7
0.565597117 3.25580291E-3 4.95145912E-7
0.572146416 3.29350331E-3 4.85591556E-7
0.578771591 3.33164027E-3 4.76069715E-7
0.585473418 3.37021868E-3 4.66589E-7
0.59225291 3.40924412E-3 4.57157796E-7
0.599110842 3.44872125E-3 4.47784316E-7
0.606048226 3.48865567E-3 4.38476519E-7
0.613065958 3.52905225E-3 4.29242107E-7
0.620164931 3.56991682E-3 4.20088611E-7
0.627346098 3.61125451E-3 4.11023137E-7
0.634610415 3.65307089E-3 4.02052621E-7
0.641958833 3.69537133E-3 3.93183655E-7
0.649392366 3.73816187E-3 3.84422492E-7
0.656912029 3.78144765E-3 3.75774988E-7
0.664518654 3.82523471E-3 3.67246656E-7
0.672213435 3.86952888E-3 3.58842726E-7
0.679997325 3.91433574E-3 3.5056803E-7
0.687871337 3.95966182E-3 3.42427171E-7
0.695836484 4.00551269E-3 3.34424328E-7
0.7038939 4.05189442E-3 3.26563395E-7
0.712044597 4.09881305E-3 3.18847867E-7
0.720289707 4.14627511E-3 3.11280928E-7
0.728630245 4.19428665E-3 3.03865392E-7
0.737067401 4.24285419E-3 2.96603673E-7
0.74560225 4.29198379E-3 2.89497876E-7
0.754235864 4.34168288E-3 2.82549763E-7
0.762969553 4.39195707E-3 2.75760698E-7
0.771804333 4.44281381E-3 2.69131732E-7
0.780741394 4.49425913E-3 2.62663576E-7
0.789781928 4.54630004E-3 2.56356572E-7
0.798927188 4.59894352E-3 2.50210775E-7
0.808178306 4.65219701E-3 2.4422593E-7
0.817536592 4.70606703E-3 2.38401441E-7
0.827003181 4.76056058E-3 2.32736184E-7
0.836579442 4.8156851E-3 2.27228739E-7
0.846266568 4.8714485E-3 2.21877457E-7
0.856065869 4.92785685E-3 2.16680462E-7
0.865978658 4.98491898E-3 2.11635708E-7
0.876006246 5.04264142E-3 2.06740893E-7
0.886149883 5.10103256E-3 2.01993586E-7
0.896411061 5.16009983E-3 1.97391174E-7
0.906790972 5.21985069E-3 1.9293087E-7
0.917291105 5.28029399E-3 1.88609775E-7
0.927912891 5.34143671E-3 1.84424835E-7
0.938657582 5.40328771E-3 1.80372908E-7
0.949526727 5.46585489E-3 1.76450712E-7
0.960521758 5.52914664E-3 1.72654921E-7
0.971644044 5.59317088E-3 1.68982112E-7
0.982895136 5.65793691E-3 1.6542883E-7
0.994276524 5.72345266E-3 1.61991537E-7
1.00578976 5.78972697E-3 1.58666694E-7
1.01743627 5.85676916E-3 1.55450721E-7
1.0292176 5.92458714E-3 1.52340021E-7
1.04113531 5.99319069E-3 1.49330845E-7
1.05319118 6.06258865E-3 1.46419396E-7
1.06538653 6.13278989E-3 1.43601923E-7
1.07772315 6.20380417E-3 1.40874747E-7
1.09020257 6.27564127E-3 1.38234242E-7
1.10282648 6.34830957E-3 1.35676885E-7
1.11559665 6.42181933E-3 1.3319918E-7
1.12851465 6.49618078E-3 1.30797758E-7
1.14158225 6.57140277E-3 1.28469338E-7
1.15480113 6.64749602E-3 1.26210708E-7
1.16817307 6.72447076E-3 1.24018783E-7
1.18169987 6.80233631E-3 1.21890551E-7
1.19538331 6.88110339E-3 1.19823113E-7
1.20922518 6.96078315E-3 1.17813691E-7
1.22322738 7.04138493E-3 1.15859606E-7
1.23739171 7.12292036E-3 1.13958286E-7
1.25172007 7.20540015E-3 1.12107259E-7
1.26621425 7.28883455E-3 1.10304178E-7
1.28087628 7.37323519E-3 1.085468E-7
1.29570818 7.45861325E-3 1.06832978E-7
1.31071174 7.54497992E-3 1.05160623E-7
1.32588911 7.63234682E-3 1.03527725E-7
1.34124219 7.72072515E-3 1.01932386E-7
1.35677302 7.81012699E-3 1.0037283E-7
1.37248373 7.900564E-3 9.88473658E-8
1.38837636 7.99204782E-3 9.7354409E-8
1.40445292 8.08459148E-3 9.58924673E-8
1.42071581 8.17820709E-3 9.44601481E-8
1.43716681 8.27290583E-3 9.30561299E-8
1.45380843 8.36870167E-3 9.16791905E-8
1.47064281 8.46560672E-3 9.03281787E-8
1.48767197 8.56363401E-3 8.9002036E-8
1.50489843 8.66279658E-3 8.76997532E-8
1.52232432 8.76310654E-3 8.64203926E-8
1.53995204 8.86457879E-3 8.51630944E-8
1.55778384 8.96722544E-3 8.39270484E-8
1.57582211 9.07106139E-3 8.27115088E-8
1.59406924 9.17609874E-3 8.15157648E-8
1.61252773 9.28235333E-3 8.03391771E-8
1.63119996 9.3898382E-3 7.91811416E-8
1.65008831 9.49856732E-3 7.80410829E-8
1.66919541 9.60855559E-3 7.69184823E-8
1.68852389 9.71981697E-3 7.58128493E-8
1.708076 9.8323673E-3 7.47237223E-8
1.72785461 9.94622055E-3 7.3650682E-8
1.74786222 1.00613926E-2 7.25933234E-8
1.76810145 1.01778982E-2 7.15512769E-8
1.78857517 1.02957524E-2 7.05242087E-8
1.80928588 1.0414972E-2 6.95117777E-8
1.83023643 1.05355717E-2 6.85136925E-8
1.85142958 1.06575675E-2 6.75296548E-8
1.87286806 1.07809762E-2 6.65594087E-8
1.89455485 1.09058144E-2 6.56026842E-8
1.91649282 1.1032098E-2 6.46592468E-8
1.9386847 1.11598428E-2 6.37288693E-8
1.96113372 1.12890685E-2 6.28113312E-8
1.98384249 1.14197899E-2 6.19064267E-8
2.00681424 1.15520246E-2 6.10139494E-8
2.03005219 1.16857905E-2 6.01337149E-8
2.05355906 1.18211051E-2 5.92655347E-8
2.07733822 1.19579872E-2 5.84092312E-8
2.10139251 1.20964544E-2 5.75646268E-8
2.12572551 1.22365244E-2 5.67315652E-8
2.15034032 1.23782167E-2 5.59098723E-8
2.17524004 1.25215501E-2 5.50993953E-8
2.20042825 1.2666543E-2 5.42999814E-8
2.22590804 1.28132142E-2 5.35114779E-8
2.25168276 1.29615841E-2 5.27337392E-8
2.27775598 1.31116724E-2 5.19666195E-8
2.30413127 1.32634984E-2 5.12099803E-8
2.33081174 1.34170828E-2 5.0463683E-8
2.3578012 1.35724451E-2 4.97275892E-8
2.38510323 1.37296068E-2 4.90015637E-8
2.4127214 1.38885882E-2 4.82854823E-8
2.44065952 1.40494099E-2 4.75792099E-8
2.46892095 1.42120952E-2 4.68826222E-8
2.49750972 1.43766627E-2 4.61955914E-8
2.52642965 1.45431366E-2 4.55179965E-8
2.55568433 1.47115383E-2 4.48497097E-8
2.58527756 1.48818903E-2 4.41906174E-8
2.61521387 1.50542147E-2 4.35405987E-8
2.64549661 1.52285341E-2 4.28995293E-8
2.67612982 1.54048717E-2 4.2267299E-8
2.70711803 1.55832525E-2 4.16437906E-8
2.73846507 1.57636981E-2 4.10288905E-8
2.77017498 1.59462318E-2 4.04224849E-8
2.80225205 1.61308814E-2 3.98244637E-8
2.83470058 1.63176674E-2 3.92347204E-8
2.86752486 1.65066179E-2 3.86531411E-8
2.90072918 1.66977551E-2 3.8079623E-8
2.93431807 1.6891107E-2 3.75140594E-8
2.96829581 1.70866959E-2 3.69563509E-8
3.00266719 1.72845516E-2 3.64063872E-8
3.03743649 1.74846966E-2 3.58640726E-8
3.07260823 1.76871605E-2 3.53293039E-8
3.10818744 1.78919677E-2 3.48019853E-8
3.14417863 1.8099146E-2 3.42820172E-8
3.18058634 1.83087252E-2 3.37693038E-8
3.21741581 1.85207296E-2 3.32637526E-8
3.25467181 1.8735189E-2 3.27652643E-8
3.29235911 1.89521331E-2 3.22737499E-8
3.33048272 1.91715881E-2 3.17891171E-8
3.36904788 1.93935856E-2 3.13112771E-8
3.4080596 1.96181517E-2 3.08401376E-8
3.44752312 1.98453199E-2 3.03756167E-8
3.48744369 2.00751182E-2 2.99176222E-8
3.52782631 2.03075763E-2 2.94660705E-8
3.56867671 2.05427278E-2 2.90208781E-8
3.6099999 2.07806006E-2 2.85819599E-8
3.65180182 2.10212283E-2 2.81492341E-8
3.69408774 2.12646425E-2 2.77226189E-8
3.73686314 2.15108767E-2 2.73020344E-8
3.78013396 2.17599608E-2 2.68874008E-8
3.82390594 2.20119283E-2 2.64786379E-8
3.86818457 2.22668145E-2 2.60756696E-8
3.91297603 2.2524653E-2 2.56784194E-8
3.95828629 2.27854755E-2 2.52868126E-8
4.00412083 2.30493192E-2 2.4900773E-8
4.05048656 2.33162176E-2 2.45202258E-8
4.09738922 2.35862061E-2 2.41451019E-8
4.14483452 2.38593221E-2 2.37753266E-8
4.19282961 2.41355989E-2 2.34108324E-8
4.24138021 2.44150776E-2 2.305155E-8
4.29049301 2.46977899E-2 2.26974119E-8
4.34017467 2.49837767E-2 2.23483489E-8
4.3904314 2.52730753E-2 2.20042971E-8
4.44127035 2.55657248E-2 2.16651888E-8
4.49269772 2.58617606E-2 2.13309583E-8
4.54472065 2.61612255E-2 2.10015454E-8
4.59734583 2.64641587E-2 2.06768824E-8
4.65058088 2.67705992E-2 2.03569073E-8
4.70443201 2.7080588E-2 2.00415613E-8
4.75890684 2.73941662E-2 1.97307788E-8
4.81401253 2.77113765E-2 1.94245011E-8
4.86975574 2.80322582E-2 1.91226697E-8
4.92614508 2.83568576E-2 1.88252223E-8
4.9831872 2.8685214E-2 1.85321039E-8
5.04088974 2.90173739E-2 1.8243254E-8
5.09926033 2.93533783E-2 1.79586177E-8
5.15830708 2.96932738E-2 1.76781363E-8
5.21803761 3.00371069E-2 1.74017565E-8
5.27845955 3.03849205E-2 1.7129425E-8
5.33958101 3.07367612E-2 1.68610885E-8
5.40141058 3.10926754E-2 1.6596692E-8
5.46395588 3.14527117E-2 1.63361857E-8
5.52722549 3.18169184E-2 1.60795182E-8
5.59122801 3.21853384E-2 1.5826636E-8
5.65597105 3.25580277E-2 1.55774913E-8
5.72146416 3.29350308E-2 1.53320325E-8
5.78771591 3.33164036E-2 1.50902117E-8
5.85473442 3.37021872E-2 1.48519792E-8
5.92252922 3.40924412E-2 1.46172869E-8
5.99110842 3.44872139E-2 1.4386087E-8
6.0604825 3.48865576E-2 1.41583332E-8
6.13065958 3.52905244E-2 1.39339775E-8
6.20164919 3.56991664E-2 1.37129748E-8
6.27346087 3.61125432E-2 1.34952796E-8
6.34610415 3.6530707E-2 1.32808458E-8
6.41958857 3.69537137E-2 1.30696307E-8
6.49392414 3.73816192E-2 1.28615882E-8
6.56911993 3.78144756E-2 1.26566775E-8
6.6451869 3.82523462E-2 1.2454854E-8
6.72213459 3.86952907E-2 1.2256077E-8
6.79997301 3.91433612E-2 1.20603048E-8
6.87871313 3.95966172E-2 1.18674954E-8
6.95836496 4.0055126E-2 1.167761E-8
7.038939 4.05189432E-2 1.14906067E-8
7.12044621 4.09881286E-2 1.13064464E-8
7.20289707 4.14627492E-2 1.11250902E-8
7.28630257 4.19428647E-2 1.09464988E-8
7.37067366 4.24285419E-2 1.07706351E-8
7.45602226 4.29198407E-2 1.05974589E-8
7.54235888 4.34168279E-2 1.0426934E-8
7.62969542 4.39195707E-2 1.02590239E-8
7.71804285 4.44281362E-2 1.00936912E-8
7.80741358 4.49425913E-2 9.93090055E-9
7.89781952 4.54629995E-2 9.77061454E-9
7.98927164 4.59894389E-2 9.61279945E-9
8.08178329 4.65219691E-2 9.45742062E-9
8.17536545 4.70606685E-2 9.30444166E-9
8.27003193 4.76056039E-2 9.15383058E-9
8.36579418 4.81568538E-2 9.00555186E-9
8.46266556 4.87144813E-2 8.85957352E-9
8.56065941 4.92785685E-2 8.71586181E-9
8.65978718 4.98491898E-2 8.57438476E-9
8.76006222 5.04264161E-2 8.4351095E-9
8.86149883 5.10103256E-2 8.29800495E-9
8.96411037 5.16009964E-2 8.16303913E-9
9.06791019 5.21985069E-2 8.03018185E-9
9.17291164 5.2802939E-2 7.89940202E-9
9.27912903 5.34143671E-2 7.77067033E-9
9.3865757 5.40328771E-2 7.64395658E-9
9.49526691 5.4658547E-2 7.51923057E-9
9.60521698 5.52914664E-2 7.39646389E-9
9.7164402 5.59317097E-2 7.2756281E-9
9.82895184 5.65793701E-2 7.15669479E-9
9.94276524 5.72345257E-2 7.03963599E-9
10.0578976 5.78972697E-2 6.92442415E-9
10.1743622 5.85676916E-2 6.81103218E-9
10.2921762 5.92458732E-2 6.69943301E-9
10.4113531 5.99319078E-2 6.58959953E-9
10.5319109 6.06258847E-2 6.481506E-9
10.6538649 6.13279007E-2 6.37512576E-9
10.7772312 6.20380454E-2 6.27043262E-9
10.9020252 6.27564117E-2 6.16740214E-9
11.028265 6.34830967E-2 6.06600814E-9
11.1559668 6.42181933E-2 5.96622707E-9
11.2851467 6.49618059E-2 5.86803317E-9
11.415822 6.57140315E-2 5.7714038E-9
11.5480108 6.64749593E-2 5.67631409E-9
11.6817312 6.72447085E-2 5.58274094E-9
11.8169985 6.80233613E-2 5.4906617E-9
11.9538336 6.88110366E-2 5.40005374E-9
12.0922518 6.96078315E-2 5.31089395E-9
12.2322741 7.04138502E-2 5.22316057E-9
12.3739166 7.12292045E-2 5.13683185E-9
12.5172005 7.20539987E-2 5.05188691E-9
12.6621428 7.28883445E-2 4.96830355E-9
12.8087635 7.37323537E-2 4.88606178E-9
12.9570818 7.45861307E-2 4.80514029E-9
13.1071177 7.5449802E-2 4.72551909E-9
13.2588911 7.63234645E-2 4.64717731E-9
13.4124212 7.72072524E-2 4.57009541E-9
13.5677299 7.81012699E-2 4.49425341E-9
13.7248373 7.90056437E-2 4.41963133E-9
13.8837633 7.99204856E-2 4.34621095E-9
14.0445299 8.08459148E-2 4.27397273E-9
14.2071571 8.17820728E-2 4.20289803E-9
14.3716688 8.27290639E-2 4.13296908E-9
14.538085 8.36870149E-2 4.06416767E-9
14.7064276 8.46560672E-2 3.99647604E-9
14.8767204 8.56363401E-2 3.92987687E-9
15.0489845 8.66279602E-2 3.86435239E-9
15.2232437 8.76310691E-2 3.79988663E-9
15.3995209 8.8645786E-2 3.73646225E-9
15.5778389 8.96722525E-2 3.67406283E-9
15.7582216 9.07106102E-2 3.61267283E-9
15.9406929 9.1760993E-2 3.55227581E-9
16.1252766 9.28235352E-2 3.49285623E-9
16.3120003 9.38983783E-2 3.43439877E-9
16.5008831 9.49856713E-2 3.3768881E-9
16.6919556 9.60855559E-2 3.32030869E-9
16.8852386 9.71981734E-2 3.26464566E-9
17.080761 9.8323673E-2 3.20988436E-9
17.2785454 9.94622111E-2 3.15601012E-9
17.4786224 0.100613929 3.10300852E-9
17.681015 0.101778984 3.050866E-9
17.8857517 0.102957524 2.99956837E-9
18.0928593 0.104149714 2.94910207E-9
18.3023643 0.105355717 2.89945401E-9
18.5142956 0.106575675 2.85061086E-9
18.7286816 0.107809767 2.80255952E-9
18.945549 0.109058142 2.75528778E-9
19.1649284 0.110320978 2.70878275E-9
19.3868484 0.111598432 2.66303224E-9
19.6113358 0.112890683 2.61802424E-9
19.8384247 0.114197895 2.57374655E-9
20.0681438 0.115520246 2.53018806E-9
20.3005219 0.116857901 2.48733678E-9
20.5355911 0.118211053 2.44518139E-9
20.7733822 0.119579874 2.40371101E-9
21.0139256 0.120964542 2.36291386E-9
21.2572556 0.122365251 2.32277952E-9
21.5034027 0.123782173 2.28329688E-9
21.7524014 0.125215501 2.24445529E-9
22.004282 0.126665428 2.2062443E-9
22.259079 0.12813215 2.16865392E-9
22.5168266 0.129615843 2.13167395E-9
22.7775593 0.131116733 2.09529438E-9
23.0413113 0.132634982 2.05950568E-9
23.3081169 0.13417083 2.02429806E-9
23.5780125 0.135724455 1.98966243E-9
23.8510323 0.137296066 1.95558925E-9
24.1272144 0.138885885 1.92206961E-9
24.4065952 0.140494108 1.88909466E-9
24.6892109 0.142120942 1.8566555E-9
24.9750977 0.143766627 1.82474347E-9
25.2642956 0.14543137 1.79335025E-9
25.5568428 0.14711538 1.76246739E-9
25.8527775 0.148818895 1.7320867E-9
26.1521378 0.15054214 1.70220005E-9
26.4549656 0.152285337 1.67279934E-9
26.7612991 0.154048726 1.64387659E-9
27.0711803 0.155832514 1.61542402E-9
27.3846493 0.15763697 1.58743407E-9
27.7017498 0.159462333 1.55989899E-9
28.0225201 0.16130881 1.53281154E-9
28.3470058 0.163176686 1.50616442E-9
28.6752491 0.165066183 1.47995061E-9
29.0072918 0.166977555 1.4541629E-9
29.3431816 0.16891107 1.42879453E-9
29.6829586 0.170866966 1.40383882E-9
30.0266724 0.172845513 1.37928902E-9
30.3743649 0.174846962 1.35513856E-9
30.7260818 0.176871598 1.33138112E-9
31.0818748 0.178919673 1.30801026E-9
31.4417858 0.180991471 1.28502009E-9
31.8058643 0.183087245 1.26240418E-9
32.17416 0.185207292 1.24015676E-9
32.5467186 0.187351897 1.21827193E-9
32.9235916 0.189521328 1.1967437E-9
33.3048286 0.191715881 1.17556631E-9
33.6904793 0.193935856 1.15473409E-9
34.0805969 0.196181521 1.13424137E-9
34.4752312 0.198453188 1.11408271E-9
34.8744354 0.200751171 1.09425258E-9
35.2782631 0.203075767 1.07474585E-9
35.6867676 0.205427274 1.05555709E-9
36.0999985 0.207806006 1.03668141E-9
36.5180168 0.21021229 1.0181137E-9
36.940876 0.212646425 9.99848981E-10
37.3686333 0.215108752 9.81882464E-10
37.8013382 0.217599601 9.64209379E-10
38.2390594 0.220119283 9.46825063E-10
38.6818466 0.222668141 9.29724964E-10
39.1297607 0.225246519 9.12904474E-10
39.5828629 0.227854759 8.96359209E-10
40.0412102 0.230493188 8.80084838E-10
40.5048637 0.23316218 8.64077032E-10
40.9738884 0.235862061 8.48331683E-10
41.4483452 0.238593221 8.3284446E-10
41.9282951 0.241356 8.17611201E-10
42.4137993 0.244150773 8.02627798E-10
42.9049301 0.246977895 7.87890253E-10
43.4017448 0.249837771 7.73394571E-10
43.9043121 0.252730757 7.5913692E-10
44.4127007 0.255657226 7.45113415E-10
44.9269753 0.25861761 7.31320449E-10
45.4472084 0.261612266 7.17754189E-10
45.9734612 0.264641583 7.04411141E-10
46.5058098 0.267706007 6.91287749E-10
47.0443192 0.270805895 6.78380574E-10
47.5890694 0.273941666 6.65686173E-10
48.1401215 0.277113765 6.5320116E-10
48.6975594 0.280322582 6.40922371E-10
49.2614517 0.283568561 6.28846475E-10
49.831871 0.286852151 6.16970364E-10
50.4088974 0.290173739 6.05290928E-10
50.9926033 0.293533772 5.93805061E-10
51.5830727 0.296932757 5.82509818E-10
52.1803741 0.300371081 5.71402037E-10
52.7845955 0.30384919 5.6047883E-10
53.395813 0.307367593 5.497372E-10
54.0141068 0.310926765 5.39174205E-10
54.6395607 0.314527124 5.28787014E-10
55.2722549 0.318169177 5.18572851E-10
55.9122772 0.321853399 5.08528941E-10
56.5597115 0.325580269 4.98652619E-10
57.2146416 0.329350322 4.88941276E-10
57.8771591 0.333164036 4.79392304E-10
58.5473442 0.337021887 4.70003203E-10
59.2252884 0.340924412 4.60771421E-10
59.911087 0.344872117 4.51694571E-10
60.6048241 0.348865569 4.42770237E-10
61.3065948 0.352905244 4.33996089E-10
62.0164909 0.356991678 4.25369795E-10
62.7346077 0.361125439 4.16889107E-10
63.4610405 0.365307093 4.08551803E-10
64.1958847 0.369537145 4.00355665E-10
64.9392395 0.373816192 3.92298583E-10
65.6912003 0.378144771 3.84378335E-10
66.4518661 0.382523477 3.76592729E-10
67.221344 0.386952877 3.68939629E-10
67.999733 0.391433597 3.61416924E-10
68.7871323 0.395966172 3.54022589E-10
69.5836487 0.40055126 3.4675457E-10
70.389389 0.405189425 3.39610923E-10
71.2044601 0.409881294 3.32589706E-10
72.0289688 0.414627492 3.25689059E-10
72.8630219 0.419428647 3.18907067E-10
73.7067413 0.424285412 3.12241927E-10
74.5602188 0.429198414 3.05691861E-10
75.4235916 0.434168279 2.99255148E-10
76.2969513 0.439195722 2.92930014E-10
77.1804276 0.444281369 2.86714819E-10
78.0741348 0.449425906 2.80607898E-10
78.9781952 0.454630017 2.74607587E-10
79.8927155 0.459894359 2.68712358E-10
80.8178329 0.465219706 2.62920602E-10
81.7536621 0.470606685 2.57230764E-10
82.7003174 0.476056069 2.51641291E-10
83.6579437 0.481568515 2.46150544E-10
84.6266556 0.487144828 2.40756998E-10
85.6065903 0.492785692 2.35459124E-10
86.5978699 0.498491883 2.30255454E-10
87.6006241 0.504264176 2.251445E-10
88.6149902 0.510103285 2.20124849E-10
89.6411057 0.516009986 2.15195098E-10
90.6791 0.521985114 2.10353887E-10
91.7291107 0.528029382 2.05599884E-10
92.7912827 0.534143686 2.00931743E-10
93.8657608 0.540328801 1.96348215E-10
94.9526749 0.5465855 1.9184801E-10
96.0521698 0.552914619 1.87429905E-10
97.1644058 0.559317112 1.83092666E-10
98.2895126 0.565793693 1.78835113E-10
99.4276581 0.572345257 1.74656081E-10
100.578972 0.578972697 1.70554404E-10
101.743622 0.585676908 1.66528943E-10
102.921761 0.592458725 1.62578617E-10
104.113533 0.599319041 1.58702218E-10
105.319115 0.606258869 1.54898622E-10
106.538651 0.613278985 1.51166663E-10
107.772308 0.620380461 1.4750523E-10
109.020256 0.627564132 1.43913242E-10
110.282654 0.634830952 1.40389644E-10
111.559662 0.642181933 1.36933381E-10
112.851463 0.649618089 1.3354344E-10
114.158218 0.657140315 1.30218808E-10
115.48011 0.664749622 1.26958527E-10
116.817307 0.672447026 1.23761626E-10
118.169991 0.680233598 1.20627175E-10
119.53833 0.688110352 1.17554216E-10
120.922523 0.6960783 1.14541883E-10
122.322739 0.704138517 1.11589259E-10
123.739166 0.712292075 1.08695476E-10
125.172005 0.720539987 1.05859675E-10
126.621422 0.728883445 1.03081009E-10
128.087631 0.737323523 1.00358638E-10
129.570816 0.745861351 9.76917366E-11
131.071182 0.754498005 9.50794513E-11
132.588913 0.763234675 9.25209007E-11
134.124222 0.772072494 9.00152453E-11
135.677307 0.781012714 8.75616524E-11
137.248367 0.790056407 8.51593032E-11
138.837631 0.799204826 8.28074206E-11
140.445297 0.808459163 8.05052067E-11
142.071579 0.817820668 7.8251905E-11
143.71669 0.827290595 7.60467661E-11
145.380844 0.836870193 7.38890546E-11
147.064285 0.846560657 7.17780488E-11
148.767197 0.856363416 6.9713034E-11
150.489838 0.866279602 6.76933162E-11
152.232437 0.876310647 6.57182017E-11
153.995209 0.88645786 6.37870173E-11
155.778381 0.896722555 6.18991039E-11
157.582214 0.907106102 6.00537883E-11
159.406937 0.91760993 5.82504323E-11
161.252777 0.928235352 5.64883938E-11
163.119995 0.938983798 5.47670312E-11
165.008835 0.949856699 5.30856817E-11
166.91954 0.960855544 5.14436757E-11
168.852386 0.971981704 4.98403575E-11
170.807602 0.98323673 4.82750853E-11
172.785461 0.994622052 4.67472241E-11
174.786224 1.00613928 4.52561599E-11
176.81015 1.01778984 4.38012786E-11
178.857513 1.02957523 4.23819868E-11
180.928589 1.04149723 4.09976914E-11
183.023636 1.05355716 3.96478128E-11
185.14296 1.0657568 3.83317822E-11
187.286804 1.07809758 3.70490305E-11
189.45549 1.09058142 3.57990061E-11
191.649277 1.10320973 3.45811539E-11
193.868469 1.11598432 3.33949361E-11
196.113373 1.12890685 3.2239815E-11
198.384247 1.14197898 3.11152562E-11
200.681427 1.15520239 3.00207359E-11
203.005219 1.1685791 2.89557319E-11
205.355911 1.18211055 2.79197273E-11
207.73381 1.19579875 2.69121826E-11
210.139252 1.20964539 2.59325564E-11
212.572556 1.22365248 2.49803199E-11
215.034027 1.2378217 2.40549507E-11
217.524002 1.25215507 2.31559338E-11
220.042816 1.26665425 2.22827642E-11
222.59079 1.28132141 2.14349406E-11
225.168274 1.29615843 2.06119739E-11
227.775604 1.31116724 1.98133766E-11
230.413116 1.32634985 1.90386682E-11
233.081177 1.3417083 1.82873751E-11
235.780121 1.35724449 1.75590271E-11
238.51033 1.37296069 1.6853163E-11
241.272156 1.3888588 1.61693211E-11
244.065948 1.40494108 1.5507047E-11
246.892105 1.42120945 1.48658932E-11
249.750977 1.4376663 1.42454104E-11
252.64296 1.45431376 1.36451588E-11
255.56842 1.47115386 1.30647004E-11
258.527771 1.48818898 1.2503598E-11
261.521393 1.5054214 1.19614076E-11
264.549652 1.52285337 1.14376841E-11
267.613007 1.54048717 1.09319897E-11
270.711792 1.55832517 1.04438931E-11
273.846497 1.57636976 9.97297123E-12
277.017487 1.59462321 9.51880415E-12
280.22522 1.61308813 9.08097989E-12
283.470062 1.6317668 8.65909167E-12
286.752502 1.65066183 8.25273877E-12
290.072937 1.66977549 7.86152306E-12
293.431824 1.68911064 7.48505511E-12
296.82959 1.70866966 7.12294893E-12
300.266724 1.72845507 6.77482246E-12
303.743652 1.74846959 6.44029968E-12
307.260834 1.76871598 6.11900981E-12
310.818726 1.78919673 5.81058509E-12
314.417847 1.80991471 5.51466425E-12
318.058624 1.83087254 5.23088951E-12
321.741577 1.85207295 4.95890828E-12
325.467163 1.87351894 4.6983719E-12
329.235901 1.89521325 4.44893037E-12
333.048279 1.91715884 4.21023763E-12
336.904785 1.93935847 3.98195366E-12
340.805969 1.96181524 3.76374583E-12
344.752319 1.984532 3.55528757E-12
348.744354 2.00751185 3.35625841E-12
352.782623 2.03075767 3.16634392E-12
356.867676 2.05427265 2.98523662E-12
361 2.07806015 2.81263381E-12
365.180176 2.10212278 2.6482397E-12
369.408752 2.12646437 2.49176417E-12
373.68631 2.15108752 2.34292273E-12
378.013397 2.17599607 2.20143673E-12
382.390594 2.20119286 2.06703383E-12
386.818451 2.22668147 1.93944687E-12
391.297607 2.25246525 1.81841521E-12
395.828613 2.27854753 1.70368353E-12
400.412109 2.30493188 1.59500234E-12
405.048645 2.33162165 1.49212825E-12
409.738892 2.35862064 1.39482317E-12
414.483459 2.38593221 1.3028529E-12
419.282928 2.41355991 1.21598868E-12
424.138 2.44150758 1.13400847E-12
429.049286 2.46977901 1.05669694E-12
434.017456 2.4983778 9.83845058E-13
439.043152 2.52730751 9.15249972E-13
444.127014 2.55657244 8.5071544E-13
449.269775 2.58617616 7.90050967E-13
454.472076 2.61612272 7.33072457E-13
459.734619 2.64641595 6.79601557E-13
465.058075 2.67705989 6.29465935E-13
470.443207 2.70805883 5.82499001E-13
475.890686 2.7394166 5.38540078E-13
481.401245 2.77113771 4.97433963E-13
486.975586 2.80322599 4.59031088E-13
492.614502 2.83568573 4.23187418E-13
498.318726 2.86852145 3.89764366E-13
504.088959 2.90173721 3.58628627E-13
509.926056 2.93533778 3.29652186E-13
515.830688 2.96932745 3.02712038E-13
521.803772 3.00371075 2.77689791E-13
527.845947 3.03849196 2.54472008E-13
533.95813 3.07367611 2.32950378E-13
540.141052 3.10926747 2.13021481E-13
546.39563 3.1452713 1.94586805E-13
552.722595 3.18169165 1.77552499E-13
559.122803 3.21853399 1.61829222E-13
565.597107 3.25580287 1.47332043E-13
572.146423 3.29350328 1.33980324E-13
578.771606 3.33164024 1.21697506E-13
585.47345 3.37021875 1.10411077E-13
592.25293 3.40924406 1.00052338E-13
599.11084 3.44872117 9.05563398E-14
606.048218 3.48865557 8.18617228E-14
613.065979 3.52905226 7.39105906E-14
620.164917 3.56991673 6.66483809E-14
627.346069 3.61125445 6.0023743E-14
634.610413 3.65307093 5.39883994E-14
641.958862 3.69537139 4.84970272E-14
649.392395 3.7381618 4.35071121E-14
656.911987 3.78144765 3.89787588E-14
664.518677 3.82523489 3.48746571E-14
672.21344 3.86952901 3.11600145E-14
679.997314 3.91433597 2.78024318E-14
687.871338 3.95966172 2.47717615E-14
695.836487 4.00551271 2.20400023E-14
703.89386 4.05189419 1.95811673E-14
712.044617 4.09881306 1.73711804E-14
720.289673 4.14627504 1.53877646E-14
728.630249 4.19428635 1.36103321E-14
737.067383 4.24285412 1.20198913E-14
745.602234 4.29198408 1.05989444E-14
754.235901 4.34168291 9.33139437E-15
762.969543 4.39195728 8.2024553E-15
771.804321 4.4428134 7.19857049E-15
780.741394 4.49425888 6.30732666E-15
789.781921 4.54629993 5.51737653E-15
798.927185 4.59894371 4.81836598E-15
808.178345 4.65219688 4.20086202E-15
817.53656 4.70606709 3.65628463E-15
827.003235 4.76056051 3.17683624E-15
836.579468 4.81568527 2.75545281E-15
846.266602 4.87144852 2.38574643E-15
856.065918 4.92785692 2.06195306E-15
865.978699 4.98491907 1.77887888E-15
876.006226 5.04264164 1.53185273E-15
886.149902 5.10103273 1.31668116E-15
896.411011 5.16009951 1.12960653E-15
906.791016 5.21985102 9.6726758E-16
917.291138 5.28029394 8.26663764E-16
927.912842 5.34143686 7.05121471E-16
938.657593 5.40328789 6.00263133E-16
949.526733 5.46585464 5.09978791E-16
960.521729 5.52914667 4.3239944E-16
971.644043 5.59317112 3.65873288E-16
982.895142 5.65793705 3.08943303E-16
994.27655 5.72345257 2.60327053E-16
