READ SERR 1
@_compps_qdp_tmp.pco
!
1.00578973E-2 5.78972722E-5 2.30036393E-10
1.0174362E-2 5.85676898E-5 2.35201497E-10
1.02921762E-2 5.92458709E-5 2.40480358E-10
1.04113538E-2 5.99319064E-5 2.45875376E-10
1.05319116E-2 6.06258873E-5 2.51389021E-10
1.06538655E-2 6.13278971E-5 2.57023847E-10
1.07772313E-2 6.20380451E-5 2.62782407E-10
1.09020257E-2 6.27564077E-5 2.68667338E-10
1.10282646E-2 6.3483094E-5 2.74681305E-10
1.11559667E-2 6.42181985E-5 2.80827084E-10
1.12851467E-2 6.49618087E-5 2.87107421E-10
1.14158224E-2 6.57140263E-5 2.93525176E-10
1.15480116E-2 6.64749605E-5 3.00083264E-10
1.16817309E-2 6.72447059E-5 3.06784625E-10
1.18169989E-2 6.80233643E-5 3.13632287E-10
1.19538335E-2 6.88110376E-5 3.20629329E-10
1.20922523E-2 6.96078278E-5 3.27778915E-10
1.22322738E-2 7.04138511E-5 3.35084238E-10
1.23739168E-2 7.12292021E-5 3.42548545E-10
1.25171999E-2 7.20539974E-5 3.50175167E-10
1.26621425E-2 7.2888346E-5 3.57967544E-10
1.28087634E-2 7.37323498E-5 3.6592912E-10
1.29570812E-2 7.45861325E-5 3.74063419E-10
1.31071173E-2 7.54498033E-5 3.82374021E-10
1.32588912E-2 7.63234711E-5 3.90864646E-10
1.34124216E-2 7.72072526E-5 3.99538985E-10
1.35677299E-2 7.81012714E-5 4.08400869E-10
1.37248375E-2 7.90056365E-5 4.17454155E-10
1.3883763E-2 7.9920479E-5 4.26702812E-10
1.40445298E-2 8.08459154E-5 4.36150893E-10
1.42071573E-2 8.17820692E-5 4.45802451E-10
1.43716689E-2 8.27290642E-5 4.55661731E-10
1.45380851E-2 8.36870167E-5 4.65733008E-10
1.47064282E-2 8.46560652E-5 4.76020556E-10
1.48767205E-2 8.56363404E-5 4.86528873E-10
1.50489844E-2 8.66279588E-5 4.97262453E-10
1.52232433E-2 8.7631066E-5 5.08225961E-10
1.53995203E-2 8.86457856E-5 5.19424004E-10
1.55778388E-2 8.96722559E-5 5.3086141E-10
1.5758222E-2 9.0710615E-5 5.42543011E-10
1.59406923E-2 9.17609941E-5 5.544738E-10
1.61252767E-2 9.28235313E-5 5.66658831E-10
1.63119994E-2 9.38983794E-5 5.7910321E-10
1.65008828E-2 9.49856694E-5 5.91812266E-10
1.66919548E-2 9.60855541E-5 6.04791217E-10
1.68852378E-2 9.71981717E-5 6.18045559E-10
1.70807596E-2 9.8323675E-5 6.31580788E-10
1.72785465E-2 9.94622096E-5 6.45402454E-10
1.74786225E-2 1.00613928E-4 6.59516386E-10
1.76810157E-2 1.01778984E-4 6.73928358E-10
1.7885752E-2 1.02957529E-4 6.88644308E-10
1.80928595E-2 1.04149716E-4 7.03670289E-10
1.83023643E-2 1.05355713E-4 7.19012405E-10
1.8514296E-2 1.06575673E-4 7.3467693E-10
1.87286809E-2 1.07809763E-4 7.50670248E-10
1.89455487E-2 1.09058143E-4 7.66998853E-10
1.91649273E-2 1.1032098E-4 7.83669296E-10
1.93868484E-2 1.11598434E-4 8.00688349E-10
1.96113363E-2 1.12890681E-4 8.18062784E-10
1.98384244E-2 1.14197894E-4 8.35799596E-10
2.00681426E-2 1.15520241E-4 8.5390589E-10
2.03005224E-2 1.16857904E-4 8.72388772E-10
2.05355901E-2 1.18211057E-4 8.9125568E-10
2.0773381E-2 1.19579876E-4 9.10513942E-10
2.10139267E-2 1.20964542E-4 9.30171107E-10
2.12572552E-2 1.22365251E-4 9.50234891E-10
2.15034038E-2 1.23782171E-4 9.70713065E-10
2.17524003E-2 1.25215505E-4 9.91613569E-10
2.20042821E-2 1.26665429E-4 1.0129444E-9
2.22590789E-2 1.28132146E-4 1.03471387E-9
2.2516828E-2 1.29615844E-4 1.05693021E-9
2.27775592E-2 1.31116729E-4 1.07960185E-9
2.30413117E-2 1.32634988E-4 1.10273746E-9
2.33081169E-2 1.34170827E-4 1.12634579E-9
2.35780124E-2 1.35724447E-4 1.15043575E-9
2.38510333E-2 1.37296069E-4 1.17501631E-9
2.41272151E-2 1.3888588E-4 1.20009669E-9
2.44065952E-2 1.40494099E-4 1.22568622E-9
2.46892106E-2 1.42120945E-4 1.25179433E-9
2.49750968E-2 1.43766636E-4 1.27843058E-9
2.52642948E-2 1.45431375E-4 1.30560496E-9
2.55568419E-2 1.47115381E-4 1.33332723E-9
2.58527771E-2 1.48818901E-4 1.36160749E-9
2.61521377E-2 1.50542139E-4 1.39045586E-9
2.64549647E-2 1.52285342E-4 1.41988288E-9
2.6761299E-2 1.54048714E-4 1.44989876E-9
2.70711798E-2 1.55832517E-4 1.48051438E-9
2.738465E-2 1.57636983E-4 1.5117404E-9
2.77017485E-2 1.59462332E-4 1.5435877E-9
2.80225202E-2 1.6130881E-4 1.5760675E-9
2.83470061E-2 1.63176679E-4 1.609191E-9
2.86752488E-2 1.65066172E-4 1.64296976E-9
2.90072933E-2 1.66977552E-4 1.67741521E-9
2.93431804E-2 1.68911065E-4 1.71253911E-9
2.96829585E-2 1.70866959E-4 1.74835346E-9
3.00266724E-2 1.7284551E-4 1.78487025E-9
3.03743649E-2 1.74846966E-4 1.82210191E-9
3.07260826E-2 1.76871603E-4 1.86006066E-9
3.10818739E-2 1.78919669E-4 1.89875915E-9
3.14417854E-2 1.80991468E-4 1.93821026E-9
3.18058655E-2 1.8308725E-4 1.97842676E-9
3.21741588E-2 1.85207304E-4 2.01942196E-9
3.25467177E-2 1.87351892E-4 2.06120876E-9
3.29235904E-2 1.89521335E-4 2.10380069E-9
3.33048292E-2 1.91715881E-4 2.14721152E-9
3.36904787E-2 1.93935848E-4 2.19145435E-9
3.40805985E-2 1.96181514E-4 2.23654362E-9
3.44752334E-2 1.98453199E-4 2.28249264E-9
3.48744355E-2 2.00751179E-4 2.32931585E-9
3.52782644E-2 2.03075761E-4 2.37702769E-9
3.56867649E-2 2.05427277E-4 2.42564235E-9
3.61000001E-2 2.07806006E-4 2.47517473E-9
3.65180187E-2 2.10212282E-4 2.52563948E-9
3.69408764E-2 2.12646424E-4 2.57705124E-9
3.73686329E-2 2.15108754E-4 2.62942557E-9
3.78013402E-2 2.17599605E-4 2.68277756E-9
3.82390581E-2 2.20119284E-4 2.73712275E-9
3.86818461E-2 2.22668154E-4 2.79247647E-9
3.91297601E-2 2.2524652E-4 2.84885471E-9
3.95828635E-2 2.27854762E-4 2.90627322E-9
4.0041212E-2 2.30493184E-4 2.96474822E-9
4.05048653E-2 2.3316218E-4 3.0242957E-9
4.09738906E-2 2.3586207E-4 3.08493209E-9
4.14483435E-2 2.38593217E-4 3.14667381E-9
4.1928295E-2 2.41356E-4 3.2095373E-9
4.2413801E-2 2.44150782E-4 3.27353922E-9
4.29049283E-2 2.46977899E-4 3.33869576E-9
4.34017442E-2 2.49837758E-4 3.40502426E-9
4.39043157E-2 2.52730766E-4 3.47254114E-9
4.44127023E-2 2.55657244E-4 3.54126395E-9
4.49269786E-2 2.58617598E-4 3.61120933E-9
4.5447208E-2 2.61612266E-4 3.68239506E-9
4.59734611E-2 2.64641596E-4 3.75483822E-9
4.65058088E-2 2.67705997E-4 3.82855614E-9
4.70443182E-2 2.70805875E-4 3.90356636E-9
4.75890674E-2 2.73941667E-4 3.97988709E-9
4.81401235E-2 2.77113752E-4 4.05753564E-9
4.8697561E-2 2.80322594E-4 4.13652979E-9
4.92614508E-2 2.83568574E-4 4.21688773E-9
4.98318709E-2 2.86852155E-4 4.29862768E-9
5.04088961E-2 2.90173746E-4 4.38176695E-9
5.09926043E-2 2.93533783E-4 4.4663242E-9
5.15830703E-2 2.96932732E-4 4.55231808E-9
5.21803759E-2 3.00371059E-4 4.63976546E-9
5.27845956E-2 3.038492E-4 4.728685E-9
5.33958115E-2 3.0736762E-4 4.81909446E-9
5.40141053E-2 3.10926756E-4 4.9110116E-9
5.46395592E-2 3.14527104E-4 5.00445418E-9
5.52722551E-2 3.18169157E-4 5.09944043E-9
5.59122786E-2 3.21853382E-4 5.19598764E-9
5.65597117E-2 3.25580273E-4 5.29411448E-9
5.72146438E-2 3.29350325E-4 5.39383782E-9
5.78771569E-2 3.33164033E-4 5.49517587E-9
5.85473441E-2 3.37021891E-4 5.59814639E-9
5.9225291E-2 3.40924395E-4 5.70276715E-9
5.99110872E-2 3.44872125E-4 5.80905546E-9
6.06048256E-2 3.48865549E-4 5.9170282E-9
6.13065958E-2 3.52905219E-4 6.02670402E-9
6.20164908E-2 3.56991688E-4 6.13809892E-9
6.27346113E-2 3.61125451E-4 6.25123109E-9
6.34610429E-2 3.65307089E-4 6.36611697E-9
6.41958863E-2 3.69537156E-4 6.48277343E-9
6.49392381E-2 3.73816176E-4 6.60121735E-9
6.56912029E-2 3.78144759E-4 6.72146472E-9
6.64518699E-2 3.82523489E-4 6.84353152E-9
6.72213435E-2 3.86952888E-4 6.96743241E-9
6.7999728E-2 3.91433598E-4 7.09318293E-9
6.87871277E-2 3.9596617E-4 7.22079863E-9
6.9583647E-2 4.00551246E-4 7.35029282E-9
7.038939E-2 4.05189407E-4 7.48168105E-9
7.12044612E-2 4.09881293E-4 7.61497621E-9
7.20289722E-2 4.14627488E-4 7.75019338E-9
7.28630275E-2 4.19428659E-4 7.88734411E-9
7.37067387E-2 4.24285419E-4 8.02644351E-9
7.4560225E-2 4.29198408E-4 8.16750223E-9
7.54235908E-2 4.34168294E-4 8.31053271E-9
7.62969553E-2 4.39195719E-4 8.45554737E-9
7.71804303E-2 4.44281352E-4 8.60255778E-9
7.80741349E-2 4.4942589E-4 8.75157458E-9
7.89781958E-2 4.54630004E-4 8.90260754E-9
7.98927173E-2 4.59894363E-4 9.05566733E-9
8.08178335E-2 4.65219695E-4 9.21076282E-9
8.17536563E-2 4.70606697E-4 9.36790379E-9
8.27003196E-2 4.7605607E-4 9.52709645E-9
8.36579427E-2 4.81568539E-4 9.68834879E-9
8.46266598E-2 4.87144833E-4 9.85166615E-9
8.56065899E-2 4.92785708E-4 1.0017053E-8
8.65978673E-2 4.98491863E-4 1.01845155E-8
8.76006261E-2 5.04264142E-4 1.03540563E-8
8.86149928E-2 5.10103244E-4 1.0525679E-8
8.96411017E-2 5.16009983E-4 1.06993854E-8
9.06791016E-2 5.21985115E-4 1.08751781E-8
9.1729112E-2 5.28029399E-4 1.10530562E-8
9.27912891E-2 5.34143706E-4 1.12330216E-8
9.38657597E-2 5.40328794E-4 1.14150716E-8
9.49526727E-2 5.46585477E-4 1.15992052E-8
9.60521698E-2 5.52914629E-4 1.17854198E-8
9.71644074E-2 5.59317123E-4 1.19737109E-8
9.82895121E-2 5.65793656E-4 1.21640742E-8
9.94276553E-2 5.72345278E-4 1.23565052E-8
0.100578971 5.78972686E-4 1.25509958E-8
0.101743624 5.85676928E-4 1.27475381E-8
0.102921762 5.92458702E-4 1.29461251E-8
0.104113534 5.99319057E-4 1.31467441E-8
0.105319113 6.06258865E-4 1.33493838E-8
0.106538653 6.13279E-4 1.3554029E-8
0.107772313 6.20380451E-4 1.37606664E-8
0.109020256 6.27564092E-4 1.39692773E-8
0.110282652 6.34830969E-4 1.41798466E-8
0.111559667 6.42181956E-4 1.43923531E-8
0.112851463 6.49618043E-4 1.4606778E-8
0.114158221 6.57140277E-4 1.48230992E-8
0.11548011 6.6474959E-4 1.50412944E-8
0.11681731 6.7244703E-4 1.52613371E-8
0.118169986 6.80233643E-4 1.54832041E-8
0.11953833 6.88110362E-4 1.57068651E-8
0.120922521 6.96078292E-4 1.59322955E-8
0.122322738 7.04138482E-4 1.61594613E-8
0.123739168 7.12292036E-4 1.63883307E-8
0.125172004 7.20540003E-4 1.66188734E-8
0.126621425 7.2888349E-4 1.68510521E-8
0.128087625 7.37323542E-4 1.70848331E-8
0.129570812 7.45861325E-4 1.73201737E-8
0.13107118 7.54498004E-4 1.75570367E-8
0.132588908 7.63234682E-4 1.77953776E-8
0.134124219 7.72072526E-4 1.80351503E-8
0.135677308 7.81012699E-4 1.82763085E-8
0.137248367 7.90056423E-4 1.85188025E-8
0.138837636 7.99204805E-4 1.87625844E-8
0.140445292 8.08459183E-4 1.90076008E-8
0.142071575 8.17820721E-4 1.9253795E-8
0.143716693 8.27290583E-4 1.95011154E-8
0.145380855 8.36870167E-4 1.97495016E-8
0.147064283 8.46560695E-4 1.9998895E-8
0.148767203 8.56363389E-4 2.02492352E-8
0.150489852 8.66279588E-4 2.05004564E-8
0.152232438 8.76310689E-4 2.07524948E-8
0.153995201 8.86457856E-4 2.10052846E-8
0.155778378 8.96722544E-4 2.12587583E-8
0.157582209 9.07106092E-4 2.15128413E-8
0.15940693 9.17609897E-4 2.17674661E-8
0.161252782 9.28235357E-4 2.20225544E-8
0.163119987 9.38983809E-4 2.22780336E-8
0.165008828 9.49856709E-4 2.25338237E-8
0.166919544 9.60855512E-4 2.27898429E-8
0.168852389 9.71981732E-4 2.30460078E-8
0.1708076 9.83236707E-4 2.3302233E-8
0.172785461 9.94622125E-4 2.35584316E-8
0.174786225 1.00613921E-3 2.38145166E-8
0.176810145 1.01778982E-3 2.40703972E-8
0.17885752 1.02957524E-3 2.43259812E-8
0.180928588 1.04149722E-3 2.45811727E-8
0.183023646 1.05355715E-3 2.48358791E-8
0.185142964 1.06575678E-3 2.50900012E-8
0.187286809 1.07809762E-3 2.53434429E-8
0.189455494 1.09058141E-3 2.55961012E-8
0.191649288 1.1032098E-3 2.5847875E-8
0.193868473 1.11598428E-3 2.6098661E-8
0.196113363 1.12890685E-3 2.63483564E-8
0.198384255 1.14197889E-3 2.65968545E-8
0.200681433 1.15520239E-3 2.68440452E-8
0.20300521 1.1685791E-3 2.70898237E-8
0.205355912 1.18211051E-3 2.73340781E-8
0.20773381 1.19579874E-3 2.75766965E-8
0.21013926 1.20964542E-3 2.78175705E-8
0.21257256 1.22365251E-3 2.80565846E-8
0.215034038 1.23782177E-3 2.82936234E-8
0.217524007 1.25215505E-3 2.85285751E-8
0.22004281 1.26665423E-3 2.8761324E-8
0.222590789 1.2813214E-3 2.89917512E-8
0.225168273 1.29615841E-3 2.92197431E-8
0.227775604 1.31116726E-3 2.94451787E-8
0.230413109 1.32634991E-3 2.9667941E-8
0.233081177 1.34170824E-3 2.98879144E-8
0.23578012 1.35724456E-3 3.01049745E-8
0.238510326 1.37296063E-3 3.03190042E-8
0.241272151 1.38885877E-3 3.05298897E-8
0.244065955 1.40494108E-3 3.07375032E-8
0.246892095 1.42120942E-3 3.0941731E-8
0.249750972 1.43766636E-3 3.11424522E-8
0.252642959 1.45431375E-3 3.13395461E-8
0.255568415 1.47115381E-3 3.15328954E-8
0.258527756 1.48818898E-3 3.17223829E-8
0.261521369 1.50542147E-3 3.1907895E-8
0.264549643 1.52285339E-3 3.20893214E-8
0.267612994 1.54048717E-3 3.22665521E-8
0.270711809 1.55832525E-3 3.24394733E-8
0.273846507 1.57636974E-3 3.26079785E-8
0.277017504 1.59462332E-3 3.27719647E-8
0.280225217 1.61308818E-3 3.29313181E-8
0.283470064 1.63176679E-3 3.30859429E-8
0.286752492 1.65066181E-3 3.32357288E-8
0.290072918 1.66977558E-3 3.33805801E-8
0.293431818 1.68911065E-3 3.35203936E-8
0.296829581 1.70866959E-3 3.36550698E-8
0.300266713 1.72845507E-3 3.3784513E-8
0.303743631 1.74846966E-3 3.39086306E-8
0.307260841 1.76871591E-3 3.40273303E-8
0.310818732 1.78919674E-3 3.41405197E-8
0.314417839 1.8099146E-3 3.42481137E-8
0.31805864 1.8308725E-3 3.43500233E-8
0.321741581 1.85207301E-3 3.44461668E-8
0.325467169 1.87351892E-3 3.45364697E-8
0.329235911 1.89521327E-3 3.46208573E-8
0.333048284 1.91715884E-3 3.46992763E-8
0.336904794 1.93935854E-3 3.47716664E-8
0.340805978 1.96181517E-3 3.48379778E-8
0.344752312 1.98453199E-3 3.48981573E-8
0.348744363 2.00751168E-3 3.49521585E-8
0.352782637 2.03075772E-3 3.49999389E-8
0.356867671 2.05427269E-3 3.5041456E-8
0.361000001 2.07806006E-3 3.50766705E-8
0.365180165 2.10212287E-3 3.51055505E-8
0.369408756 2.12646439E-3 3.51280676E-8
0.373686314 2.15108762E-3 3.51441898E-8
0.378013402 2.17599608E-3 3.51538922E-8
0.382390589 2.20119278E-3 3.51571607E-8
0.386818469 2.22668145E-3 3.5153974E-8
0.391297609 2.25246535E-3 3.51443177E-8
0.395828635 2.2785475E-3 3.51281813E-8
0.400412112 2.30493187E-3 3.51055647E-8
0.405048668 2.33162171E-3 3.50764608E-8
0.409738898 2.35862075E-3 3.50408733E-8
0.414483458 2.38593225E-3 3.49988269E-8
0.419282943 2.41355994E-3 3.49503537E-8
0.42413801 2.44150776E-3 3.48954963E-8
0.429049283 2.46977899E-3 3.48342901E-8
0.43401745 2.49837781E-3 3.4766785E-8
0.439043134 2.52730749E-3 3.46930236E-8
0.444127023 2.55657244E-3 3.46130626E-8
0.449269772 2.58617615E-3 3.45269555E-8
0.454472065 2.6161226E-3 3.44347555E-8
0.459734619 2.64641596E-3 3.43365301E-8
0.465058088 2.67705997E-3 3.42323361E-8
0.470443189 2.7080588E-3 3.41222481E-8
0.475890666 2.73941667E-3 3.40063302E-8
0.481401235 2.77113752E-3 3.38846569E-8
0.48697558 2.803226E-3 3.37573027E-8
0.492614508 2.83568562E-3 3.3624346E-8
0.498318702 2.86852149E-3 3.34858683E-8
0.504088998 2.90173735E-3 3.33419514E-8
0.509926021 2.93533783E-3 3.31926842E-8
0.515830696 2.96932738E-3 3.30381518E-8
0.521803737 3.00371065E-3 3.28784679E-8
0.527845979 3.03849205E-3 3.2713757E-8
0.533958137 3.07367602E-3 3.25441363E-8
0.540141046 3.10926745E-3 3.236973E-8
0.5463956 3.14527121E-3 3.21906661E-8
0.552722573 3.18169175E-3 3.20070654E-8
0.559122801 3.21853394E-3 3.18190594E-8
0.565597117 3.25580291E-3 3.16267723E-8
0.572146416 3.29350331E-3 3.14303357E-8
0.578771591 3.33164027E-3 3.12298774E-8
0.585473418 3.37021868E-3 3.10255253E-8
0.59225291 3.40924412E-3 3.08174108E-8
0.599110842 3.44872125E-3 3.06056656E-8
0.606048226 3.48865567E-3 3.03904173E-8
0.613065958 3.52905225E-3 3.01718011E-8
0.620164931 3.56991682E-3 2.99499412E-8
0.627346098 3.61125451E-3 2.97249709E-8
0.634610415 3.65307089E-3 2.94970217E-8
0.641958833 3.69537133E-3 2.92662197E-8
0.649392366 3.73816187E-3 2.9032698E-8
0.656912029 3.78144765E-3 2.87965971E-8
0.664518654 3.82523471E-3 2.85580608E-8
0.672213435 3.86952888E-3 2.8317233E-8
0.679997325 3.91433574E-3 2.8074254E-8
0.687871337 3.95966182E-3 2.7829266E-8
0.695836484 4.00551269E-3 2.75824057E-8
0.7038939 4.05189442E-3 2.73338117E-8
0.712044597 4.09881305E-3 2.70836171E-8
0.720289707 4.14627511E-3 2.68319553E-8
0.728630245 4.19428665E-3 2.65789595E-8
0.737067401 4.24285419E-3 2.63247557E-8
0.74560225 4.29198379E-3 2.60694737E-8
0.754235864 4.34168288E-3 2.5813236E-8
0.762969553 4.39195707E-3 2.55561687E-8
0.771804333 4.44281381E-3 2.52983892E-8
0.780741394 4.49425913E-3 2.50400163E-8
0.789781928 4.54630004E-3 2.47811656E-8
0.798927188 4.59894352E-3 2.45219525E-8
0.808178306 4.65219701E-3 2.42624854E-8
0.817536592 4.70606703E-3 2.40028744E-8
0.827003181 4.76056058E-3 2.37432261E-8
0.836579442 4.8156851E-3 2.34836417E-8
0.846266568 4.8714485E-3 2.32242261E-8
0.856065869 4.92785685E-3 2.29650752E-8
0.865978658 4.98491898E-3 2.27062849E-8
0.876006246 5.04264142E-3 2.24479511E-8
0.886149883 5.10103256E-3 2.21901626E-8
0.896411061 5.16009983E-3 2.19330083E-8
0.906790972 5.21985069E-3 2.16765734E-8
0.917291105 5.28029399E-3 2.14209415E-8
0.927912891 5.34143671E-3 2.11661941E-8
0.938657582 5.40328771E-3 2.0912406E-8
0.949526727 5.46585489E-3 2.06596571E-8
0.960521758 5.52914664E-3 2.04080166E-8
0.971644044 5.59317088E-3 2.01575556E-8
0.982895136 5.65793691E-3 1.99083434E-8
0.994276524 5.72345266E-3 1.96604422E-8
1.00578976 5.78972697E-3 1.94139176E-8
1.01743627 5.85676916E-3 1.91688283E-8
1.0292176 5.92458714E-3 1.89252329E-8
1.04113531 5.99319069E-3 1.86831812E-8
1.05319118 6.06258865E-3 1.84427176E-8
1.06538653 6.13278989E-3 1.820389E-8
1.07772315 6.20380417E-3 1.79667374E-8
1.09020257 6.27564127E-3 1.77313026E-8
1.10282648 6.34830957E-3 1.74976229E-8
1.11559665 6.42181933E-3 1.72657355E-8
1.12851465 6.49618078E-3 1.7035676E-8
1.14158225 6.57140277E-3 1.68074763E-8
1.15480113 6.64749602E-3 1.65811667E-8
1.16817307 6.72447076E-3 1.6356779E-8
1.18169987 6.80233631E-3 1.61343383E-8
1.19538331 6.88110339E-3 1.59138729E-8
1.20922518 6.96078315E-3 1.56954041E-8
1.22322738 7.04138493E-3 1.54789568E-8
1.23739171 7.12292036E-3 1.52645523E-8
1.25172007 7.20540015E-3 1.50522084E-8
1.26621425 7.28883455E-3 1.48419428E-8
1.28087628 7.37323519E-3 1.46337733E-8
1.29570818 7.45861325E-3 1.44277141E-8
1.31071174 7.54497992E-3 1.42237742E-8
1.32588911 7.63234682E-3 1.40219631E-8
1.34124219 7.72072515E-3 1.38222864E-8
1.35677302 7.81012699E-3 1.36247511E-8
1.37248373 7.900564E-3 1.34293598E-8
1.38837636 7.99204782E-3 1.32361189E-8
1.40445292 8.08459148E-3 1.30450282E-8
1.42071581 8.17820709E-3 1.28560904E-8
1.43716681 8.27290583E-3 1.26693065E-8
1.45380843 8.36870167E-3 1.24846755E-8
1.47064281 8.46560672E-3 1.23021966E-8
1.48767197 8.56363401E-3 1.2121868E-8
1.50489843 8.66279658E-3 1.1943686E-8
1.52232432 8.76310654E-3 1.17676473E-8
1.53995204 8.86457879E-3 1.15937473E-8
1.55778384 8.96722544E-3 1.14219816E-8
1.57582211 9.07106139E-3 1.12523422E-8
1.59406924 9.17609874E-3 1.10848246E-8
1.61252773 9.28235333E-3 1.09194191E-8
1.63119996 9.3898382E-3 1.07561196E-8
1.65008831 9.49856732E-3 1.05949143E-8
1.66919541 9.60855559E-3 1.04357936E-8
1.68852389 9.71981697E-3 1.0278745E-8
1.708076 9.8323673E-3 1.01237569E-8
1.72785461 9.94622055E-3 9.97081706E-9
1.74786222 1.00613926E-2 9.81991199E-9
1.76810145 1.01778982E-2 9.67102842E-9
1.78857517 1.02957524E-2 9.52415391E-9
1.80928588 1.0414972E-2 9.37927336E-9
1.83023643 1.05355717E-2 9.23637256E-9
1.85142958 1.06575675E-2 9.09543729E-9
1.87286806 1.07809762E-2 8.95645158E-9
1.89455485 1.09058144E-2 8.8194021E-9
1.91649282 1.1032098E-2 8.68427108E-9
1.9386847 1.11598428E-2 8.55104343E-9
1.96113372 1.12890685E-2 8.41970405E-9
1.98384249 1.14197899E-2 8.29023517E-9
2.00681424 1.15520246E-2 8.1626208E-9
2.03005219 1.16857905E-2 8.03684497E-9
2.05355906 1.18211051E-2 7.9128899E-9
2.07733822 1.19579872E-2 7.79073694E-9
2.10139251 1.20964544E-2 7.67036745E-9
2.12572551 1.22365244E-2 7.55176277E-9
2.15034032 1.23782167E-2 7.43490336E-9
2.17524004 1.25215501E-2 7.31977057E-9
2.20042825 1.2666543E-2 7.2063453E-9
2.22590804 1.28132142E-2 7.09460801E-9
2.25168276 1.29615841E-2 6.9845405E-9
2.27775598 1.31116724E-2 6.87612278E-9
2.30413127 1.32634984E-2 6.76933665E-9
2.33081174 1.34170828E-2 6.664163E-9
2.3578012 1.35724451E-2 6.5605823E-9
2.38510323 1.37296068E-2 6.45857634E-9
2.4127214 1.38885882E-2 6.35812603E-9
2.44065952 1.40494099E-2 6.2592127E-9
2.46892095 1.42120952E-2 6.16181772E-9
2.49750972 1.43766627E-2 6.06592154E-9
2.52642965 1.45431366E-2 5.97150684E-9
2.55568433 1.47115383E-2 5.87855453E-9
2.58527756 1.48818903E-2 5.78704595E-9
2.61521387 1.50542147E-2 5.69696113E-9
2.64549661 1.52285341E-2 5.60828051E-9
2.67612982 1.54048717E-2 5.52098323E-9
2.70711803 1.55832525E-2 5.43505063E-9
2.73846507 1.57636981E-2 5.35046274E-9
2.77017498 1.59462318E-2 5.26720001E-9
2.80225205 1.61308814E-2 5.18524379E-9
2.83470058 1.63176674E-2 5.10457454E-9
2.86752486 1.65066179E-2 5.0251745E-9
2.90072918 1.66977551E-2 4.94702501E-9
2.93431807 1.6891107E-2 4.87010743E-9
2.96829581 1.70866959E-2 4.79440443E-9
3.00266719 1.72845516E-2 4.71989781E-9
3.03743649 1.74846966E-2 4.6465698E-9
3.07260823 1.76871605E-2 4.57440352E-9
3.10818744 1.78919677E-2 4.50338167E-9
3.14417863 1.8099146E-2 4.43348736E-9
3.18058634 1.83087252E-2 4.36470327E-9
3.21741581 1.85207296E-2 4.29701386E-9
3.25467181 1.8735189E-2 4.23040225E-9
3.29235911 1.89521331E-2 4.16485113E-9
3.33048272 1.91715881E-2 4.10034318E-9
3.36904788 1.93935856E-2 4.03686151E-9
3.4080596 1.96181517E-2 3.97438971E-9
3.44752312 1.98453199E-2 3.91291088E-9
3.48744369 2.00751182E-2 3.85240906E-9
3.52782631 2.03075763E-2 3.79286824E-9
3.56867671 2.05427278E-2 3.73427289E-9
3.6099999 2.07806006E-2 3.67660746E-9
3.65180182 2.10212283E-2 3.61985708E-9
3.69408774 2.12646425E-2 3.56400687E-9
3.73686314 2.15108767E-2 3.50904195E-9
3.78013396 2.17599608E-2 3.45494811E-9
3.82390594 2.20119283E-2 3.40171113E-9
3.86818457 2.22668145E-2 3.34931727E-9
3.91297603 2.2524653E-2 3.29775274E-9
3.95828629 2.27854755E-2 3.247004E-9
4.00412083 2.30493192E-2 3.19705795E-9
4.05048656 2.33162176E-2 3.1479015E-9
4.09738922 2.35862061E-2 3.09952175E-9
4.14483452 2.38593221E-2 3.05190606E-9
4.19282961 2.41355989E-2 3.00504088E-9
4.24138021 2.44150776E-2 2.958914E-9
4.29049301 2.46977899E-2 2.91351254E-9
4.34017467 2.49837767E-2 2.86882451E-9
4.3904314 2.52730753E-2 2.8248377E-9
4.44127035 2.55657248E-2 2.78154055E-9
4.49269772 2.58617606E-2 2.73892109E-9
4.54472065 2.61612255E-2 2.6969682E-9
4.59734583 2.64641587E-2 2.65567079E-9
4.65058088 2.67705992E-2 2.61501776E-9
4.70443201 2.7080588E-2 2.57499844E-9
4.75890684 2.73941662E-2 2.53560195E-9
4.81401253 2.77113765E-2 2.49681853E-9
4.86975574 2.80322582E-2 2.45863729E-9
4.92614508 2.83568576E-2 2.42104892E-9
4.9831872 2.8685214E-2 2.38404319E-9
5.04088974 2.90173739E-2 2.34761055E-9
5.09926033 2.93533783E-2 2.31174169E-9
5.15830708 2.96932738E-2 2.27642705E-9
5.21803761 3.00371069E-2 2.24165775E-9
5.27845955 3.03849205E-2 2.20742447E-9
5.33958101 3.07367612E-2 2.17371854E-9
5.40141058 3.10926754E-2 2.14053131E-9
5.46395588 3.14527117E-2 2.10785389E-9
5.52722549 3.18169184E-2 2.0756783E-9
5.59122801 3.21853384E-2 2.04399631E-9
5.65597105 3.25580277E-2 2.01279948E-9
5.72146416 3.29350308E-2 1.98208028E-9
5.78771591 3.33164036E-2 1.9518307E-9
5.85473442 3.37021872E-2 1.92204297E-9
5.92252922 3.40924412E-2 1.89270977E-9
5.99110842 3.44872139E-2 1.86382376E-9
6.0604825 3.48865576E-2 1.83537763E-9
6.13065958 3.52905244E-2 1.80736415E-9
6.20164919 3.56991664E-2 1.77977655E-9
6.27346087 3.61125432E-2 1.75260784E-9
6.34610415 3.6530707E-2 1.72585124E-9
6.41958857 3.69537137E-2 1.69950021E-9
6.49392414 3.73816192E-2 1.6735483E-9
6.56911993 3.78144756E-2 1.64798919E-9
6.6451869 3.82523462E-2 1.62281655E-9
6.72213459 3.86952907E-2 1.5980246E-9
6.79997301 3.91433612E-2 1.57360713E-9
6.87871313 3.95966172E-2 1.54955837E-9
6.95836496 4.0055126E-2 1.52587265E-9
7.038939 4.05189432E-2 1.5025442E-9
7.12044621 4.09881286E-2 1.47956758E-9
7.20289707 4.14627492E-2 1.45693713E-9
7.28630257 4.19428647E-2 1.43464751E-9
7.37067366 4.24285419E-2 1.41269352E-9
7.45602226 4.29198407E-2 1.39106993E-9
7.54235888 4.34168279E-2 1.36977163E-9
7.62969542 4.39195707E-2 1.34879363E-9
7.71804285 4.44281362E-2 1.32813083E-9
7.80741358 4.49425913E-2 1.30777844E-9
7.89781952 4.54629995E-2 1.2877317E-9
7.98927164 4.59894389E-2 1.26798583E-9
8.08178329 4.65219691E-2 1.24853639E-9
8.17536545 4.70606685E-2 1.2293786E-9
8.27003193 4.76056039E-2 1.21050825E-9
8.36579418 4.81568538E-2 1.1919209E-9
8.46266556 4.87144813E-2 1.17361232E-9
8.56065941 4.92785685E-2 1.15557841E-9
8.65978718 4.98491898E-2 1.13781506E-9
8.76006222 5.04264161E-2 1.12031806E-9
8.86149883 5.10103256E-2 1.10308362E-9
8.96411037 5.16009964E-2 1.08610776E-9
9.06791019 5.21985069E-2 1.06938669E-9
9.17291164 5.2802939E-2 1.05291642E-9
9.27912903 5.34143671E-2 1.03669329E-9
9.3865757 5.40328771E-2 1.02071362E-9
9.49526691 5.4658547E-2 1.00497377E-9
9.60521698 5.52914664E-2 9.89470172E-10
9.7164402 5.59317097E-2 9.74199277E-10
9.82895184 5.65793701E-2 9.59157531E-10
9.94276524 5.72345257E-2 9.44341716E-10
10.0578976 5.78972697E-2 9.29748389E-10
10.1743622 5.85676916E-2 9.15374221E-10
10.2921762 5.92458732E-2 9.0121588E-10
10.4113531 5.99319078E-2 8.87270257E-10
10.5319109 6.06258847E-2 8.73534245E-10
10.6538649 6.13279007E-2 8.60004679E-10
10.7772312 6.20380454E-2 8.46678616E-10
10.9020252 6.27564117E-2 8.3355306E-10
11.028265 6.34830967E-2 8.20624957E-10
11.1559668 6.42181933E-2 8.07891531E-10
11.2851467 6.49618059E-2 7.95349897E-10
11.415822 6.57140315E-2 7.82997167E-10
11.5480108 6.64749593E-2 7.70830677E-10
11.6817312 6.72447085E-2 7.5884754E-10
11.8169985 6.80233613E-2 7.47045148E-10
11.9538336 6.88110366E-2 7.35420835E-10
12.0922518 6.96078315E-2 7.23971993E-10
12.2322741 7.04138502E-2 7.12696013E-10
12.3739166 7.12292045E-2 7.01590286E-10
12.5172005 7.20539987E-2 6.90652424E-10
12.6621428 7.28883445E-2 6.79879875E-10
12.8087635 7.37323537E-2 6.6927025E-10
12.9570818 7.45861307E-2 6.58821109E-10
13.1071177 7.5449802E-2 6.48530118E-10
13.2588911 7.63234645E-2 6.38394893E-10
13.4124212 7.72072524E-2 6.2841321E-10
13.5677299 7.81012699E-2 6.18582741E-10
13.7248373 7.90056437E-2 6.08901318E-10
13.8837633 7.99204856E-2 5.99366667E-10
14.0445299 8.08459148E-2 5.89976679E-10
14.2071571 8.17820728E-2 5.80729187E-10
14.3716688 8.27290639E-2 5.71622139E-10
14.538085 8.36870149E-2 5.62653368E-10
14.7064276 8.46560672E-2 5.53820934E-10
14.8767204 8.56363401E-2 5.45122725E-10
15.0489845 8.66279602E-2 5.36556855E-10
15.2232437 8.76310691E-2 5.28121324E-10
15.3995209 8.8645786E-2 5.19814136E-10
15.5778389 8.96722525E-2 5.11633513E-10
15.7582216 9.07106102E-2 5.03577458E-10
15.9406929 9.1760993E-2 4.95644248E-10
16.1252766 9.28235352E-2 4.87831997E-10
16.3120003 9.38983783E-2 4.80138873E-10
16.5008831 9.49856713E-2 4.72563155E-10
16.6919556 9.60855559E-2 4.65103123E-10
16.8852386 9.71981734E-2 4.57756943E-10
17.080761 9.8323673E-2 4.5052298E-10
17.2785454 9.94622111E-2 4.43399567E-10
17.4786224 0.100613929 4.36384984E-10
17.681015 0.101778984 4.29477648E-10
17.8857517 0.102957524 4.2267595E-10
18.0928593 0.104149714 4.15978307E-10
18.3023643 0.105355717 4.09383166E-10
18.5142956 0.106575675 4.02888972E-10
18.7286816 0.107809767 3.96494226E-10
18.945549 0.109058142 3.90197458E-10
19.1649284 0.110320978 3.8399714E-10
19.3868484 0.111598432 3.77891912E-10
19.6113358 0.112890683 3.71880277E-10
19.8384247 0.114197895 3.659609E-10
20.0681438 0.115520246 3.60132341E-10
20.3005219 0.116857901 3.54393265E-10
20.5355911 0.118211053 3.48742313E-10
20.7733822 0.119579874 3.4317818E-10
21.0139256 0.120964542 3.37699535E-10
21.2572556 0.122365251 3.32305045E-10
21.5034027 0.123782173 3.2699346E-10
21.7524014 0.125215501 3.21763505E-10
22.004282 0.126665428 3.1661393E-10
22.259079 0.12813215 3.11543541E-10
22.5168266 0.129615843 3.06551118E-10
22.7775593 0.131116733 3.01635494E-10
23.0413113 0.132634982 2.96795449E-10
23.3081169 0.13417083 2.920299E-10
23.5780125 0.135724455 2.87337681E-10
23.8510323 0.137296066 2.8271771E-10
24.1272144 0.138885885 2.78168849E-10
24.4065952 0.140494108 2.73690071E-10
24.6892109 0.142120942 2.69280265E-10
24.9750977 0.143766627 2.64938405E-10
25.2642956 0.14543137 2.60663463E-10
25.5568428 0.14711538 2.56454441E-10
25.8527775 0.148818895 2.52310312E-10
26.1521378 0.15054214 2.48230103E-10
26.4549656 0.152285337 2.44212817E-10
26.7612991 0.154048726 2.40257481E-10
27.0711803 0.155832514 2.36363124E-10
27.3846493 0.15763697 2.3252883E-10
27.7017498 0.159462333 2.28753655E-10
28.0225201 0.16130881 2.25036698E-10
28.3470058 0.163176686 2.21377056E-10
28.6752491 0.165066183 2.17773841E-10
29.0072918 0.166977555 2.14226206E-10
29.3431816 0.16891107 2.10733292E-10
29.6829586 0.170866966 2.07294265E-10
30.0266724 0.172845513 2.03908279E-10
30.3743649 0.174846962 2.00574543E-10
30.7260818 0.176871598 1.97292266E-10
31.0818748 0.178919673 1.94060643E-10
31.4417858 0.180991471 1.9087891E-10
31.8058643 0.183087245 1.87746305E-10
32.17416 0.185207292 1.84662091E-10
32.5467186 0.187351897 1.81625506E-10
32.9235916 0.189521328 1.78635842E-10
33.3048286 0.191715881 1.75692336E-10
33.6904793 0.193935856 1.72794279E-10
34.0805969 0.196181521 1.6994095E-10
34.4752312 0.198453188 1.6713167E-10
34.8744354 0.200751171 1.64365743E-10
35.2782631 0.203075767 1.61642491E-10
35.6867676 0.205427274 1.58961261E-10
36.0999985 0.207806006 1.56321414E-10
36.5180168 0.21021229 1.53722285E-10
36.940876 0.212646425 1.51163262E-10
37.3686333 0.215108752 1.48643722E-10
37.8013382 0.217599601 1.46163068E-10
38.2390594 0.220119283 1.43720688E-10
38.6818466 0.222668141 1.41316014E-10
39.1297607 0.225246519 1.38948464E-10
39.5828629 0.227854759 1.36617467E-10
40.0412102 0.230493188 1.34322456E-10
40.5048637 0.23316218 1.32062916E-10
40.9738884 0.235862061 1.29838279E-10
41.4483452 0.238593221 1.27648003E-10
41.9282951 0.241356 1.25491562E-10
42.4137993 0.244150773 1.23368399E-10
42.9049301 0.246977895 1.21278002E-10
43.4017448 0.249837771 1.19219856E-10
43.9043121 0.252730757 1.17193463E-10
44.4127007 0.255657226 1.15198337E-10
44.9269753 0.25861761 1.13233971E-10
45.4472084 0.261612266 1.112999E-10
45.9734612 0.264641583 1.09395659E-10
46.5058098 0.267706007 1.07520784E-10
47.0443192 0.270805895 1.0567483E-10
47.5890694 0.273941666 1.03857353E-10
48.1401215 0.277113765 1.02067917E-10
48.6975594 0.280322582 1.0030609E-10
49.2614517 0.283568561 9.85714635E-11
49.831871 0.286852151 9.68636213E-11
50.4088974 0.290173739 9.51821608E-11
50.9926033 0.293533772 9.35266864E-11
51.5830727 0.296932757 9.18967957E-11
52.1803741 0.300371081 9.02921002E-11
52.7845955 0.30384919 8.87122042E-11
53.395813 0.307367593 8.71566985E-11
54.0141068 0.310926765 8.56252222E-11
54.6395607 0.314527124 8.41173867E-11
55.2722549 0.318169177 8.26328311E-11
55.9122772 0.321853399 8.11711878E-11
56.5597115 0.325580269 7.97321098E-11
57.2146416 0.329350322 7.83152571E-11
57.8771591 0.333164036 7.69202826E-11
58.5473442 0.337021887 7.55468535E-11
59.2252884 0.340924412 7.41946435E-11
59.911087 0.344872117 7.28633404E-11
60.6048241 0.348865569 7.1552618E-11
61.3065948 0.352905244 7.0262185E-11
62.0164909 0.356991678 6.8991729E-11
62.7346077 0.361125439 6.77409587E-11
63.4610405 0.365307093 6.65095756E-11
64.1958847 0.369537145 6.52973023E-11
64.9392395 0.373816192 6.41038611E-11
65.6912003 0.378144771 6.29289468E-11
66.4518661 0.382523477 6.17722817E-11
67.221344 0.386952877 6.06335815E-11
67.999733 0.391433597 5.95125615E-11
68.7871323 0.395966172 5.84089513E-11
69.5836487 0.40055126 5.73224836E-11
70.389389 0.405189425 5.62529086E-11
71.2044601 0.409881294 5.51999627E-11
72.0289688 0.414627492 5.41633995E-11
72.8630219 0.419428647 5.31429761E-11
73.7067413 0.424285412 5.21384533E-11
74.5602188 0.429198414 5.11495984E-11
75.4235916 0.434168279 5.01761827E-11
76.2969513 0.439195722 4.92179804E-11
77.1804276 0.444281369 4.82747765E-11
78.0741348 0.449425906 4.73463525E-11
78.9781952 0.454630017 4.64325002E-11
79.8927155 0.459894359 4.55330149E-11
80.8178329 0.465219706 4.46476883E-11
81.7536621 0.470606685 4.37763228E-11
82.7003174 0.476056069 4.29187103E-11
83.6579437 0.481568515 4.20746424E-11
84.6266556 0.487144828 4.12439111E-11
85.6065903 0.492785692 4.04263185E-11
86.5978699 0.498491883 3.96216671E-11
87.6006241 0.504264176 3.88297658E-11
88.6149902 0.510103285 3.80504343E-11
89.6411057 0.516009986 3.72834853E-11
90.6791 0.521985114 3.65287453E-11
91.7291107 0.528029382 3.57860373E-11
92.7912827 0.534143686 3.50551949E-11
93.8657608 0.540328801 3.43360548E-11
94.9526749 0.5465855 3.36284507E-11
96.0521698 0.552914619 3.29322264E-11
97.1644058 0.559317112 3.22472292E-11
98.2895126 0.565793693 3.1573303E-11
99.4276581 0.572345257 3.09103021E-11
100.578972 0.578972697 3.02580808E-11
101.743622 0.585676908 2.96164968E-11
102.921761 0.592458725 2.89854113E-11
104.113533 0.599319041 2.83646717E-11
105.319115 0.606258869 2.77541271E-11
106.538651 0.613278985 2.715363E-11
107.772308 0.620380461 2.656304E-11
109.020256 0.627564132 2.59822146E-11
110.282654 0.634830952 2.54110188E-11
111.559662 0.642181933 2.48493223E-11
112.851463 0.649618089 2.42969932E-11
114.158218 0.657140315 2.37539086E-11
115.48011 0.664749622 2.32199433E-11
116.817307 0.672447026 2.26949796E-11
118.169991 0.680233598 2.21788976E-11
119.53833 0.688110352 2.16715847E-11
120.922523 0.6960783 2.11729297E-11
122.322739 0.704138517 2.06828218E-11
123.739166 0.712292075 2.02011533E-11
125.172005 0.720539987 1.97278201E-11
126.621422 0.728883445 1.92627199E-11
128.087631 0.737323523 1.88057504E-11
129.570816 0.745861351 1.83568126E-11
131.071182 0.754498005 1.79157956E-11
132.588913 0.763234675 1.74825935E-11
134.124222 0.772072494 1.70570988E-11
135.677307 0.781012714 1.66392056E-11
137.248367 0.790056407 1.62288152E-11
138.837631 0.799204826 1.58258285E-11
140.445297 0.808459163 1.54301485E-11
142.071579 0.817820668 1.50416849E-11
143.71669 0.827290595 1.46603441E-11
145.380844 0.836870193 1.42860368E-11
147.064285 0.846560657 1.39186761E-11
148.767197 0.856363416 1.3558178E-11
150.489838 0.866279602 1.32044566E-11
152.232437 0.876310647 1.28574313E-11
153.995209 0.88645786 1.25170204E-11
155.778381 0.896722555 1.2183146E-11
157.582214 0.907106102 1.18557299E-11
159.406937 0.91760993 1.15346951E-11
161.252777 0.928235352 1.12199668E-11
163.119995 0.938983798 1.09114688E-11
165.008835 0.949856699 1.06091195E-11
166.91954 0.960855544 1.03128357E-11
168.852386 0.971981704 1.00225358E-11
170.807602 0.98323673 9.73814085E-12
172.785461 0.994622052 9.45957462E-12
174.786224 1.00613928 9.18675899E-12
176.81015 1.01778984 8.91962199E-12
178.857513 1.02957523 8.65808987E-12
180.928589 1.04149723 8.40209066E-12
183.023636 1.05355716 8.15155495E-12
185.14296 1.0657568 7.90641337E-12
187.286804 1.07809758 7.66659826E-12
189.45549 1.09058142 7.43204109E-12
191.649277 1.10320973 7.20267726E-12
193.868469 1.11598432 6.97843953E-12
196.113373 1.12890685 6.75926372E-12
198.384247 1.14197898 6.54508522E-12
200.681427 1.15520239 6.33583984E-12
203.005219 1.1685791 6.13146469E-12
205.355911 1.18211055 5.9318956E-12
207.73381 1.19579875 5.73706447E-12
210.139252 1.20964539 5.54690061E-12
212.572556 1.22365248 5.36133637E-12
215.034027 1.2378217 5.1803041E-12
217.524002 1.25215507 5.00373744E-12
220.042816 1.26665425 4.83157091E-12
222.59079 1.28132141 4.66374031E-12
225.168274 1.29615843 4.50018104E-12
227.775604 1.31116724 4.34083065E-12
230.413116 1.32634985 4.1856258E-12
233.081177 1.3417083 4.0345045E-12
235.780121 1.35724449 3.88740515E-12
238.51033 1.37296069 3.74426618E-12
241.272156 1.3888588 3.60502687E-12
244.065948 1.40494108 3.46962606E-12
246.892105 1.42120945 3.33800327E-12
249.750977 1.4376663 3.2100982E-12
252.64296 1.45431376 3.08585015E-12
255.56842 1.47115386 2.96519927E-12
258.527771 1.48818898 2.84808462E-12
261.521393 1.5054214 2.73444288E-12
264.549652 1.52285337 2.62420988E-12
267.613007 1.54048717 2.51732185E-12
270.711792 1.55832517 2.41371593E-12
273.846497 1.57636976 2.31332987E-12
277.017487 1.59462321 2.2161023E-12
280.22522 1.61308813 2.12197144E-12
283.470062 1.6317668 2.03087699E-12
286.752502 1.65066183 1.94275802E-12
290.072937 1.66977549 1.85755491E-12
293.431824 1.68911064 1.77520791E-12
296.82959 1.70866966 1.69565761E-12
300.266724 1.72845507 1.61884471E-12
303.743652 1.74846959 1.54471065E-12
307.260834 1.76871598 1.47319667E-12
310.818726 1.78919673 1.40424456E-12
314.417847 1.80991471 1.33779619E-12
318.058624 1.83087254 1.27379368E-12
321.741577 1.85207295 1.21217955E-12
325.467163 1.87351894 1.15289625E-12
329.235901 1.89521325 1.09588488E-12
333.048279 1.91715884 1.04108692E-12
336.904785 1.93935847 9.88444136E-13
340.805969 1.96181524 9.37899389E-13
344.752319 1.984532 8.8939587E-13
348.744354 2.00751185 8.42877688E-13
352.782623 2.03075767 7.98289549E-13
356.867676 2.05427265 7.55576754E-13
361 2.07806015 7.14685201E-13
365.180176 2.10212278 6.75561441E-13
369.408752 2.12646437 6.38152779E-13
373.68631 2.15108752 6.02407013E-13
378.013397 2.17599607 5.68272588E-13
382.390594 2.20119286 5.3569871E-13
386.818451 2.22668147 5.04635179E-13
391.297607 2.25246525 4.75032448E-13
395.828613 2.27854753 4.46841674E-13
400.412109 2.30493188 4.20014772E-13
405.048645 2.33162165 3.94504308E-13
409.738892 2.35862064 3.7026358E-13
414.483459 2.38593221 3.47245995E-13
419.282928 2.41355991 3.25405745E-13
424.138 2.44150758 3.04697971E-13
429.049286 2.46977901 2.85078818E-13
434.017456 2.4983778 2.66505486E-13
439.043152 2.52730751 2.48936017E-13
444.127014 2.55657244 2.32329564E-13
449.269775 2.58617616 2.16646173E-13
454.472076 2.61612272 2.01846867E-13
459.734619 2.64641595 1.87893687E-13
465.058075 2.67705989 1.74749619E-13
470.443207 2.70805883 1.62378601E-13
475.890686 2.7394166 1.50745573E-13
481.401245 2.77113771 1.39816435E-13
486.975586 2.80322599 1.29558067E-13
492.614502 2.83568573 1.1993832E-13
498.318726 2.86852145 1.10926019E-13
504.088959 2.90173721 1.02490946E-13
509.926056 2.93533778 9.4603863E-14
515.830688 2.96932745 8.72364789E-14
521.803772 3.00371075 8.03612954E-14
527.845947 3.03849196 7.395177E-14
533.95813 3.07367611 6.798239E-14
540.141052 3.10926747 6.24286254E-14
546.39563 3.1452713 5.72669353E-14
552.722595 3.18169165 5.24747346E-14
559.122803 3.21853399 4.80303765E-14
565.597107 3.25580287 4.3913139E-14
572.146423 3.29350328 4.01032018E-14
578.771606 3.33164024 3.6581625E-14
585.47345 3.37021875 3.33303331E-14
592.25293 3.40924406 3.03320906E-14
599.11084 3.44872117 2.7570482E-14
606.048218 3.48865557 2.5029893E-14
613.065979 3.52905226 2.2695494E-14
620.164917 3.56991673 2.05532036E-14
627.346069 3.61125445 1.85896847E-14
634.610413 3.65307093 1.67923079E-14
641.958862 3.69537139 1.51491419E-14
649.392395 3.7381618 1.3648911E-14
656.911987 3.78144765 1.22809638E-14
664.518677 3.82523489 1.10352706E-14
672.21344 3.86952901 9.90241655E-15
679.997314 3.91433597 8.8735756E-15
687.871338 3.95966172 7.94048495E-15
695.836487 4.00551271 7.09541712E-15
703.89386 4.05189419 6.33115496E-15
712.044617 4.09881306 5.64096838E-15
720.289673 4.14627504 5.01859017E-15
728.630249 4.19428635 4.4581919E-15
737.067383 4.24285412 3.95436146E-15
745.602234 4.29198408 3.50208017E-15
754.235901 4.34168291 3.09670333E-15
762.969543 4.39195728 2.73393712E-15
771.804321 4.4428134 2.40981911E-15
780.741394 4.49425888 2.1206986E-15
789.781921 4.54629993 1.86321816E-15
798.927185 4.59894371 1.63429427E-15
808.178345 4.65219688 1.43110092E-15
817.53656 4.70606709 1.25105136E-15
827.003235 4.76056051 1.09177994E-15
836.579468 4.81568527 9.5113012E-16
846.266602 4.87144852 8.27140431E-16
856.065918 4.92785692 7.18030412E-16
865.978699 4.98491907 6.22186199E-16
876.006226 5.04264164 5.38147825E-16
886.149902 5.10103273 4.64596777E-16
896.411011 5.16009951 4.00344511E-16
906.791016 5.21985102 3.44321699E-16
917.291138 5.28029394 2.95567991E-16
927.912842 5.34143686 2.53222697E-16
938.657593 5.40328789 2.16515928E-16
949.526733 5.46585464 1.84760319E-16
960.521729 5.52914667 1.57343543E-16
971.644043 5.59317112 1.33721197E-16
982.895142 5.65793705 1.1341026E-16
994.27655 5.72345257 9.59831465E-17
