# E_keV native_EF_E_over_mean_at_0p55_and_0p75_keV; native sampling; no smoothing or continuum subtraction
5.2541269759999998e-01 1.0164062517768873e+00
5.2710916095000004e-01 1.0167845534912205e+00
5.2881110184999991e-01 1.0110858040837285e+00
5.3051853799999993e-01 1.0083287616259160e+00
5.3223148715000002e-01 1.0064681255125500e+00
5.3394996715000009e-01 1.0055633846216161e+00
5.3567399580000008e-01 1.0047196498621616e+00
5.3740359100000001e-01 1.0039309925490063e+00
5.3913877079999994e-01 1.0054379402960820e+00
5.4087955314999991e-01 1.0055721911969506e+00
5.4262595614999998e-01 1.0069925490687630e+00
5.4437799799999997e-01 1.0075175897444986e+00
5.4613569689999997e-01 1.0093931199349933e+00
5.4789907110000002e-01 1.0119519730598401e+00
5.4966813889999999e-01 1.0149495255063741e+00
5.5144291870000006e-01 1.0183305533032572e+00
5.5322342894999998e-01 1.0221687752397384e+00
5.5500968814999996e-01 1.0266432936653878e+00
5.5680171484999996e-01 1.0350984359237294e+00
5.5859952764999998e-01 1.0395262354046182e+00
5.6040314530000002e-01 1.0503131955732206e+00
5.6221258655000006e-01 1.0553382679594916e+00
5.6402787010000011e-01 1.0563234345981141e+00
5.6584901484999994e-01 1.0636023186614119e+00
5.6767603980000003e-01 1.0706883598803612e+00
5.6950896389999994e-01 1.0794104213007867e+00
5.7134780614999991e-01 1.0909159274089264e+00
5.7319258569999998e-01 1.1155234681198400e+00
5.7504332174999995e-01 1.1276619902714473e+00
5.7690003345000007e-01 1.1134218831737206e+00
5.7876274014999995e-01 1.1233190391734038e+00
5.8063146119999998e-01 1.1334664328161237e+00
5.8250621599999997e-01 1.1442607443326531e+00
5.8438702404999998e-01 1.1570368230411914e+00
5.8627390489999998e-01 1.1655132199079108e+00
5.8816687815000002e-01 1.1779948894172896e+00
5.9006596345000006e-01 1.1915903856501016e+00
5.9197118060000009e-01 1.2239806769726818e+00
5.9388254934999996e-01 1.2886876920818822e+00
5.9580008954999997e-01 1.2407922146837627e+00
5.9772382110000000e-01 1.2602872125125106e+00
5.9965376405000004e-01 1.2816919772173272e+00
6.0158993850000009e-01 1.3061538370958787e+00
6.0353236450000003e-01 1.3298643704519588e+00
6.0548106219999998e-01 1.3577391556347589e+00
6.0743605190000005e-01 1.3883241754274238e+00
6.0939735395000005e-01 1.4237990521455082e+00
6.1136498865000011e-01 1.4570557864466449e+00
6.1333897650000002e-01 1.5170427020337760e+00
6.1531933799999994e-01 1.5406003698545823e+00
6.1730609375000001e-01 1.5876417624640558e+00
6.1929926439999994e-01 1.6405408669031172e+00
6.2129887060000000e-01 1.6943582377707325e+00
6.2330493315000002e-01 1.7573515346074016e+00
6.2531747294999995e-01 1.8506323753452667e+00
6.2733651089999998e-01 1.8980675856825291e+00
6.2936206790000004e-01 1.9647363210644404e+00
6.3139416510000002e-01 2.0447053162453823e+00
6.3343282359999997e-01 2.1261356081488221e+00
6.3547806450000000e-01 2.2118916827215096e+00
6.3752990914999996e-01 2.2995447970357175e+00
6.3958837884999997e-01 2.4034361641358131e+00
6.4165349494999990e-01 2.4859834544934754e+00
6.4372527894999998e-01 2.5601822271335264e+00
6.4580375239999999e-01 2.6354416837387626e+00
6.4788893685000004e-01 2.7109203128665924e+00
6.4998085395000005e-01 2.7613426807168984e+00
6.5207952550000003e-01 2.7991610801487030e+00
6.5418497330000003e-01 1.0521883174062511e+01
6.5629721925000006e-01 7.9555380504002002e+00
6.5841628519999995e-01 2.8106971212635679e+00
6.6054219324999996e-01 2.7782941316130008e+00
6.6267496549999994e-01 2.7315484649272461e+00
6.6481462405000002e-01 2.6751243433682985e+00
6.6696119119999997e-01 2.5972924711806114e+00
6.6911468919999995e-01 2.4882876811946391e+00
6.7127514044999992e-01 2.3799041034088506e+00
6.7344256744999997e-01 2.2883822334140351e+00
6.7561699269999997e-01 2.1960148827445711e+00
6.7779843875000001e-01 2.1049862772071375e+00
6.7998692829999996e-01 2.0148043696534361e+00
6.8218248409999993e-01 1.9270760063135461e+00
6.8438512895000003e-01 1.8458569617370668e+00
6.8659488569999994e-01 1.7689337765399655e+00
6.8881177734999999e-01 1.6963175956764889e+00
6.9103582699999999e-01 1.6288236862471139e+00
6.9326705769999997e-01 1.5675517536261123e+00
6.9550549264999995e-01 1.5124106655812302e+00
6.9775115509999996e-01 1.4579835521934723e+00
7.0000406839999996e-01 1.4150672039044001e+00
7.0226425594999997e-01 1.3628721726420046e+00
7.0453174120000006e-01 1.3211490020748264e+00
7.0680654780000007e-01 1.2838882715230717e+00
7.0908869935000007e-01 1.2498824737013727e+00
7.1137821955000002e-01 1.2218597742846136e+00
7.1367513220000001e-01 1.1929887906740471e+00
7.1597946115000000e-01 1.1619493483160546e+00
7.1829123034999998e-01 1.1381900143292414e+00
7.2061046384999994e-01 1.1157450048860000e+00
7.2293718574999999e-01 1.0960632412278644e+00
7.2527142019999991e-01 1.0781708062322817e+00
7.2761319149999992e-01 1.0723888430915762e+00
7.2996252395000005e-01 1.0474992263534937e+00
7.3231944194999998e-01 1.0432926812781509e+00
7.3468397004999997e-01 1.0239716204368920e+00
7.3705613275000004e-01 1.0130828015532938e+00
7.3943595475000001e-01 1.0114712515771120e+00
7.4182346080000006e-01 9.9736996456120741e-01
7.4421867564999999e-01 9.9090728657473004e-01
7.4662162420000000e-01 9.8633737018774803e-01
7.4903233145000003e-01 9.8589519663565184e-01
7.5145082250000006e-01 9.8220390736920338e-01
7.5387712240000004e-01 9.8085237479230758e-01
7.5631125634999996e-01 9.8974387774110339e-01
7.5875324970000002e-01 9.8608648370965357e-01
7.6120312779999999e-01 9.8481244987751837e-01
7.6366091610000009e-01 9.8807564252796631e-01
7.6612664019999999e-01 9.9245175447726186e-01
7.6860032565000003e-01 9.9341579958467074e-01
7.7108199820000001e-01 9.9465165724803872e-01
7.7357168364999995e-01 1.0004913980879044e+00
7.7606940780000000e-01 1.4343437419480396e+00
7.7857519664999997e-01 1.3342973729595058e+00
7.8108907625000001e-01 9.9355292535687811e-01
7.8361107274999997e-01 9.9107785053694075e-01
7.8614121230000000e-01 9.8695752399880621e-01
7.8867952119999996e-01 9.8230326341144503e-01
7.9122602590000002e-01 9.7757866717736641e-01
7.9378075280000004e-01 9.7258075226815643e-01
7.9634372840000001e-01 9.6723572967610383e-01
7.9891497940000000e-01 9.6166887005970969e-01
