# E_keV native_EF_E_over_mean_at_0p55_and_0p75_keV; native sampling; no smoothing or continuum subtraction
5.2527859999999993e-01 8.8418381239744404e-01
5.2791120000000002e-01 8.8300477109158726e-01
5.3055710000000000e-01 8.8158124664196014e-01
5.3321619999999992e-01 8.8095587066531922e-01
5.3588860000000005e-01 8.8086806937323148e-01
5.3857440000000001e-01 8.8220557503788066e-01
5.4127369999999997e-01 8.8054497204877391e-01
5.4398649999999993e-01 8.8113882724677295e-01
5.4671300000000000e-01 8.8194911540017773e-01
5.4945299999999997e-01 8.8366936569603771e-01
5.5220680000000000e-01 8.8456401064873291e-01
5.5497450000000004e-01 8.8642150635813677e-01
5.5775589999999997e-01 8.9205259566666573e-01
5.6055139999999992e-01 9.0048908847464126e-01
5.6336079999999999e-01 8.9440478362404419e-01
5.6618429999999997e-01 8.9743911847405167e-01
5.6902200000000003e-01 9.0169030871682709e-01
5.7187390000000005e-01 9.0582967698516470e-01
5.7474009999999998e-01 9.1329466651352242e-01
5.7762059999999993e-01 9.1561483989868864e-01
5.8051559999999991e-01 9.2171865153805954e-01
5.8342510000000003e-01 9.2874382145284962e-01
5.8634920000000001e-01 9.3525330312915234e-01
5.8928790000000009e-01 9.4166856399792787e-01
5.9224140000000003e-01 9.7816736214797528e-01
5.9520960000000001e-01 9.5753874017579332e-01
5.9819280000000008e-01 9.6604478046451825e-01
6.0119090000000008e-01 9.7593128695718168e-01
6.0420399999999996e-01 9.8660640809139200e-01
6.0723220000000000e-01 1.0029343483530959e+00
6.1027560000000003e-01 1.0075326961323243e+00
6.1333430000000000e-01 1.0356044482784266e+00
6.1640819999999996e-01 1.0320587560447068e+00
6.1949759999999998e-01 1.0452231658030673e+00
6.2260249999999995e-01 1.0602723114953325e+00
6.2572289999999997e-01 1.0878964610151651e+00
6.2885900000000006e-01 1.0893492601269126e+00
6.3201079999999998e-01 1.1052230808742609e+00
6.3517840000000003e-01 1.1241269418116475e+00
6.3836179999999998e-01 1.1389232508290472e+00
6.4156130000000000e-01 1.1649213477786811e+00
6.4477669999999998e-01 1.1762085438936096e+00
6.4800829999999998e-01 1.1980599020664886e+00
6.5125599999999995e-01 1.2138428502530096e+00
6.5452009999999994e-01 2.5923475487078340e+00
6.5780050000000001e-01 1.2253319448440478e+00
6.6109730000000000e-01 1.2059401072337024e+00
6.6441070000000002e-01 1.1924640384354801e+00
6.6774069999999996e-01 1.1690983656838656e+00
6.7108730000000005e-01 1.1573015786038874e+00
6.7445079999999991e-01 1.1441619244686461e+00
6.7783110000000002e-01 1.1322610711254011e+00
6.8122830000000001e-01 1.1202538424457895e+00
6.8464250000000004e-01 1.1084601351554408e+00
6.8807390000000002e-01 1.0975817012178111e+00
6.9152250000000004e-01 1.0877478754773655e+00
6.9498830000000000e-01 1.0799890918183921e+00
6.9847159999999997e-01 1.0707828732562394e+00
7.0197220000000005e-01 1.0623360659054506e+00
7.0549050000000002e-01 1.0518059067595273e+00
7.0902630000000000e-01 1.0496287796707346e+00
7.1257989999999993e-01 1.0399156230308264e+00
7.1615130000000005e-01 1.0361206101464115e+00
7.1974059999999995e-01 1.0286415813214951e+00
7.2334789999999993e-01 1.0239827722306631e+00
7.2697319999999999e-01 1.0333685233473746e+00
7.3061680000000007e-01 1.0177281131621736e+00
7.3427860000000000e-01 1.0233124458985103e+00
7.3795869999999997e-01 1.0208696862951674e+00
7.4165729999999996e-01 1.0132267308334451e+00
7.4537439999999999e-01 1.0121053985205211e+00
7.4911019999999995e-01 1.0093777959516081e+00
7.5286459999999999e-01 1.0091562256185116e+00
7.5663789999999997e-01 1.0165739209077456e+00
7.6043010000000000e-01 1.0118062689273855e+00
7.6424139999999996e-01 1.0125821351561057e+00
7.6807169999999991e-01 1.0157920901724582e+00
7.7192119999999997e-01 1.0281351015393307e+00
7.7578999999999998e-01 1.3984742963725694e+00
7.7967819999999999e-01 1.0176439088140128e+00
7.8358590000000006e-01 1.0098498046947235e+00
7.8751309999999997e-01 1.0030127333502763e+00
7.9146010000000000e-01 9.9773304899524318e-01
7.9542679999999999e-01 9.9409133462528132e-01
7.9941340000000005e-01 9.8895840404934188e-01
