# E_keV native_EF_E_over_mean_at_0p55_and_0p75_keV; native sampling; no smoothing or continuum subtraction
5.2527859999999993e-01 9.5730241863328003e-01
5.2791120000000002e-01 9.5619644718991059e-01
5.3055710000000000e-01 9.5496823662289654e-01
5.3321619999999992e-01 9.5428108954682711e-01
5.3588860000000005e-01 9.5405665157978548e-01
5.3857440000000001e-01 9.5485265408276399e-01
5.4127369999999997e-01 9.5344263410322472e-01
5.4398649999999993e-01 9.5370625997211278e-01
5.4671300000000000e-01 9.5411157423221227e-01
5.4945299999999997e-01 9.5532335744684449e-01
5.5220680000000000e-01 9.5570818312599815e-01
5.5497450000000004e-01 9.5691508500381817e-01
5.5775589999999997e-01 9.6178922600366623e-01
5.6055139999999992e-01 9.6912730271871905e-01
5.6336079999999999e-01 9.6238198792596197e-01
5.6618429999999997e-01 9.6437090339831610e-01
5.6902200000000003e-01 9.6735609327067495e-01
5.7187390000000005e-01 9.7026984448386022e-01
5.7474009999999998e-01 9.7501979244443815e-01
5.7762059999999993e-01 9.7727746458957510e-01
5.8051559999999991e-01 9.8185703764969745e-01
5.8342510000000003e-01 9.8701559124958416e-01
5.8634920000000001e-01 9.9171973432137839e-01
5.8928790000000009e-01 9.9626775012758972e-01
5.9224140000000003e-01 1.0278534839764610e+00
5.9520960000000001e-01 1.0078081965252832e+00
5.9819280000000008e-01 1.0139644583095879e+00
6.0119090000000008e-01 1.0211963953616934e+00
6.0420399999999996e-01 1.0291985666169488e+00
6.0723220000000000e-01 1.0425509387295215e+00
6.1027560000000003e-01 1.0438373923047513e+00
6.1333430000000000e-01 1.0684335453199854e+00
6.1640819999999996e-01 1.0611612630338936e+00
6.1949759999999998e-01 1.0703341954811145e+00
6.2260249999999995e-01 1.0811490298642621e+00
6.2572289999999997e-01 1.1026950829917150e+00
6.2885900000000006e-01 1.1010928495006376e+00
6.3201079999999998e-01 1.1121180601246636e+00
6.3517840000000003e-01 1.1258797051855898e+00
6.3836179999999998e-01 1.1355293749813271e+00
6.4156130000000000e-01 1.1550993111408874e+00
6.4477669999999998e-01 1.1619535286025202e+00
6.4800829999999998e-01 1.1777198664539377e+00
6.5125599999999995e-01 1.1884649318469385e+00
6.5452009999999994e-01 2.4110691420871695e+00
6.5780050000000001e-01 1.1988851536290825e+00
6.6109730000000000e-01 1.1843156548421472e+00
6.6441070000000002e-01 1.1751487967046610e+00
6.6774069999999996e-01 1.1582913328259330e+00
6.7108730000000005e-01 1.1508495667097549e+00
6.7445079999999991e-01 1.1421256076430273e+00
6.7783110000000002e-01 1.1344309262519943e+00
6.8122830000000001e-01 1.1264094593772480e+00
6.8464250000000004e-01 1.1184303715572161e+00
6.8807390000000002e-01 1.1111155618123707e+00
6.9152250000000004e-01 1.1045185525210919e+00
6.9498830000000000e-01 1.0997995563508849e+00
6.9847159999999997e-01 1.0930087394582966e+00
7.0197220000000005e-01 1.0881234715375117e+00
7.0549050000000002e-01 1.0796119924430769e+00
7.0902630000000000e-01 1.0794487308401326e+00
7.1257989999999993e-01 1.0710451631142461e+00
7.1615130000000005e-01 1.0690215751890060e+00
7.1974059999999995e-01 1.0624711933981055e+00
7.2334789999999993e-01 1.0589631899289187e+00
7.2697319999999999e-01 1.0674176129836406e+00
7.3061680000000007e-01 1.0536609675941124e+00
7.3427860000000000e-01 1.0590239644986534e+00
7.3795869999999997e-01 1.0564984002226288e+00
7.4165729999999996e-01 1.0495830314923347e+00
7.4537439999999999e-01 1.0474794721199248e+00
7.4911019999999995e-01 1.0448346109663493e+00
7.5286459999999999e-01 1.0438455551998367e+00
7.5663789999999997e-01 1.0503545223749129e+00
7.6043010000000000e-01 1.0443488401319905e+00
7.6424139999999996e-01 1.0435467500753899e+00
7.6807169999999991e-01 1.0450226531577855e+00
7.7192119999999997e-01 1.0560717418276526e+00
7.7578999999999998e-01 1.3710663955097802e+00
7.7967819999999999e-01 1.0440908088053737e+00
7.8358590000000006e-01 1.0371448376531547e+00
7.8751309999999997e-01 1.0309456930210603e+00
7.9146010000000000e-01 1.0261630916383748e+00
7.9542679999999999e-01 1.0230495807516824e+00
7.9941340000000005e-01 1.0179422605890769e+00
