# E_keV native_EF_E_over_mean_at_0p55_and_0p75_keV; native sampling; no smoothing or continuum subtraction
5.3110000000000002e-01 1.1189988010791063e+00
5.4169999999999996e-01 1.1263849317792984e+00
5.5249999999999999e-01 1.1365408614920625e+00
5.6359999999999999e-01 1.1494665902173986e+00
5.7479999999999998e-01 1.1633155852802590e+00
5.8630000000000004e-01 1.1790111130181671e+00
5.9809999999999997e-01 1.1974764397686477e+00
6.0999999999999999e-01 1.2177882991941760e+00
6.2219999999999998e-01 1.2399466912947521e+00
6.3470000000000004e-01 1.2630283497328525e+00
6.4739999999999998e-01 1.2851867418334291e+00
6.6030000000000000e-01 1.2307140279195121e+00
6.7349999999999999e-01 1.1679319169678790e+00
6.8700000000000006e-01 1.1060730723537702e+00
7.0069999999999999e-01 1.0451374940771849e+00
7.1470000000000000e-01 9.8697171481317203e-01
7.2899999999999998e-01 9.3342226723677924e-01
7.4360000000000004e-01 8.8476613124926362e-01
7.5849999999999995e-01 8.4063400031561586e-01
7.7370000000000005e-01 8.0093354780208315e-01
7.8910000000000002e-01 7.6501848727239885e-01
