# E_keV EF_E_over_20_50_keV_mean EF_E_over_EF_E_at_2p25_keV
1.3979999999999999e-03 1.0867948203180558e-04 1.7956968153249502e-04
1.4679999999999999e-03 1.4907958974532599e-04 2.4632224917789706e-04
1.5410000000000001e-03 1.8603912638930165e-04 3.0739000640924818e-04
1.6190000000000000e-03 2.2026748806054590e-04 3.6394507908511553e-04
1.6990000000000000e-03 2.5680138704643356e-04 4.2430956080132632e-04
1.7840000000000000e-03 2.9883310578262466e-04 4.9375801792143296e-04
1.8740000000000000e-03 3.4742673841433935e-04 5.7404863923328617e-04
1.9670000000000000e-03 4.0382372811100084e-04 6.6723264498937855e-04
2.0660000000000001e-03 4.6908816901782918e-04 7.7506822397756085e-04
2.1689999999999999e-03 5.4446150430424798e-04 8.9960659645032582e-04
2.2769999999999999e-03 6.3171722421229029e-04 1.0437780770540914e-03
2.3909999999999999e-03 7.3262881898398971e-04 1.2105129804352757e-03
2.5110000000000002e-03 8.4914712788558273e-04 1.4030346527049381e-03
2.6359999999999999e-03 9.8340033920750968e-04 1.6248594714387806e-03
2.7680000000000001e-03 1.1380486883128206e-03 1.8803829086064304e-03
2.9069999999999999e-03 1.3162844576371754e-03 2.1748795305714394e-03
3.0520000000000000e-03 1.5211225805920308e-03 2.5133308722327182e-03
3.2049999999999999e-03 1.7566420847340636e-03 2.9024766572770281e-03
3.3649999999999999e-03 2.0270993466441544e-03 3.3493496408557736e-03
3.5330000000000001e-03 2.3374601389999959e-03 3.8621547039789234e-03
3.7100000000000002e-03 2.6921581874066723e-03 4.4482176332625231e-03
3.8950000000000000e-03 3.0965139625902830e-03 5.1163293726458276e-03
4.0899999999999999e-03 3.5611684060030289e-03 5.8840718100073436e-03
4.2940000000000001e-03 4.0896684981289767e-03 6.7573055746399067e-03
4.5090000000000000e-03 4.6926551804203258e-03 7.7536125544220265e-03
4.7349999999999996e-03 5.3772224138452108e-03 8.8847140079393750e-03
4.9709999999999997e-03 6.1540111398558318e-03 1.0168191823070459e-02
5.2199999999999998e-03 7.0372092803884546e-03 1.1627488516986620e-02
5.4809999999999998e-03 8.0339107964112165e-03 1.3274325348273538e-02
5.7549999999999997e-03 9.1618505903444461e-03 1.5138005463395386e-02
6.0429999999999998e-03 1.0433443093882380e-02 1.7239041064877090e-02
6.3449999999999999e-03 1.1862876228961285e-02 1.9600874669889998e-02
6.6620000000000004e-03 1.3469658388243528e-02 2.2255739739544707e-02
6.9950000000000003e-03 1.5271524474149444e-02 2.5232939420305394e-02
7.3450000000000000e-03 1.7284435898857330e-02 2.8558846543989824e-02
7.7120000000000001e-03 1.9526127564787523e-02 3.2262764257062176e-02
8.0979999999999993e-03 2.2026748806054590e-02 3.6394507908511557e-02
8.5030000000000001e-03 2.4793393583626665e-02 4.0965798756923633e-02
8.9280000000000002e-03 2.7826061897503748e-02 4.5976636802298416e-02
9.3740000000000004e-03 3.1177958454946836e-02 5.1514931484028435e-02
9.8429999999999993e-03 3.5008697377738943e-02 5.7844411120291310e-02
1.0189999999999999e-02 3.8041365691616022e-02 6.2855249165666094e-02
1.0540000000000001e-02 4.1180443420015103e-02 6.8041906089825951e-02
1.0910000000000000e-02 4.4443665465356524e-02 7.3433685039235072e-02
1.1299999999999999e-02 4.7884236534901287e-02 7.9118495453285989e-02
1.1690000000000001e-02 5.1555361335910384e-02 8.5184246771371250e-02
1.2100000000000000e-02 5.5492509673224492e-02 9.1689545286419205e-02
1.2520000000000000e-02 5.9695681546843599e-02 9.8634390998429855e-02
1.2959999999999999e-02 6.4147142054347378e-02 1.0598948076093903e-01
1.3410000000000000e-02 6.8864626098156190e-02 1.1378411772041093e-01
1.3880000000000000e-02 7.3848133678269978e-02 1.2201830187684551e-01
1.4370000000000001e-02 7.9133134599529462e-02 1.3075063952317115e-01
1.4870000000000000e-02 8.4684159057093950e-02 1.3992252436645949e-01
1.5389999999999999e-02 9.0536676855804105e-02 1.4959256269963889e-01
1.5930000000000000e-02 9.6708422898080251e-02 1.5979005766917351e-01
1.6490000000000001e-02 1.0318166228150211e-01 1.7048570612859923e-01
1.7069999999999998e-02 1.0997412990848994e-01 1.8170881122438015e-01
1.7659999999999999e-02 1.1710356068146413e-01 1.9348867610298051e-01
1.8280000000000001e-02 1.2455221969800434e-01 2.0579599761793610e-01
1.8919999999999999e-02 1.3233784186053088e-01 2.1866007891571110e-01
1.9590000000000000e-02 1.4046042716904378e-01 2.3208091999630556e-01
2.0270000000000000e-02 1.4893771052596333e-01 2.4608782400618359e-01
2.0979999999999999e-02 1.5776969193128956e-01 2.6068079094534524e-01
2.1710000000000000e-02 1.6693863648260215e-01 2.7583051766732630e-01
2.2470000000000000e-02 1.7648001398474175e-01 2.9159561046505517e-01
2.3259999999999999e-02 1.8639382443770836e-01 3.0797606933853178e-01
2.4080000000000001e-02 1.9668006784150191e-01 3.2497189428775608e-01
2.4920000000000001e-02 2.0714366026949890e-01 3.4226075070162237e-01
2.5790000000000000e-02 2.1813929977010588e-01 3.6042870150941397e-01
2.6689999999999998e-02 2.2948963731911953e-01 3.7918271524648922e-01
2.7629999999999998e-02 2.4119467291653984e-01 3.9852279191284801e-01
2.8590000000000001e-02 2.5325440656236681e-01 4.1844893150849038e-01
2.9590000000000002e-02 2.6566883825660048e-01 4.3896113403341641e-01
3.0630000000000001e-02 2.7843796799924075e-01 4.6005939948762586e-01
3.1699999999999999e-02 2.9138444676608444e-01 4.8145069640647725e-01
3.2809999999999999e-02 3.0486297260553819e-01 5.0372108771925417e-01
3.3959999999999997e-02 3.1869619649339853e-01 5.2657754196131445e-01
3.5150000000000001e-02 3.3288411842966559e-01 5.5002005913265850e-01
3.6380000000000003e-02 3.4742673841433935e-01 5.7404863923328620e-01
3.7650000000000003e-02 3.6250140547162307e-01 5.9895631372783908e-01
3.8969999999999998e-02 3.7775342155311015e-01 6.2415701968703396e-01
4.0329999999999998e-02 3.9353748470720723e-01 6.5023682004015415e-01
4.1750000000000002e-02 4.0985359493391432e-01 6.7719571478719975e-01
4.3209999999999998e-02 4.2670175223323142e-01 7.0503370392817066e-01
4.4720000000000003e-02 4.4390460758095523e-01 7.3345775599842533e-01
4.6289999999999998e-02 4.6199420804969571e-01 7.6334696539188884e-01
4.7899999999999998e-02 4.8079320461524960e-01 7.9440830064391976e-01
4.9579999999999999e-02 5.0047894630182022e-01 8.2693479321915964e-01
5.1319999999999998e-02 5.2176082920622069e-01 8.6209856897617554e-01
5.3109999999999997e-02 5.4534824942526461e-01 9.0107175377353488e-01
5.4969999999999998e-02 5.7265999915257881e-01 9.4619859932837225e-01
5.6899999999999999e-02 6.0617896472700961e-01 1.0015815461456723e+00
5.8889999999999998e-02 6.4892007956001407e-01 1.0722021291243460e+00
6.0949999999999997e-02 6.5814222881858764e-01 1.0874397652857195e+00
6.3079999999999997e-02 6.7321689587587130e-01 1.1123474397802726e+00
6.5290000000000001e-02 6.9290263756244197e-01 1.1448739323555124e+00
6.7570000000000005e-02 7.1631270875728248e-01 1.1835540856882301e+00
6.9940000000000002e-02 7.4078687409734301e-01 1.2239924278087981e+00
7.2389999999999996e-02 7.6809862382465732e-01 1.2691192733636356e+00
7.4920000000000000e-02 7.9895735403603807e-01 1.3201067482113087e+00
7.7539999999999998e-02 8.3442715887670582e-01 1.3787130411396689e+00
8.0259999999999998e-02 8.7521743444347355e-01 1.4461102780072830e+00
8.3070000000000005e-02 9.2132818073634148e-01 1.5222984588141510e+00
8.5970000000000005e-02 9.7169530361008949e-01 1.6055193947724220e+00
8.8980000000000004e-02 1.0263188030647177e+00 1.6957730858820965e+00
9.2100000000000001e-02 1.0839572359308025e+00 1.7910083118906814e+00
9.5320000000000002e-02 1.1252795585701802e+00 1.8592846431522208e+00
9.8659999999999998e-02 1.1669565792579646e+00 1.9281470373430436e+00
1.0059999999999999e-01 1.1923174897190421e+00 1.9700505367868211e+00
1.0260000000000000e-01 1.2189198433495427e+00 2.0140052564830913e+00
1.0470000000000000e-01 1.2462315930768568e+00 2.0591321020379283e+00
1.0680000000000001e-01 1.2738980408525775e+00 2.1048450105220491e+00
1.0890000000000000e-01 1.3012097905798914e+00 2.1499718560768861e+00
1.1110000000000000e-01 1.3281668422587991e+00 2.1945126387024403e+00
1.1330000000000000e-01 1.3549465449135032e+00 2.2387603898633519e+00
1.1559999999999999e-01 1.3817262475682071e+00 2.2830081410242635e+00
1.1790000000000000e-01 1.4083286011987077e+00 2.3269628607205335e+00
1.2030000000000000e-01 1.4338668606839886e+00 2.3691593916289526e+00
1.2270000000000000e-01 1.4459265943298156e+00 2.3890855312245951e+00
1.2509999999999999e-01 1.4549713945641858e+00 2.4040301359213267e+00
1.2759999999999999e-01 1.4617106574839127e+00 2.4151653315777155e+00
1.3020000000000001e-01 1.4664990811374026e+00 2.4230771811230438e+00
1.3280000000000000e-01 1.4698687125972660e+00 2.4286447789512380e+00
1.3539999999999999e-01 1.4725289479603163e+00 2.4330402509208651e+00
1.3810000000000000e-01 1.4750118342991629e+00 2.4371426914258500e+00
1.4090000000000000e-01 1.4778494186864164e+00 2.4418311948601192e+00
1.4369999999999999e-01 1.4817510972188899e+00 2.4482778870822388e+00
1.4660000000000001e-01 1.4865395208723797e+00 2.4561897366275671e+00
1.4949999999999999e-01 1.4927467367194966e+00 2.4664458378900300e+00
1.5250000000000000e-01 1.5001953957360368e+00 2.4787531594049859e+00
1.5559999999999999e-01 1.5090628469462037e+00 2.4934047326370758e+00
1.5870000000000001e-01 1.5191717413257941e+00 2.5101075261216583e+00
1.6189999999999999e-01 1.5306994278990114e+00 2.5291545713233758e+00
1.6510000000000000e-01 1.5427591615448382e+00 2.5490807109190179e+00
1.6839999999999999e-01 1.5560603383600882e+00 2.5710580707671524e+00
1.7180000000000001e-01 1.5704256093205591e+00 2.5947936194031391e+00
1.7519999999999999e-01 1.5858549744262493e+00 2.6202873568269753e+00
1.7870000000000000e-01 1.6025257827013630e+00 2.6478323145033045e+00
1.8229999999999999e-01 1.6200833360974933e+00 2.6768424295028423e+00
1.8590000000000001e-01 1.6387049836388441e+00 2.7076107332902319e+00
1.8959999999999999e-01 1.6576813292286012e+00 2.7389651000069044e+00
1.9339999999999999e-01 1.6692090158018180e+00 2.7580121452086210e+00
1.9730000000000000e-01 1.6802046553024250e+00 2.7761800960164127e+00
2.0119999999999999e-01 1.6913776438272354e+00 2.7946410782888460e+00
2.0530000000000001e-01 1.7029053304004524e+00 2.8136881234905635e+00
2.0940000000000000e-01 1.7149650640462797e+00 2.8336142630862060e+00
2.1360000000000001e-01 1.7277341937889197e+00 2.8547125285404151e+00
2.1779999999999999e-01 1.7413900686525767e+00 2.8772759513178334e+00
2.2220000000000001e-01 1.7557553396130472e+00 2.9010114999538197e+00
2.2660000000000000e-01 1.7706526576461274e+00 2.9256261429837309e+00
2.3119999999999999e-01 1.7859046737276145e+00 2.9508268489429255e+00
2.3580000000000001e-01 1.8036395761479485e+00 2.9801299954071054e+00
2.4049999999999999e-01 1.8196009883262487e+00 3.0065028272248675e+00
2.4529999999999999e-01 1.8373358907465824e+00 3.0358059736890475e+00
2.5019999999999998e-01 1.8568442834089496e+00 3.0680394347996454e+00
2.5519999999999998e-01 1.8781261663133506e+00 3.1032032105566616e+00
2.6029999999999998e-01 1.8994080492177510e+00 3.1383669863136778e+00
2.6550000000000001e-01 1.9224634223641848e+00 3.1764610767171115e+00
2.7089999999999997e-01 1.9472922857526522e+00 3.2174854817669636e+00
2.7629999999999999e-01 1.9650271881729859e+00 3.2467886282311436e+00
2.8179999999999999e-01 1.9863090710773867e+00 3.2819524039881594e+00
2.8739999999999999e-01 2.0058174637397537e+00 3.3141858650987572e+00
2.9320000000000002e-01 2.0288728368861881e+00 3.3522799555021918e+00
2.9899999999999999e-01 2.0519282100326217e+00 3.3903740459056255e+00
3.0499999999999999e-01 2.0767570734210894e+00 3.4313984509554776e+00
3.1109999999999999e-01 2.1051329172936235e+00 3.4782834852981659e+00
3.1730000000000003e-01 2.1335087611661572e+00 3.5251685196408529e+00
3.2369999999999999e-01 2.1654315855227582e+00 3.5779141832763774e+00
3.3019999999999999e-01 2.1973544098793591e+00 3.6306598469119016e+00
3.3679999999999999e-01 2.2292772342359597e+00 3.6834055105474253e+00
3.4350000000000003e-01 2.2612000585925611e+00 3.7361511741829503e+00
3.5039999999999999e-01 2.2931228829491612e+00 3.7888968378184731e+00
3.5740000000000000e-01 2.3214987268216953e+00 3.8357818721611614e+00
3.6449999999999999e-01 2.3481010804521967e+00 3.8797365918574318e+00
3.7180000000000002e-01 2.3569685316623632e+00 3.8943881650895209e+00
3.7930000000000003e-01 2.3498745706942299e+00 3.8826669065038502e+00
3.8679999999999998e-01 2.3374601389999961e+00 3.8621547039789230e+00
3.9460000000000001e-01 2.3214987268216953e+00 3.8357818721611614e+00
4.0250000000000002e-01 2.3037638244013618e+00 3.8064787256969819e+00
4.1049999999999998e-01 2.2842554317389947e+00 3.7742452645863840e+00
4.1870000000000002e-01 2.2629735488345943e+00 3.7390814888293677e+00
4.2709999999999998e-01 2.2434651561722267e+00 3.7068480277187690e+00
4.3569999999999998e-01 2.2257302537518933e+00 3.6775448812545894e+00
4.4440000000000002e-01 2.2062218610895261e+00 3.6453114201439916e+00
4.5329999999999998e-01 2.1884869586691922e+00 3.6160082736798116e+00
4.6229999999999999e-01 2.1760725269749583e+00 3.5954960711548853e+00
4.7160000000000002e-01 2.1654315855227582e+00 3.5779141832763774e+00
4.8099999999999998e-01 2.1601111147966581e+00 3.5691232393371233e+00
4.9059999999999998e-01 2.1476966831024242e+00 3.5486110368121975e+00
5.0039999999999996e-01 2.1423762123763246e+00 3.5398200928729437e+00
5.1039999999999996e-01 2.1388292318922573e+00 3.5339594635801070e+00
5.2059999999999995e-01 2.1406027221342909e+00 3.5368897782265254e+00
5.3110000000000002e-01 2.1494701733444579e+00 3.5515413514586158e+00
5.4169999999999996e-01 2.1636580952807245e+00 3.5749838686299595e+00
5.5249999999999999e-01 2.1831664879430916e+00 3.6072173297405570e+00
5.6359999999999999e-01 2.2079953513315593e+00 3.6482417347904095e+00
5.7479999999999998e-01 2.2345977049620602e+00 3.6921964544866799e+00
5.8630000000000004e-01 2.2647470390766271e+00 3.7420118034757852e+00
5.9809999999999997e-01 2.3002168439172954e+00 3.8006180964041456e+00
6.0999999999999999e-01 2.3392336292420293e+00 3.8650850186253414e+00
6.2219999999999998e-01 2.3817973950508304e+00 3.9354125701393730e+00
6.3470000000000004e-01 2.4261346511016648e+00 4.0086704362998233e+00
6.4739999999999998e-01 2.4686984169104664e+00 4.0789979878138558e+00
6.6030000000000000e-01 2.3640624926304969e+00 3.9061094236751934e+00
6.7349999999999999e-01 2.2434651561722267e+00 3.7068480277187690e+00
6.8700000000000006e-01 2.1246413099559902e+00 3.5105169464087638e+00
7.0069999999999999e-01 2.0075909539817869e+00 3.3171161797451751e+00
7.1470000000000000e-01 1.8958610687336841e+00 3.1325063570208411e+00
7.2899999999999998e-01 1.7929986346957481e+00 2.9625481075285975e+00
7.4360000000000004e-01 1.6995356989405888e+00 2.8081205256623689e+00
7.5849999999999995e-01 1.6147628653713935e+00 2.6680514855635891e+00
7.7370000000000005e-01 1.5385027849639579e+00 2.5420479557676146e+00
7.8910000000000002e-01 1.4695140145488594e+00 2.4280587160219542e+00
8.0489999999999995e-01 1.4065551109566745e+00 2.3240325460741156e+00
8.2099999999999995e-01 1.3480299329695731e+00 2.2273321627423219e+00
8.3740000000000003e-01 1.2925196883939281e+00 2.1356133143094382e+00
8.5419999999999996e-01 1.2389602830845199e+00 2.0471178119876146e+00
8.7129999999999996e-01 1.1859329248477219e+00 1.9595014040597165e+00
8.8870000000000005e-01 1.1256342566185871e+00 1.8598707060815045e+00
9.0649999999999997e-01 1.0938887812861893e+00 1.8074180739106220e+00
9.2459999999999998e-01 1.0804102554467356e+00 1.7851476825978454e+00
9.4310000000000005e-01 1.0837798869065989e+00 1.7907152804260393e+00
9.6189999999999998e-01 1.1047070717625931e+00 1.8252929932537720e+00
9.8119999999999996e-01 1.1435465080631240e+00 1.8894668840103261e+00
1.0009999999999999e+00 1.2006528938565988e+00 1.9838230156249854e+00
1.0209999999999999e+00 1.2728339467073575e+00 2.1030868217341983e+00
1.0409999999999999e+00 1.2728339467073575e+00 2.1030868217341983e+00
1.0620000000000001e+00 1.2804599547481010e+00 2.1156871747137957e+00
1.0830000000000000e+00 1.2871992176678280e+00 2.1268223703701841e+00
1.1050000000000000e+00 1.2456995460042468e+00 2.0582530076440029e+00
1.1270000000000000e+00 1.1846914816782985e+00 1.9574501838072240e+00
1.1499999999999999e+00 1.1348564058771606e+00 1.8751083422428780e+00
1.1730000000000000e+00 1.1018694873753394e+00 1.8206044898195028e+00
1.1960000000000000e+00 1.0797008593499222e+00 1.7839755567392779e+00
1.2200000000000000e+00 1.0786367652047024e+00 1.7822173679514275e+00
1.2440000000000000e+00 1.0155005125883139e+00 1.6778981665389465e+00
1.2689999999999999e+00 9.6956711531964934e-01 1.6020030171967203e+00
1.2949999999999999e+00 9.4225536559233525e-01 1.5568761716418831e+00
1.3210000000000000e+00 8.9738606246889085e-01 1.4827392110875079e+00
1.3470000000000000e+00 8.6457649299127326e-01 1.4285283901287749e+00
1.3740000000000001e+00 8.3354041375568899e-01 1.3772478838164597e+00
1.4010000000000000e+00 8.2130333108565867e-01 1.3570287127561755e+00
1.4290000000000000e+00 8.2325417035189541e-01 1.3602520588672353e+00
1.4580000000000000e+00 8.3708739423975564e-01 1.3831085131092957e+00
1.4870000000000001e+00 8.0055349525386799e-01 1.3227440313930847e+00
1.5169999999999999e+00 7.7058151016350396e-01 1.2732217138686206e+00
1.5469999999999999e+00 7.4717143896866334e-01 1.2345415605359031e+00
1.5780000000000001e+00 7.2961388557253304e-01 1.2055314455363653e+00
1.6100000000000001e+00 7.1684475582989260e-01 1.1844331800821555e+00
1.6419999999999999e+00 7.0815465364392904e-01 1.1700746383147074e+00
1.6750000000000000e+00 7.0283418291782884e-01 1.1612836943754532e+00
1.7080000000000000e+00 7.0070599462738881e-01 1.1577673167997515e+00
1.7420000000000000e+00 7.0159273974840541e-01 1.1592324741229605e+00
1.7769999999999999e+00 7.0567176730508230e-01 1.1659721978097222e+00
1.8129999999999999e+00 7.1329777534582584e-01 1.1785725507893194e+00
1.8490000000000000e+00 7.2482546191904274e-01 1.1976195959910363e+00
1.8859999999999999e+00 7.2979123459673623e-01 1.2058244770010069e+00
1.9239999999999999e+00 7.4114157214574994e-01 1.2245784907380821e+00
1.9620000000000000e+00 7.6118201188072721e-01 1.2576910462426054e+00
2.0009999999999999e+00 7.8973520477746451e-01 1.3048691120499352e+00
2.0419999999999998e+00 7.2890448947571962e-01 1.2043593196777980e+00
2.0819999999999999e+00 6.7800531952936149e-01 1.1202592893256011e+00
2.1240000000000001e+00 6.4359960883391398e-01 1.0634111851850920e+00
2.1659999999999999e+00 6.2231772592951340e-01 1.0282474094280760e+00
2.2100000000000000e+00 6.0990329423527967e-01 1.0077352069031500e+00
2.2540000000000000e+00 6.0476017253338299e-01 9.9923729442853804e-01
2.2989999999999999e+00 6.0635631375121291e-01 1.0018745776103142e+00
2.3450000000000002e+00 6.1451436886456656e-01 1.0153540249838369e+00
2.3919999999999999e+00 6.2710614958300348e-01 1.0361592589734046e+00
2.4399999999999999e+00 6.4395430688232058e-01 1.0639972481143756e+00
2.4889999999999999e+00 6.4980682468103079e-01 1.0736672864475552e+00
2.5379999999999998e+00 6.6346269954468784e-01 1.0962307092249737e+00
2.5890000000000000e+00 6.8793686488474848e-01 1.1366690513455420e+00
2.6410000000000000e+00 7.2447076387063614e-01 1.1970335330617528e+00
2.6940000000000000e+00 6.7091135856122797e-01 1.1085380307399291e+00
2.7480000000000002e+00 6.3384541250273041e-01 1.0472944546297931e+00
2.8029999999999999e+00 6.0777510594483963e-01 1.0042188293274485e+00
2.8590000000000000e+00 5.8950815645189591e-01 9.7403658846934316e-01
2.9159999999999999e+00 5.7709372475766219e-01 9.5352438594441713e-01
2.9740000000000002e+00 5.6875832062010534e-01 9.3975190710625256e-01
3.0339999999999998e+00 5.6308315184559843e-01 9.3037490023771485e-01
3.0939999999999999e+00 5.5918147331312495e-01 9.2392820801559516e-01
3.1560000000000001e+00 5.5634388892587161e-01 9.1923970458132653e-01
3.2189999999999999e+00 5.5421570063543157e-01 9.1572332700562487e-01
3.2839999999999998e+00 5.5226486136919484e-01 9.1249998089456508e-01
3.3490000000000002e+00 5.5137811624817812e-01 9.1103482357135601e-01
3.4159999999999999e+00 5.5120076722397482e-01 9.1074179210671435e-01
3.4849999999999999e+00 5.5191016332078813e-01 9.1191391796528143e-01
3.5539999999999998e+00 5.5049137112716140e-01 9.0956966624814706e-01
3.6250000000000000e+00 5.5102341819977152e-01 9.1044876064207247e-01
3.6980000000000000e+00 5.5102341819977152e-01 9.1044876064207247e-01
3.7719999999999998e+00 5.5084606917556811e-01 9.1015572917743059e-01
3.8470000000000000e+00 5.5066872015136470e-01 9.0986269771278871e-01
3.9239999999999999e+00 5.5084606917556811e-01 9.1015572917743059e-01
4.0030000000000001e+00 5.5137811624817812e-01 9.1103482357135601e-01
4.0830000000000002e+00 5.5226486136919484e-01 9.1249998089456508e-01
4.1639999999999997e+00 5.5386100258702486e-01 9.1513726407634133e-01
4.2480000000000002e+00 5.5581184185326160e-01 9.1836061018740112e-01
4.3330000000000002e+00 5.5829472819210824e-01 9.2246305069238621e-01
4.4189999999999996e+00 5.6148701062776840e-01 9.2773761705593871e-01
4.5080000000000000e+00 5.6503399111183517e-01 9.3359824634877464e-01
4.5979999999999999e+00 5.6946771671691865e-01 9.4092403296481975e-01
4.6900000000000004e+00 5.7443348939461203e-01 9.4912891397479004e-01
4.7839999999999998e+00 5.8028600719332224e-01 9.5879895230796952e-01
4.8789999999999996e+00 5.8702527011304917e-01 9.6993414796435795e-01
4.9770000000000003e+00 5.9500597620219919e-01 9.8312056387323865e-01
5.0759999999999996e+00 6.0440547448497617e-01 9.9865123149925428e-01
5.1779999999999999e+00 6.1557846300978658e-01 1.0171122137716877e+00
5.2820000000000000e+00 6.2923433787344363e-01 1.0396756365491064e+00
5.3869999999999996e+00 6.4608249517276073e-01 1.0675136256900772e+00
5.4950000000000001e+00 6.6700968002875449e-01 1.1020913385178095e+00
5.6050000000000004e+00 6.9343468463505198e-01 1.1457530267494378e+00
5.7169999999999996e+00 7.2748569728209289e-01 1.2020150679606634e+00
5.8310000000000004e+00 7.7129090626031738e-01 1.2743938397271879e+00
5.9480000000000004e+00 8.2857464107799550e-01 1.3690430028064893e+00
6.0670000000000002e+00 9.0394797636441415e-01 1.4935813752792544e+00
6.1879999999999997e+00 1.0036181279666903e+00 1.6582650584079459e+00
6.3120000000000003e+00 1.1362751980707870e+00 1.8774525939600122e+00
6.4020000000000001e+00 1.2584686757468873e+00 2.0793512730982129e+00
6.4930000000000003e+00 1.4085059502229111e+00 2.3272558921851751e+00
6.5860000000000003e+00 1.5913527941765526e+00 2.6293713322308712e+00
6.6799999999999997e+00 1.8054130663899819e+00 2.9830603100535238e+00
6.7750000000000004e+00 1.6161816575650201e+00 2.6703957372807232e+00
6.8719999999999999e+00 1.4856527757513633e+00 2.4547245793043584e+00
6.9699999999999998e+00 1.4273049467884649e+00 2.3583172274372060e+00
7.0700000000000003e+00 1.2143087687202561e+00 2.0063864384024046e+00
7.2110000000000003e+00 1.0208209833144140e+00 1.6866891104782005e+00
7.3550000000000004e+00 9.0004629783194079e-01 1.4871346830571348e+00
7.5019999999999998e+00 8.2325417035189541e-01 1.3602520588672353e+00
7.6520000000000001e+00 7.7270969845394410e-01 1.2767380914443225e+00
7.8049999999999997e+00 7.3777194068588647e-01 1.2190108929098877e+00
7.9610000000000003e+00 7.1152428510379240e-01 1.1756422361429013e+00
8.1210000000000004e+00 6.8971035512678192e-01 1.1395993659919601e+00
8.2829999999999995e+00 6.7002461344021125e-01 1.1070728734167201e+00
8.4489999999999998e+00 6.5175766394726753e-01 1.0768906325586149e+00
8.6180000000000003e+00 6.3544155372056044e-01 1.0499317378115693e+00
8.7899999999999991e+00 6.2107628276008997e-01 1.0261961891755833e+00
8.9659999999999993e+00 6.0316403131555285e-01 9.9660001124676179e-01
9.1449999999999996e+00 5.9553802327480931e-01 9.8399965826716429e-01
9.3279999999999994e+00 5.8631587401623586e-01 9.6876202210579077e-01
9.5150000000000006e+00 5.6698483037807190e-01 9.3682159245983443e-01
9.7050000000000001e+00 5.4233331601380785e-01 8.9609021887462426e-01
9.8989999999999991e+00 5.1892324481896734e-01 8.5741006554190669e-01
1.0100000000000000e+01 4.9976955020500680e-01 8.2576266736059234e-01
1.0300000000000001e+01 4.8558162826873968e-01 8.0232015018924829e-01
1.0500000000000000e+01 4.7635947901016606e-01 7.8708251402787466e-01
1.0720000000000001e+01 4.7157105535667593e-01 7.7917066448254602e-01
1.0930000000000000e+01 4.7032961218725255e-01 7.7711944423005341e-01
1.1150000000000000e+01 4.7245780047769276e-01 7.8063582180575519e-01
1.1369999999999999e+01 4.7689152608277613e-01 7.8796160842180007e-01
1.1600000000000000e+01 4.8363078900250300e-01 7.9909680407818851e-01
1.1830000000000000e+01 4.9214354216426320e-01 8.1316231438099495e-01
1.2070000000000000e+01 5.0207508751965013e-01 8.2957207640093567e-01
1.2310000000000000e+01 5.1324807604446043e-01 8.4803305867336909e-01
1.2550000000000001e+01 5.2530780969028745e-01 8.6795919826901147e-01
1.2810000000000000e+01 5.3825428845713108e-01 8.8935049518786291e-01
1.3060000000000000e+01 5.5191016332078813e-01 9.1191391796528143e-01
1.3320000000000000e+01 5.6627543428125859e-01 9.3564946660126735e-01
1.3590000000000000e+01 5.8099540329013566e-01 9.5997107816653671e-01
1.3859999999999999e+01 5.9624741937162262e-01 9.8517178412573136e-01
1.4140000000000001e+01 6.1185413350151641e-01 1.0109585530142098e+00
1.4420000000000000e+01 6.2781554567981690e-01 1.0373313848319718e+00
1.4710000000000001e+01 6.4395430688232058e-01 1.0639972481143756e+00
1.5000000000000000e+01 6.6027041710902779e-01 1.0909561428614212e+00
1.5300000000000001e+01 6.7676387635993818e-01 1.1182080690731087e+00
1.5609999999999999e+01 6.9343468463505198e-01 1.1457530267494378e+00
1.5920000000000000e+01 7.1010549291016567e-01 1.1732979844257669e+00
1.6239999999999998e+01 7.2659895216107617e-01 1.2005499106374544e+00
1.6570000000000000e+01 7.4309241141198668e-01 1.2278018368491419e+00
1.6899999999999999e+01 7.5958587066289707e-01 1.2550537630608292e+00
1.7230000000000000e+01 7.7572463186540086e-01 1.2817196263432331e+00
1.7579999999999998e+01 7.9168604404370124e-01 1.3080924581609950e+00
1.7930000000000000e+01 8.0747010719779844e-01 1.3341722585141154e+00
1.8289999999999999e+01 8.2289947230348870e-01 1.3596659959379518e+00
1.8660000000000000e+01 8.3779679033656917e-01 1.3842806389678630e+00
1.9030000000000001e+01 8.5251675934544613e-01 1.4086022505331324e+00
1.9410000000000000e+01 8.6652733225751000e-01 1.4317517362398346e+00
1.9800000000000001e+01 8.8036055614537023e-01 1.4546081904818948e+00
2.0190000000000001e+01 8.9348438393641727e-01 1.4762925188653881e+00
2.0600000000000001e+01 9.0607616465485419e-01 1.4970977528549558e+00
2.1010000000000002e+01 9.1813589830068110e-01 1.5170238924505981e+00
2.1430000000000000e+01 9.2966358487389833e-01 1.5360709376523156e+00
2.1859999999999999e+01 9.4048187535030170e-01 1.5539458569954649e+00
2.2289999999999999e+01 9.5076811875409550e-01 1.5709416819446895e+00
2.2739999999999998e+01 9.6052231508527897e-01 1.5870584124999885e+00
2.3199999999999999e+01 9.6974446434385275e-01 1.6022960486613622e+00
2.3660000000000000e+01 9.7825721750561290e-01 1.6163615589641684e+00
2.4129999999999999e+01 9.8606057457055984e-01 1.6292549434084078e+00
2.4620000000000001e+01 9.9333188456289667e-01 1.6412692334587216e+00
2.5109999999999999e+01 1.0000711474826234e+00 1.6524044291151099e+00
2.5609999999999999e+01 1.0061010143055371e+00 1.6623674989129313e+00
2.6120000000000001e+01 1.0112441360074338e+00 1.6708654113875432e+00
2.6640000000000001e+01 1.0158552106367207e+00 1.6784842294682301e+00
2.7180000000000000e+01 1.0195795401449905e+00 1.6846378902257075e+00
2.7719999999999999e+01 1.0227718225806508e+00 1.6899124565892603e+00
2.8270000000000000e+01 1.0252547089194974e+00 1.6940148970942455e+00
2.8840000000000000e+01 1.0270281991615307e+00 1.6969452117406634e+00
2.9420000000000002e+01 1.0284469913551575e+00 1.6992894634577980e+00
3.0010000000000002e+01 1.0296884345245809e+00 1.7013406837102905e+00
3.1059999999999999e+01 1.0385558857347479e+00 1.7159922569423807e+00
3.2140000000000001e+01 1.0412161210977979e+00 1.7203877289120078e+00
3.3270000000000003e+01 1.0413934701220013e+00 1.7206807603766494e+00
3.4430000000000000e+01 1.0394426308557645e+00 1.7174574142655894e+00
3.5640000000000001e+01 1.0355409523232912e+00 1.7110107220434700e+00
3.6880000000000003e+01 1.0298657835487841e+00 1.7016337151749321e+00
3.8180000000000000e+01 1.0224171245322440e+00 1.6893263936599765e+00
3.9509999999999998e+01 1.0137270223462806e+00 1.6749678518925286e+00
4.0890000000000001e+01 1.0039728260150971e+00 1.6588511213372297e+00
4.2939999999999998e+01 1.0071651084507571e+00 1.6641256877007822e+00
4.5090000000000003e+01 9.9386393163550668e-01 1.6421483278526470e+00
4.7340000000000003e+01 9.7683842531198639e-01 1.6140173072470345e+00
4.9710000000000001e+01 9.5662063655280549e-01 1.5806117202778687e+00
5.2189999999999998e+01 9.3356526340637158e-01 1.5425176298744347e+00
5.4799999999999997e+01 9.0714025880007432e-01 1.4988559416428069e+00
5.7539999999999999e+01 8.7752297175811700e-01 1.4499196870476263e+00
6.0420000000000002e+01 8.4471340228049940e-01 1.3957088660888932e+00
6.3439999999999998e+01 8.0888889939142494e-01 1.3365165102312495e+00
6.6609999999999999e+01 7.7040416113930066e-01 1.2729286824039789e+00
6.9939999999999998e+01 7.2925918752412622e-01 1.2049453826070815e+00
7.3439999999999998e+01 6.8634072366691845e-01 1.1340317681637659e+00
7.7109999999999999e+01 6.4218081664028726e-01 1.0610669334679577e+00
8.0969999999999999e+01 5.9713416449263945e-01 9.8663694144894054e-01
8.5019999999999996e+01 5.5191016332078813e-01 9.1191391796528143e-01
8.9269999999999996e+01 5.0704086019734362e-01 8.3777695741090608e-01
9.3730000000000004e+01 4.6323565121911908e-01 7.6539818564438145e-01
9.8420000000000002e+01 4.2102658345872468e-01 6.9565669705963318e-01
1.0330000000000000e+02 3.8041365691616019e-01 6.2855249165666094e-01
1.0850000000000000e+02 3.4210626768823915e-01 5.6525769529403214e-01
1.1390000000000001e+02 3.0628176479916491e-01 5.0606533943638854e-01
1.1959999999999999e+02 2.7276279922473401e-01 4.5068239261908838e-01
1.2559999999999999e+02 2.4208141803755648e-01 3.9998794923605691e-01
1.3190000000000001e+02 2.1388292318922575e-01 3.5339594635801075e-01
1.3850000000000000e+02 1.8816731467974174e-01 3.1090638398494980e-01
1.4540000000000001e+02 1.6500553211878577e-01 2.7263647470273067e-01
1.5269999999999999e+02 1.4420249157973422e-01 2.3826388390024755e-01
1.6030000000000001e+02 1.2561631384322439e-01 2.0755418640578693e-01
1.6830000000000001e+02 1.0908738478747328e-01 1.8024365390117120e-01
1.7669999999999999e+02 9.4456090290697875e-02 1.5606855806822265e-01
1.8559999999999999e+02 8.1545081328694854e-02 1.3473586744229962e-01
1.9490000000000001e+02 7.0212478682101565e-02 1.1601115685168861e-01
2.0459999999999999e+02 6.0298668229134961e-02 9.9630697978212002e-02
2.1480000000000001e+02 5.1661770750432386e-02 8.5360065650156330e-02
2.2559999999999999e+02 4.4142172124210850e-02 7.2935531549344013e-02
2.3690000000000001e+02 3.7633462935948346e-02 6.2181276796989954e-02
2.4869999999999999e+02 3.2011498868702526e-02 5.2892179367844891e-02
2.6110000000000002e+02 2.7152135605531064e-02 4.4863117236659575e-02
2.7419999999999999e+02 2.2984433536752617e-02 3.7976877817577276e-02
2.8789999999999998e+02 1.9419718150265521e-02 3.2086945378277096e-02
3.0230000000000001e+02 1.6358673992515907e-02 2.7029222298559627e-02
3.1739999999999998e+02 1.3751643336726837e-02 2.2721659768325169e-02
3.3330000000000001e+02 1.1533007043943076e-02 1.9055836145656251e-02
3.4989999999999998e+02 9.6477869166615923e-03 1.5940911676513916e-02
3.6739999999999998e+02 8.0516456988315496e-03 1.3303628494737717e-02
3.8580000000000001e+02 6.7037931148861800e-03 1.1076589363460038e-02
4.0510000000000002e+02 5.5652123795007493e-03 9.1953273604596826e-03
4.2539999999999998e+02 4.6093011390447572e-03 7.6158877660403813e-03
4.4660000000000002e+02 3.8076835496456689e-03 6.2913855458594454e-03
4.6900000000000000e+02 3.1355307479150173e-03 5.1807962948670237e-03
4.9239999999999998e+02 2.5733343411904358e-03 4.2518865519525174e-03
5.1700000000000000e+02 2.1069064075356567e-03 3.4812137999445836e-03
5.4289999999999998e+02 1.7179799974577361e-03 2.8385957979851161e-03
5.7000000000000000e+02 1.3959141695044741e-03 2.3064506581956076e-03
5.9850000000000000e+02 1.1295359351510604e-03 1.8663173983036240e-03
6.2839999999999998e+02 9.0962314513892098e-04 1.5029583821477919e-03
6.5989999999999998e+02 7.2854979142731289e-04 1.2037732567485142e-03
6.9289999999999998e+02 5.7957661109650884e-04 9.5762682644940224e-04
7.2750000000000000e+02 4.5720578439620562e-04 7.5543511584656026e-04
7.6389999999999998e+02 3.5664888767291292e-04 5.8928627539465972e-04
8.0210000000000002e+02 2.7347219532154732e-04 4.5185451847765552e-04
8.4220000000000005e+02 2.0448342490644883e-04 3.3786527873199535e-04
8.8429999999999995e+02 1.4620653555323193e-04 2.4157513945069988e-04
9.2850000000000000e+02 9.5537919338338235e-05 1.5785605000253765e-04
9.7489999999999998e+02 4.8770981655917973e-05 8.0583652776494992e-05
