  0.1000000E-03  0.3547535E+05
  0.1059560E-03  0.3550238E+05
  0.1122668E-03  0.3550239E+05
  0.1189534E-03  0.3550239E+05
  0.1260383E-03  0.3550239E+05
  0.1335452E-03  0.3550239E+05
  0.1414991E-03  0.3550239E+05
  0.1499268E-03  0.3550239E+05
  0.1588565E-03  0.3550239E+05
  0.1683180E-03  0.3550239E+05
  0.1783431E-03  0.3550239E+05
  0.1889652E-03  0.3550239E+05
  0.2002200E-03  0.3550239E+05
  0.2121452E-03  0.3550239E+05
  0.2247806E-03  0.3550239E+05
  0.2381686E-03  0.3550239E+05
  0.2523539E-03  0.3550239E+05
  0.2673842E-03  0.3550239E+05
  0.2833096E-03  0.3550239E+05
  0.3001836E-03  0.3550239E+05
  0.3180626E-03  0.3550239E+05
  0.3370064E-03  0.3550239E+05
  0.3570786E-03  0.3550239E+05
  0.3783463E-03  0.3550239E+05
  0.4008806E-03  0.3550239E+05
  0.4247572E-03  0.3550239E+05
  0.4500558E-03  0.3550239E+05
  0.4768612E-03  0.3550239E+05
  0.5052631E-03  0.3550239E+05
  0.5353567E-03  0.3550239E+05
  0.5672426E-03  0.3550239E+05
  0.6010277E-03  0.3550239E+05
  0.6368250E-03  0.3550239E+05
  0.6747544E-03  0.3550239E+05
  0.7149429E-03  0.3550239E+05
  0.7575250E-03  0.3550239E+05
  0.8026434E-03  0.3550239E+05
  0.8504489E-03  0.3550239E+05
  0.9011018E-03  0.3550239E+05
  0.9547716E-03  0.3550239E+05
  0.1011638E-02  0.3550239E+05
  0.1071891E-02  0.3550239E+05
  0.1135733E-02  0.3550239E+05
  0.1203378E-02  0.3550239E+05
  0.1275051E-02  0.3550239E+05
  0.1350994E-02  0.3550239E+05
  0.1431459E-02  0.3550239E+05
  0.1516717E-02  0.3550239E+05
  0.1607053E-02  0.3550239E+05
  0.1702769E-02  0.3550239E+05
  0.1804186E-02  0.3550239E+05
  0.1911644E-02  0.3550239E+05
  0.2025502E-02  0.3550239E+05
  0.2146141E-02  0.3550239E+05
  0.2273966E-02  0.3550239E+05
  0.2409404E-02  0.3550239E+05
  0.2552908E-02  0.3550239E+05
  0.2704960E-02  0.3550239E+05
  0.2866068E-02  0.3550239E+05
  0.3036771E-02  0.3550239E+05
  0.3217642E-02  0.3550239E+05
  0.3409285E-02  0.3550239E+05
  0.3612343E-02  0.3550239E+05
  0.3827494E-02  0.3550239E+05
  0.4055461E-02  0.3550239E+05
  0.4297005E-02  0.3550239E+05
  0.4552935E-02  0.3550239E+05
  0.4824109E-02  0.3550239E+05
  0.5111433E-02  0.3550239E+05
  0.5415871E-02  0.3550239E+05
  0.5738442E-02  0.3550239E+05
  0.6080224E-02  0.3550239E+05
  0.6442364E-02  0.3550239E+05
  0.6826072E-02  0.3550239E+05
  0.7232634E-02  0.3550239E+05
  0.7663411E-02  0.3550239E+05
  0.8119845E-02  0.3550239E+05
  0.8603464E-02  0.3550239E+05
  0.9115888E-02  0.3550239E+05
  0.9658832E-02  0.3550239E+05
  0.1023411E-01  0.3550239E+05
  0.1084366E-01  0.3550239E+05
  0.1148951E-01  0.3550239E+05
  0.1217383E-01  0.3550239E+05
  0.1289890E-01  0.3550239E+05
  0.1366716E-01  0.3550239E+05
  0.1448118E-01  0.3550239E+05
  0.1534368E-01  0.3550239E+05
  0.1625756E-01  0.3550239E+05
  0.1722586E-01  0.3550239E+05
  0.1825183E-01  0.3550239E+05
  0.1933892E-01  0.3550239E+05
  0.2049075E-01  0.3550239E+05
  0.2171118E-01  0.3550239E+05
  0.2300430E-01  0.3550239E+05
  0.2437444E-01  0.3550239E+05
  0.2582619E-01  0.3550239E+05
  0.2736440E-01  0.3550239E+05
  0.2899423E-01  0.3550239E+05
  0.3072113E-01  0.3550239E+05
  0.3255089E-01  0.3550239E+05
  0.3448962E-01  0.3550239E+05
  0.3654383E-01  0.3550239E+05
  0.3872039E-01  0.3550239E+05
  0.4102658E-01  0.3550239E+05
  0.4347013E-01  0.3550239E+05
  0.4605922E-01  0.3550239E+05
  0.4880252E-01  0.3550239E+05
  0.5170920E-01  0.3550239E+05
  0.5478901E-01  0.3550239E+05
  0.5805226E-01  0.3550239E+05
  0.6150986E-01  0.3550239E+05
  0.6517340E-01  0.3550239E+05
  0.6905514E-01  0.3550239E+05
  0.7316807E-01  0.3550239E+05
  0.7752597E-01  0.3550239E+05
  0.8214344E-01  0.3550239E+05
  0.8703591E-01  0.3550239E+05
  0.9221979E-01  0.3550239E+05
  0.9771242E-01  0.3550239E+05
  0.1035322E+00  0.3550239E+05
  0.1096986E+00  0.3550239E+05
  0.1162322E+00  0.3550239E+05
  0.1231551E+00  0.3550239E+05
  0.1304902E+00  0.3550239E+05
  0.1382622E+00  0.3550239E+05
  0.1464971E+00  0.3550239E+05
  0.1552225E+00  0.3550239E+05
  0.1644676E+00  0.3550239E+05
  0.1742633E+00  0.3550239E+05
  0.1846425E+00  0.3550239E+05
  0.1956398E+00  0.3550239E+05
  0.2072922E+00  0.3550239E+05
  0.2196385E+00  0.3550239E+05
  0.2327202E+00  0.3550239E+05
  0.2465811E+00  0.3550239E+05
  0.2612675E+00  0.3550239E+05
  0.2768287E+00  0.3550239E+05
  0.2933166E+00  0.3550239E+05
  0.3107866E+00  0.3550239E+05
  0.3292971E+00  0.3550239E+05
  0.3489101E+00  0.3550239E+05
  0.3696913E+00  0.3550239E+05
  0.3917101E+00  0.3550239E+05
  0.4150405E+00  0.3550239E+05
  0.4397604E+00  0.3550239E+05
  0.4659526E+00  0.3550239E+05
  0.4937048E+00  0.3550239E+05
  0.5231099E+00  0.3550239E+05
  0.5542665E+00  0.3550239E+05
  0.5872787E+00  0.3550239E+05
  0.6222571E+00  0.3550239E+05
  0.6593188E+00  0.3550239E+05
  0.6985880E+00  0.3550239E+05
  0.7401960E+00  0.3550239E+05
  0.7842822E+00  0.3550239E+05
  0.8309942E+00  0.3550239E+05
  0.8804884E+00  0.3550239E+05
  0.9329304E+00  0.3550239E+05
  0.9884959E+00  0.3550239E+05
  0.1047371E+01  0.3550239E+05
  0.1109752E+01  0.3550239E+05
  0.1175850E+01  0.3550239E+05
  0.1245883E+01  0.3550239E+05
  0.1320088E+01  0.3550239E+05
  0.1398713E+01  0.3550239E+05
  0.1482021E+01  0.3550239E+05
  0.1570290E+01  0.3550239E+05
  0.1663817E+01  0.3550239E+05
  0.1762914E+01  0.3550239E+05
  0.1867914E+01  0.3550239E+05
  0.1979167E+01  0.3550239E+05
  0.2097046E+01  0.3550239E+05
  0.2221947E+01  0.3550239E+05
  0.2354286E+01  0.3550239E+05
  0.2494508E+01  0.3550239E+05
  0.2643081E+01  0.3550239E+05
  0.2800504E+01  0.3550239E+05
  0.2967302E+01  0.3550239E+05
  0.3144035E+01  0.3550239E+05
  0.3331295E+01  0.3550239E+05
  0.3529707E+01  0.3550239E+05
  0.3739937E+01  0.3550239E+05
  0.3962689E+01  0.3550239E+05
  0.4198707E+01  0.3550239E+05
  0.4448783E+01  0.3550239E+05
  0.4713753E+01  0.3550239E+05
  0.4994505E+01  0.3550239E+05
  0.5291979E+01  0.3550239E+05
  0.5607170E+01  0.3550239E+05
  0.5941134E+01  0.3550239E+05
  0.6294989E+01  0.3550239E+05
  0.6669920E+01  0.3550239E+05
  0.7067181E+01  0.3550239E+05
  0.7488104E+01  0.3550239E+05
  0.7934097E+01  0.3550239E+05
  0.8406653E+01  0.3550239E+05
  0.8907355E+01  0.3550239E+05
  0.9437878E+01  0.3550239E+05
  0.1000000E+02  0.3550239E+05
  
  0.1000000E-03  0.1563758E+06
  0.1059560E-03  0.1564229E+06
  0.1122668E-03  0.1564706E+06
  0.1189534E-03  0.1565068E+06
  0.1260383E-03  0.1565444E+06
  0.1335452E-03  0.1565761E+06
  0.1414991E-03  0.1566049E+06
  0.1499268E-03  0.1566308E+06
  0.1588565E-03  0.1566508E+06
  0.1683180E-03  0.1566714E+06
  0.1783431E-03  0.1566892E+06
  0.1889652E-03  0.1567039E+06
  0.2002200E-03  0.1567153E+06
  0.2121452E-03  0.1567235E+06
  0.2247806E-03  0.1567274E+06
  0.2381686E-03  0.1567273E+06
  0.2523539E-03  0.1567226E+06
  0.2673842E-03  0.1567130E+06
  0.2833096E-03  0.1566979E+06
  0.3001836E-03  0.1566927E+06
  0.3180626E-03  0.1566657E+06
  0.3370064E-03  0.1566161E+06
  0.3570786E-03  0.1565749E+06
  0.3783463E-03  0.1565261E+06
  0.4008806E-03  0.1564844E+06
  0.4247572E-03  0.1564194E+06
  0.4500558E-03  0.1563428E+06
  0.4768612E-03  0.1562558E+06
  0.5052631E-03  0.1561413E+06
  0.5353567E-03  0.1560478E+06
  0.5672426E-03  0.1559258E+06
  0.6010277E-03  0.1557896E+06
  0.6368250E-03  0.1556391E+06
  0.6747544E-03  0.1554741E+06
  0.7149429E-03  0.1552929E+06
  0.7575250E-03  0.1550951E+06
  0.8026434E-03  0.1548730E+06
  0.8504489E-03  0.1546405E+06
  0.9011018E-03  0.1543883E+06
  0.9547716E-03  0.1541165E+06
  0.1011638E-02  0.1538541E+06
  0.1071891E-02  0.1534948E+06
  0.1135733E-02  0.1531591E+06
  0.1203378E-02  0.1528008E+06
  0.1275051E-02  0.1524188E+06
  0.1350994E-02  0.1520134E+06
  0.1431459E-02  0.1515829E+06
  0.1516717E-02  0.1511271E+06
  0.1607053E-02  0.1506908E+06
  0.1702769E-02  0.1501366E+06
  0.1804186E-02  0.1496003E+06
  0.1911644E-02  0.1490845E+06
  0.2025502E-02  0.1484910E+06
  0.2146141E-02  0.1478683E+06
  0.2273966E-02  0.1472147E+06
  0.2409404E-02  0.1465307E+06
  0.2552908E-02  0.1458152E+06
  0.2704960E-02  0.1450652E+06
  0.2866068E-02  0.1442488E+06
  0.3036771E-02  0.1434344E+06
  0.3217642E-02  0.1410829E+06
  0.3409285E-02  0.1410829E+06
  0.3612343E-02  0.1410829E+06
  0.3827494E-02  0.1410829E+06
  0.4055461E-02  0.1391799E+06
  0.4297005E-02  0.1383178E+06
  0.4552935E-02  0.1374660E+06
  0.4824109E-02  0.1365628E+06
  0.5111433E-02  0.1356565E+06
  0.5415871E-02  0.1347240E+06
  0.5738442E-02  0.1337802E+06
  0.6080224E-02  0.1328288E+06
  0.6442364E-02  0.1318724E+06
  0.6826072E-02  0.1309153E+06
  0.7232634E-02  0.1299310E+06
  0.7663411E-02  0.1289857E+06
  0.8119845E-02  0.1280493E+06
  0.8603464E-02  0.1271068E+06
  0.9115888E-02  0.1262055E+06
  0.9658832E-02  0.1253274E+06
  0.1023411E-01  0.1245033E+06
  0.1084366E-01  0.1236853E+06
  0.1148951E-01  0.1228709E+06
  0.1217383E-01  0.1221627E+06
  0.1289890E-01  0.1214549E+06
  0.1366716E-01  0.1207900E+06
  0.1448118E-01  0.1201683E+06
  0.1534368E-01  0.1195962E+06
  0.1625756E-01  0.1190731E+06
  0.1722586E-01  0.1175691E+06
  0.1825183E-01  0.1175691E+06
  0.1933892E-01  0.1175691E+06
  0.2049075E-01  0.1175691E+06
  0.2171118E-01  0.1175691E+06
  0.2300430E-01  0.1175691E+06
  0.2437444E-01  0.1175691E+06
  0.2582619E-01  0.1175691E+06
  0.2736440E-01  0.1175691E+06
  0.2899423E-01  0.1175691E+06
  0.3072113E-01  0.1175691E+06
  0.3255089E-01  0.1175691E+06
  0.3448962E-01  0.1175691E+06
  0.3654383E-01  0.1175691E+06
  0.3872039E-01  0.1175691E+06
  0.4102658E-01  0.1175691E+06
  0.4347013E-01  0.1175691E+06
  0.4605922E-01  0.1175691E+06
  0.4880252E-01  0.1175691E+06
  0.5170920E-01  0.1175691E+06
  0.5478901E-01  0.1175691E+06
  0.5805226E-01  0.1189917E+06
  0.6150986E-01  0.1193507E+06
  0.6517340E-01  0.1197269E+06
  0.6905514E-01  0.1201196E+06
  0.7316807E-01  0.1205271E+06
  0.7752597E-01  0.1209488E+06
  0.8214344E-01  0.1213839E+06
  0.8703591E-01  0.1218316E+06
  0.9221979E-01  0.1222911E+06
  0.9771242E-01  0.1227617E+06
  0.1035322E+00  0.1232358E+06
  0.1096986E+00  0.1237253E+06
  0.1162322E+00  0.1242230E+06
  0.1231551E+00  0.1247295E+06
  0.1304902E+00  0.1252433E+06
  0.1382622E+00  0.1257634E+06
  0.1464971E+00  0.1262890E+06
  0.1552225E+00  0.1268191E+06
  0.1644676E+00  0.1273528E+06
  0.1742633E+00  0.1278897E+06
  0.1846425E+00  0.1284274E+06
  0.1956398E+00  0.1289655E+06
  0.2072922E+00  0.1295028E+06
  0.2196385E+00  0.1300387E+06
  0.2327202E+00  0.1305717E+06
  0.2465811E+00  0.1311008E+06
  0.2612675E+00  0.1316247E+06
  0.2768287E+00  0.1321427E+06
  0.2933166E+00  0.1326528E+06
  0.3107866E+00  0.1331557E+06
  0.3292971E+00  0.1336468E+06
  0.3489101E+00  0.1341280E+06
  0.3696913E+00  0.1345928E+06
  0.3917101E+00  0.1350504E+06
  0.4150405E+00  0.1354923E+06
  0.4397604E+00  0.1359189E+06
  0.4659526E+00  0.1363297E+06
  0.4937048E+00  0.1367237E+06
  0.5231099E+00  0.1371038E+06
  0.5542665E+00  0.1374621E+06
  0.5872787E+00  0.1378015E+06
  0.6222571E+00  0.1381216E+06
  0.6593188E+00  0.1384221E+06
  0.6985880E+00  0.1387246E+06
  0.7401960E+00  0.1389861E+06
  0.7842822E+00  0.1392276E+06
  0.8309942E+00  0.1394493E+06
  0.8804884E+00  0.1396517E+06
  0.9329304E+00  0.1410829E+06
  0.9884959E+00  0.1410829E+06
  0.1047371E+01  0.1410829E+06
  0.1109752E+01  0.1410829E+06
  0.1175850E+01  0.1410829E+06
  0.1245883E+01  0.1410829E+06
  0.1320088E+01  0.1410829E+06
  0.1398713E+01  0.1410829E+06
  0.1482021E+01  0.1410829E+06
  0.1570290E+01  0.1410829E+06
  0.1663817E+01  0.1410829E+06
  0.1762914E+01  0.1410829E+06
  0.1867914E+01  0.1410829E+06
  0.1979167E+01  0.1410829E+06
  0.2097046E+01  0.1410829E+06
  0.2221947E+01  0.1410829E+06
  0.2354286E+01  0.1410829E+06
  0.2494508E+01  0.1410829E+06
  0.2643081E+01  0.1410829E+06
  0.2800504E+01  0.1410829E+06
  0.2967302E+01  0.1410829E+06
  0.3144035E+01  0.1410829E+06
  0.3331295E+01  0.1410829E+06
  0.3529707E+01  0.1410829E+06
  0.3739937E+01  0.1410829E+06
  0.3962689E+01  0.1410829E+06
  0.4198707E+01  0.1410829E+06
  0.4448783E+01  0.1410829E+06
  0.4713753E+01  0.1410829E+06
  0.4994505E+01  0.1410829E+06
  0.5291979E+01  0.1410829E+06
  0.5607170E+01  0.1410829E+06
  0.5941134E+01  0.1410829E+06
  0.6294989E+01  0.1410829E+06
  0.6669920E+01  0.1410829E+06
  0.7067181E+01  0.1410829E+06
  0.7488104E+01  0.1410829E+06
  0.7934097E+01  0.1410829E+06
  0.8406653E+01  0.1410829E+06
  0.8907355E+01  0.1410829E+06
  0.9437878E+01  0.1370295E+06
  0.1000000E+02  0.1160455E+06
  
  0.1000000E-03  0.1175691E+06
  0.1059560E-03  0.1175691E+06
  0.1122668E-03  0.1175691E+06
  0.1189534E-03  0.1175691E+06
  0.1260383E-03  0.1175691E+06
  0.1335452E-03  0.1175691E+06
  0.1414991E-03  0.1175691E+06
  0.1499268E-03  0.1175691E+06
  0.1588565E-03  0.1175691E+06
  0.1683180E-03  0.1175691E+06
  0.1783431E-03  0.1175691E+06
  0.1889652E-03  0.1175691E+06
  0.2002200E-03  0.1175691E+06
  0.2121452E-03  0.1175691E+06
  0.2247806E-03  0.1175691E+06
  0.2381686E-03  0.1175691E+06
  0.2523539E-03  0.1175691E+06
  0.2673842E-03  0.1175691E+06
  0.2833096E-03  0.1175691E+06
  0.3001836E-03  0.1175691E+06
  0.3180626E-03  0.1175691E+06
  0.3370064E-03  0.1175691E+06
  0.3570786E-03  0.1175691E+06
  0.3783463E-03  0.1175691E+06
  0.4008806E-03  0.1175691E+06
  0.4247572E-03  0.1175691E+06
  0.4500558E-03  0.1162246E+06
  0.4768612E-03  0.1161434E+06
  0.5052631E-03  0.1160571E+06
  0.5353567E-03  0.1159653E+06
  0.5672426E-03  0.1158677E+06
  0.6010277E-03  0.1157638E+06
  0.6368250E-03  0.1156533E+06
  0.6747544E-03  0.1155357E+06
  0.7149429E-03  0.1154105E+06
  0.7575250E-03  0.1152773E+06
  0.8026434E-03  0.1151356E+06
  0.8504489E-03  0.1149846E+06
  0.9011018E-03  0.1148239E+06
  0.9547716E-03  0.1146528E+06
  0.1011638E-02  0.1144706E+06
  0.1071891E-02  0.1142765E+06
  0.1135733E-02  0.1140697E+06
  0.1203378E-02  0.1138494E+06
  0.1275051E-02  0.1136146E+06
  0.1350994E-02  0.1133579E+06
  0.1431459E-02  0.1130915E+06
  0.1516717E-02  0.1128051E+06
  0.1607053E-02  0.1125099E+06
  0.1702769E-02  0.1121859E+06
  0.1804186E-02  0.1118006E+06
  0.1911644E-02  0.1114322E+06
  0.2025502E-02  0.1110415E+06
  0.2146141E-02  0.1106607E+06
  0.2273966E-02  0.1102147E+06
  0.2409404E-02  0.1097368E+06
  0.2552908E-02  0.1092268E+06
  0.2704960E-02  0.1086847E+06
  0.2866068E-02  0.1081037E+06
  0.3036771E-02  0.1074839E+06
  0.3217642E-02  0.1068230E+06
  0.3409285E-02  0.1061140E+06
  0.3612343E-02  0.1053570E+06
  0.3827494E-02  0.1045554E+06
  0.4055461E-02  0.1037060E+06
  0.4297005E-02  0.1028008E+06
  0.4552935E-02  0.1018042E+06
  0.4824109E-02  0.1007877E+06
  0.5111433E-02  0.9971835E+05
  0.5415871E-02  0.9797426E+05
  0.5738442E-02  0.9797426E+05
  0.6080224E-02  0.9615603E+05
  0.6442364E-02  0.9485237E+05
  0.6826072E-02  0.9351409E+05
  0.7232634E-02  0.9211951E+05
  0.7663411E-02  0.9070973E+05
  0.8119845E-02  0.8927090E+05
  0.8603464E-02  0.8783084E+05
  0.9115888E-02  0.8637503E+05
  0.9658832E-02  0.8493640E+05
  0.1023411E-01  0.8347062E+05
  0.1084366E-01  0.8164521E+05
  0.1148951E-01  0.8068418E+05
  0.1217383E-01  0.7934669E+05
  0.1289890E-01  0.7801408E+05
  0.1366716E-01  0.7670858E+05
  0.1448118E-01  0.7542507E+05
  0.1534368E-01  0.7418395E+05
  0.1625756E-01  0.7299192E+05
  0.1722586E-01  0.7180771E+05
  0.1825183E-01  0.7061626E+05
  0.1933892E-01  0.6942860E+05
  0.2049075E-01  0.6803768E+05
  0.2171118E-01  0.6716455E+05
  0.2300430E-01  0.6608990E+05
  0.2437444E-01  0.6503442E+05
  0.2582619E-01  0.6400990E+05
  0.2736440E-01  0.6300761E+05
  0.2899423E-01  0.6202951E+05
  0.3072113E-01  0.6107093E+05
  0.3255089E-01  0.6015094E+05
  0.3448962E-01  0.5925997E+05
  0.3654383E-01  0.5839991E+05
  0.3872039E-01  0.5756820E+05
  0.4102658E-01  0.5669806E+05
  0.4347013E-01  0.5608369E+05
  0.4605922E-01  0.5544802E+05
  0.4880252E-01  0.5485356E+05
  0.5170920E-01  0.5429649E+05
  0.5478901E-01  0.5377390E+05
  0.5805226E-01  0.5323764E+05
  0.6150986E-01  0.5278121E+05
  0.6517340E-01  0.5236624E+05
  0.6905514E-01  0.5198428E+05
  0.7316807E-01  0.5163946E+05
  0.7752597E-01  0.5132845E+05
  0.8214344E-01  0.5104536E+05
  0.8703591E-01  0.5078693E+05
  0.9221979E-01  0.5055205E+05
  0.9771242E-01  0.5034122E+05
  0.1035322E+00  0.5014712E+05
  0.1096986E+00  0.4996823E+05
  0.1162322E+00  0.4982400E+05
  0.1231551E+00  0.4968286E+05
  0.1304902E+00  0.4957320E+05
  0.1382622E+00  0.4948962E+05
  0.1464971E+00  0.4942918E+05
  0.1552225E+00  0.4938968E+05
  0.1644676E+00  0.4936754E+05
  0.1742633E+00  0.4936411E+05
  0.1846425E+00  0.4937925E+05
  0.1956398E+00  0.4940732E+05
  0.2072922E+00  0.4944646E+05
  0.2196385E+00  0.4949756E+05
  0.2327202E+00  0.4955904E+05
  0.2465811E+00  0.4963001E+05
  0.2612675E+00  0.4970731E+05
  0.2768287E+00  0.4979251E+05
  0.2933166E+00  0.4987518E+05
  0.3107866E+00  0.4997211E+05
  0.3292971E+00  0.5008069E+05
  0.3489101E+00  0.5019474E+05
  0.3696913E+00  0.5032120E+05
  0.3917101E+00  0.5044986E+05
  0.4150405E+00  0.5058131E+05
  0.4397604E+00  0.5072289E+05
  0.4659526E+00  0.5086492E+05
  0.4937048E+00  0.5100901E+05
  0.5231099E+00  0.5114745E+05
  0.5542665E+00  0.5129696E+05
  0.5872787E+00  0.5146605E+05
  0.6222571E+00  0.5162070E+05
  0.6593188E+00  0.5177887E+05
  0.6985880E+00  0.5193709E+05
  0.7401960E+00  0.5209699E+05
  0.7842822E+00  0.5225179E+05
  0.8309942E+00  0.5241156E+05
  0.8804884E+00  0.5256634E+05
  0.9329304E+00  0.5265572E+05
  0.9884959E+00  0.5282265E+05
  0.1047371E+01  0.5299544E+05
  0.1109752E+01  0.5316869E+05
  0.1175850E+01  0.5334116E+05
  0.1245883E+01  0.5351104E+05
  0.1320088E+01  0.5367773E+05
  0.1398713E+01  0.5384085E+05
  0.1482021E+01  0.5400002E+05
  0.1570290E+01  0.5415497E+05
  0.1663817E+01  0.5430519E+05
  0.1762914E+01  0.5445038E+05
  0.1867914E+01  0.5459021E+05
  0.1979167E+01  0.5472445E+05
  0.2097046E+01  0.5485276E+05
  0.2221947E+01  0.5497450E+05
  0.2354286E+01  0.5509008E+05
  0.2494508E+01  0.5519891E+05
  0.2643081E+01  0.5530071E+05
  0.2800504E+01  0.5539537E+05
  0.2967302E+01  0.5548258E+05
  0.3144035E+01  0.5556212E+05
  0.3331295E+01  0.5566546E+05
  0.3529707E+01  0.5572900E+05
  0.3739937E+01  0.5578420E+05
  0.3962689E+01  0.5583077E+05
  0.4198707E+01  0.5586818E+05
  0.4448783E+01  0.5589603E+05
  0.4713753E+01  0.5591319E+05
  0.4994505E+01  0.5591840E+05
  0.5291979E+01  0.5590975E+05
  0.5607170E+01  0.5588398E+05
  0.5941134E+01  0.5583649E+05
  0.6294989E+01  0.5575988E+05
  0.6669920E+01  0.5564273E+05
  0.7067181E+01  0.5543471E+05
  0.7488104E+01  0.5516864E+05
  0.7934097E+01  0.5475940E+05
  0.8406653E+01  0.5410329E+05
  0.8907355E+01  0.5297819E+05
  0.9437878E+01  0.5112859E+05
  0.1000000E+02  0.4560119E+05
  
  0.1000000E-03  0.1175691E+06
  0.1059560E-03  0.1175691E+06
  0.1122668E-03  0.1175691E+06
  0.1189534E-03  0.1175691E+06
  0.1260383E-03  0.1175691E+06
  0.1335452E-03  0.1175691E+06
  0.1414991E-03  0.1175691E+06
  0.1499268E-03  0.1175691E+06
  0.1588565E-03  0.1175691E+06
  0.1683180E-03  0.1175691E+06
  0.1783431E-03  0.1175691E+06
  0.1889652E-03  0.1175691E+06
  0.2002200E-03  0.1175691E+06
  0.2121452E-03  0.1175691E+06
  0.2247806E-03  0.1175691E+06
  0.2381686E-03  0.1175691E+06
  0.2523539E-03  0.1175691E+06
  0.2673842E-03  0.1175691E+06
  0.2833096E-03  0.1175691E+06
  0.3001836E-03  0.1175691E+06
  0.3180626E-03  0.1175691E+06
  0.3370064E-03  0.1175691E+06
  0.3570786E-03  0.1175691E+06
  0.3783463E-03  0.1175691E+06
  0.4008806E-03  0.1175691E+06
  0.4247572E-03  0.1175691E+06
  0.4500558E-03  0.1175691E+06
  0.4768612E-03  0.1175691E+06
  0.5052631E-03  0.1175691E+06
  0.5353567E-03  0.1175691E+06
  0.5672426E-03  0.1175691E+06
  0.6010277E-03  0.1175691E+06
  0.6368250E-03  0.1161960E+06
  0.6747544E-03  0.1160374E+06
  0.7149429E-03  0.1158875E+06
  0.7575250E-03  0.1157107E+06
  0.8026434E-03  0.1155231E+06
  0.8504489E-03  0.1153239E+06
  0.9011018E-03  0.1151123E+06
  0.9547716E-03  0.1148877E+06
  0.1011638E-02  0.1146490E+06
  0.1071891E-02  0.1143953E+06
  0.1135733E-02  0.1141256E+06
  0.1203378E-02  0.1138389E+06
  0.1275051E-02  0.1135338E+06
  0.1350994E-02  0.1132077E+06
  0.1431459E-02  0.1128620E+06
  0.1516717E-02  0.1124862E+06
  0.1607053E-02  0.1120946E+06
  0.1702769E-02  0.1116771E+06
  0.1804186E-02  0.1112314E+06
  0.1911644E-02  0.1107556E+06
  0.2025502E-02  0.1102472E+06
  0.2146141E-02  0.1097055E+06
  0.2273966E-02  0.1091242E+06
  0.2409404E-02  0.1084736E+06
  0.2552908E-02  0.1078297E+06
  0.2704960E-02  0.1071166E+06
  0.2866068E-02  0.1063507E+06
  0.3036771E-02  0.1055299E+06
  0.3217642E-02  0.1046508E+06
  0.3409285E-02  0.1037083E+06
  0.3612343E-02  0.1026975E+06
  0.3827494E-02  0.1016181E+06
  0.4055461E-02  0.1004594E+06
  0.4297005E-02  0.9921604E+05
  0.4552935E-02  0.9797426E+05
  0.4824109E-02  0.9646759E+05
  0.5111433E-02  0.9496224E+05
  0.5415871E-02  0.9338442E+05
  0.5738442E-02  0.9166085E+05
  0.6080224E-02  0.8994350E+05
  0.6442364E-02  0.8813892E+05
  0.6826072E-02  0.8627387E+05
  0.7232634E-02  0.8430609E+05
  0.7663411E-02  0.8164521E+05
  0.8119845E-02  0.8019408E+05
  0.8603464E-02  0.7806023E+05
  0.9115888E-02  0.7588243E+05
  0.9658832E-02  0.7367577E+05
  0.1023411E-01  0.7143446E+05
  0.1084366E-01  0.6920020E+05
  0.1148951E-01  0.6691632E+05
  0.1217383E-01  0.6465158E+05
  0.1289890E-01  0.6238032E+05
  0.1366716E-01  0.6014693E+05
  0.1448118E-01  0.5793429E+05
  0.1534368E-01  0.5584581E+05
  0.1625756E-01  0.5390226E+05
  0.1722586E-01  0.5206524E+05
  0.1825183E-01  0.5034104E+05
  0.1933892E-01  0.4874352E+05
  0.2049075E-01  0.4724838E+05
  0.2171118E-01  0.4608637E+05
  0.2300430E-01  0.4507405E+05
  0.2437444E-01  0.4423006E+05
  0.2582619E-01  0.4347822E+05
  0.2736440E-01  0.4282702E+05
  0.2899423E-01  0.4228003E+05
  0.3072113E-01  0.4183814E+05
  0.3255089E-01  0.4145661E+05
  0.3448962E-01  0.4112128E+05
  0.3654383E-01  0.4083610E+05
  0.3872039E-01  0.4058257E+05
  0.4102658E-01  0.4037276E+05
  0.4347013E-01  0.4018456E+05
  0.4605922E-01  0.4003333E+05
  0.4880252E-01  0.3990584E+05
  0.5170920E-01  0.3979935E+05
  0.5478901E-01  0.3971157E+05
  0.5805226E-01  0.3962561E+05
  0.6150986E-01  0.3956435E+05
  0.6517340E-01  0.3937365E+05
  0.6905514E-01  0.3937365E+05
  0.7316807E-01  0.3937365E+05
  0.7752597E-01  0.3937365E+05
  0.8214344E-01  0.3937365E+05
  0.8703591E-01  0.3937365E+05
  0.9221979E-01  0.3937365E+05
  0.9771242E-01  0.3937365E+05
  0.1035322E+00  0.3937365E+05
  0.1096986E+00  0.3937365E+05
  0.1162322E+00  0.3937365E+05
  0.1231551E+00  0.3937365E+05
  0.1304902E+00  0.3937365E+05
  0.1382622E+00  0.3937365E+05
  0.1464971E+00  0.3956123E+05
  0.1552225E+00  0.3960058E+05
  0.1644676E+00  0.3964492E+05
  0.1742633E+00  0.3969420E+05
  0.1846425E+00  0.3974758E+05
  0.1956398E+00  0.3980401E+05
  0.2072922E+00  0.3986410E+05
  0.2196385E+00  0.3992749E+05
  0.2327202E+00  0.3999324E+05
  0.2465811E+00  0.4006309E+05
  0.2612675E+00  0.4013221E+05
  0.2768287E+00  0.4019444E+05
  0.2933166E+00  0.4026660E+05
  0.3107866E+00  0.4034527E+05
  0.3292971E+00  0.4043625E+05
  0.3489101E+00  0.4051945E+05
  0.3696913E+00  0.4060621E+05
  0.3917101E+00  0.4069559E+05
  0.4150405E+00  0.4078804E+05
  0.4397604E+00  0.4087457E+05
  0.4659526E+00  0.4097136E+05
  0.4937048E+00  0.4108049E+05
  0.5231099E+00  0.4117865E+05
  0.5542665E+00  0.4127815E+05
  0.5872787E+00  0.4136594E+05
  0.6222571E+00  0.4146871E+05
  0.6593188E+00  0.4158362E+05
  0.6985880E+00  0.4169001E+05
  0.7401960E+00  0.4179660E+05
  0.7842822E+00  0.4189516E+05
  0.8309942E+00  0.4200262E+05
  0.8804884E+00  0.4210943E+05
  0.9329304E+00  0.4220135E+05
  0.9884959E+00  0.4231100E+05
  0.1047371E+01  0.4242166E+05
  0.1109752E+01  0.4254179E+05
  0.1175850E+01  0.4265093E+05
  0.1245883E+01  0.4275886E+05
  0.1320088E+01  0.4286365E+05
  0.1398713E+01  0.4296692E+05
  0.1482021E+01  0.4305799E+05
  0.1570290E+01  0.4315568E+05
  0.1663817E+01  0.4325141E+05
  0.1762914E+01  0.4334297E+05
  0.1867914E+01  0.4343080E+05
  0.1979167E+01  0.4351457E+05
  0.2097046E+01  0.4359489E+05
  0.2221947E+01  0.4367120E+05
  0.2354286E+01  0.4375245E+05
  0.2494508E+01  0.4381881E+05
  0.2643081E+01  0.4388186E+05
  0.2800504E+01  0.4393984E+05
  0.2967302E+01  0.4399271E+05
  0.3144035E+01  0.4404040E+05
  0.3331295E+01  0.4408296E+05
  0.3529707E+01  0.4412248E+05
  0.3739937E+01  0.4415488E+05
  0.3962689E+01  0.4418208E+05
  0.4198707E+01  0.4420386E+05
  0.4448783E+01  0.4421991E+05
  0.4713753E+01  0.4422980E+05
  0.4994505E+01  0.4423278E+05
  0.5291979E+01  0.4422767E+05
  0.5607170E+01  0.4421267E+05
  0.5941134E+01  0.4418490E+05
  0.6294989E+01  0.4413984E+05
  0.6669920E+01  0.4406828E+05
  0.7067181E+01  0.4396261E+05
  0.7488104E+01  0.4379940E+05
  0.7934097E+01  0.4353652E+05
  0.8406653E+01  0.4312560E+05
  0.8907355E+01  0.4242171E+05
  0.9437878E+01  0.4119137E+05
  0.1000000E+02  0.3789001E+05
  
  0.1000000E-03  0.1105978E+06
  0.1059560E-03  0.1105720E+06
  0.1122668E-03  0.1105461E+06
  0.1189534E-03  0.1105194E+06
  0.1260383E-03  0.1104901E+06
  0.1335452E-03  0.1104590E+06
  0.1414991E-03  0.1104258E+06
  0.1499268E-03  0.1103906E+06
  0.1588565E-03  0.1103532E+06
  0.1683180E-03  0.1103134E+06
  0.1783431E-03  0.1102716E+06
  0.1889652E-03  0.1102267E+06
  0.2002200E-03  0.1101789E+06
  0.2121452E-03  0.1101282E+06
  0.2247806E-03  0.1100743E+06
  0.2381686E-03  0.1100171E+06
  0.2523539E-03  0.1099563E+06
  0.2673842E-03  0.1098917E+06
  0.2833096E-03  0.1098231E+06
  0.3001836E-03  0.1097502E+06
  0.3180626E-03  0.1096728E+06
  0.3370064E-03  0.1095906E+06
  0.3570786E-03  0.1095033E+06
  0.3783463E-03  0.1094106E+06
  0.4008806E-03  0.1093121E+06
  0.4247572E-03  0.1092145E+06
  0.4500558E-03  0.1091034E+06
  0.4768612E-03  0.1089838E+06
  0.5052631E-03  0.1088585E+06
  0.5353567E-03  0.1087276E+06
  0.5672426E-03  0.1085879E+06
  0.6010277E-03  0.1084378E+06
  0.6368250E-03  0.1082783E+06
  0.6747544E-03  0.1081082E+06
  0.7149429E-03  0.1079272E+06
  0.7575250E-03  0.1077348E+06
  0.8026434E-03  0.1075300E+06
  0.8504489E-03  0.1073121E+06
  0.9011018E-03  0.1070803E+06
  0.9547716E-03  0.1068330E+06
  0.1011638E-02  0.1065702E+06
  0.1071891E-02  0.1062903E+06
  0.1135733E-02  0.1059920E+06
  0.1203378E-02  0.1056701E+06
  0.1275051E-02  0.1053313E+06
  0.1350994E-02  0.1049699E+06
  0.1431459E-02  0.1045844E+06
  0.1516717E-02  0.1041721E+06
  0.1607053E-02  0.1037329E+06
  0.1702769E-02  0.1032640E+06
  0.1804186E-02  0.1027632E+06
  0.1911644E-02  0.1022273E+06
  0.2025502E-02  0.1016553E+06
  0.2146141E-02  0.1010420E+06
  0.2273966E-02  0.1003885E+06
  0.2409404E-02  0.9968979E+05
  0.2552908E-02  0.9797426E+05
  0.2704960E-02  0.9797426E+05
  0.2866068E-02  0.9797426E+05
  0.3036771E-02  0.9632078E+05
  0.3217642E-02  0.9532372E+05
  0.3409285E-02  0.9427151E+05
  0.3612343E-02  0.9315352E+05
  0.3827494E-02  0.9197342E+05
  0.4055461E-02  0.9071934E+05
  0.4297005E-02  0.8933912E+05
  0.4552935E-02  0.8799447E+05
  0.4824109E-02  0.8649680E+05
  0.5111433E-02  0.8497248E+05
  0.5415871E-02  0.8336141E+05
  0.5738442E-02  0.8164521E+05
  0.6080224E-02  0.7981514E+05
  0.6442364E-02  0.7782166E+05
  0.6826072E-02  0.7574872E+05
  0.7232634E-02  0.7356463E+05
  0.7663411E-02  0.7123235E+05
  0.8119845E-02  0.6878008E+05
  0.8603464E-02  0.6616148E+05
  0.9115888E-02  0.6342664E+05
  0.9658832E-02  0.6060068E+05
  0.1023411E-01  0.5770444E+05
  0.1084366E-01  0.5482594E+05
  0.1148951E-01  0.5206367E+05
  0.1217383E-01  0.4946724E+05
  0.1289890E-01  0.4724838E+05
  0.1366716E-01  0.4519517E+05
  0.1448118E-01  0.4359327E+05
  0.1534368E-01  0.4221412E+05
  0.1625756E-01  0.4094850E+05
  0.1722586E-01  0.3969494E+05
  0.1825183E-01  0.3830194E+05
  0.1933892E-01  0.3669411E+05
  0.2049075E-01  0.3488604E+05
  0.2171118E-01  0.3281137E+05
  0.2300430E-01  0.3098818E+05
  0.2437444E-01  0.2930488E+05
  0.2582619E-01  0.2790499E+05
  0.2736440E-01  0.2682127E+05
  0.2899423E-01  0.2603492E+05
  0.3072113E-01  0.2544135E+05
  0.3255089E-01  0.2498843E+05
  0.3448962E-01  0.2463174E+05
  0.3654383E-01  0.2434263E+05
  0.3872039E-01  0.2410831E+05
  0.4102658E-01  0.2391847E+05
  0.4347013E-01  0.2375833E+05
  0.4605922E-01  0.2362752E+05
  0.4880252E-01  0.2352468E+05
  0.5170920E-01  0.2343797E+05
  0.5478901E-01  0.2336951E+05
  0.5805226E-01  0.2329026E+05
  0.6150986E-01  0.2325309E+05
  0.6517340E-01  0.2323937E+05
  0.6905514E-01  0.2321916E+05
  0.7316807E-01  0.2320485E+05
  0.7752597E-01  0.2319700E+05
  0.8214344E-01  0.2319314E+05
  0.8703591E-01  0.2319750E+05
  0.9221979E-01  0.2320950E+05
  0.9771242E-01  0.2322488E+05
  0.1035322E+00  0.2323994E+05
  0.1096986E+00  0.2325267E+05
  0.1162322E+00  0.2326000E+05
  0.1231551E+00  0.2328667E+05
  0.1304902E+00  0.2331339E+05
  0.1382622E+00  0.2334610E+05
  0.1464971E+00  0.2336484E+05
  0.1552225E+00  0.2340051E+05
  0.1644676E+00  0.2343928E+05
  0.1742633E+00  0.2351865E+05
  0.1846425E+00  0.2356406E+05
  0.1956398E+00  0.2361095E+05
  0.2072922E+00  0.2365706E+05
  0.2196385E+00  0.2370778E+05
  0.2327202E+00  0.2375999E+05
  0.2465811E+00  0.2381781E+05
  0.2612675E+00  0.2387312E+05
  0.2768287E+00  0.2392392E+05
  0.2933166E+00  0.2397714E+05
  0.3107866E+00  0.2403580E+05
  0.3292971E+00  0.2410228E+05
  0.3489101E+00  0.2416476E+05
  0.3696913E+00  0.2422731E+05
  0.3917101E+00  0.2429239E+05
  0.4150405E+00  0.2435969E+05
  0.4397604E+00  0.2442160E+05
  0.4659526E+00  0.2448842E+05
  0.4937048E+00  0.2456279E+05
  0.5231099E+00  0.2463072E+05
  0.5542665E+00  0.2469970E+05
  0.5872787E+00  0.2476195E+05
  0.6222571E+00  0.2483303E+05
  0.6593188E+00  0.2490933E+05
  0.6985880E+00  0.2498025E+05
  0.7401960E+00  0.2504957E+05
  0.7842822E+00  0.2511542E+05
  0.8309942E+00  0.2518565E+05
  0.8804884E+00  0.2525526E+05
  0.9329304E+00  0.2532861E+05
  0.9884959E+00  0.2539692E+05
  0.1047371E+01  0.2546323E+05
  0.1109752E+01  0.2553733E+05
  0.1175850E+01  0.2560356E+05
  0.1245883E+01  0.2566971E+05
  0.1320088E+01  0.2573355E+05
  0.1398713E+01  0.2579328E+05
  0.1482021E+01  0.2584865E+05
  0.1570290E+01  0.2590820E+05
  0.1663817E+01  0.2596447E+05
  0.1762914E+01  0.2601663E+05
  0.1867914E+01  0.2606898E+05
  0.1979167E+01  0.2611817E+05
  0.2097046E+01  0.2616499E+05
  0.2221947E+01  0.2620917E+05
  0.2354286E+01  0.2625498E+05
  0.2494508E+01  0.2629396E+05
  0.2643081E+01  0.2632931E+05
  0.2800504E+01  0.2636215E+05
  0.2967302E+01  0.2639198E+05
  0.3144035E+01  0.2641883E+05
  0.3331295E+01  0.2644240E+05
  0.3529707E+01  0.2646366E+05
  0.3739937E+01  0.2648404E+05
  0.3962689E+01  0.2649894E+05
  0.4198707E+01  0.2651089E+05
  0.4448783E+01  0.2651951E+05
  0.4713753E+01  0.2652240E+05
  0.4994505E+01  0.2652375E+05
  0.5291979E+01  0.2652077E+05
  0.5607170E+01  0.2651453E+05
  0.5941134E+01  0.2649883E+05
  0.6294989E+01  0.2647313E+05
  0.6669920E+01  0.2643069E+05
  0.7067181E+01  0.2636951E+05
  0.7488104E+01  0.2627453E+05
  0.7934097E+01  0.2611904E+05
  0.8406653E+01  0.2587029E+05
  0.8907355E+01  0.2543358E+05
  0.9437878E+01  0.2458515E+05
  0.1000000E+02  0.2215175E+05
  
  0.1000000E-03  0.1086260E+06
  0.1059560E-03  0.1086022E+06
  0.1122668E-03  0.1085765E+06
  0.1189534E-03  0.1085492E+06
  0.1260383E-03  0.1085202E+06
  0.1335452E-03  0.1084893E+06
  0.1414991E-03  0.1084564E+06
  0.1499268E-03  0.1084215E+06
  0.1588565E-03  0.1083843E+06
  0.1683180E-03  0.1083448E+06
  0.1783431E-03  0.1083028E+06
  0.1889652E-03  0.1082582E+06
  0.2002200E-03  0.1082107E+06
  0.2121452E-03  0.1081603E+06
  0.2247806E-03  0.1081067E+06
  0.2381686E-03  0.1080498E+06
  0.2523539E-03  0.1079893E+06
  0.2673842E-03  0.1079263E+06
  0.2833096E-03  0.1078580E+06
  0.3001836E-03  0.1077952E+06
  0.3180626E-03  0.1077181E+06
  0.3370064E-03  0.1076361E+06
  0.3570786E-03  0.1075491E+06
  0.3783463E-03  0.1074445E+06
  0.4008806E-03  0.1073461E+06
  0.4247572E-03  0.1072492E+06
  0.4500558E-03  0.1071392E+06
  0.4768612E-03  0.1070210E+06
  0.5052631E-03  0.1068954E+06
  0.5353567E-03  0.1067618E+06
  0.5672426E-03  0.1066212E+06
  0.6010277E-03  0.1064701E+06
  0.6368250E-03  0.1063094E+06
  0.6747544E-03  0.1061384E+06
  0.7149429E-03  0.1059564E+06
  0.7575250E-03  0.1057627E+06
  0.8026434E-03  0.1055564E+06
  0.8504489E-03  0.1053368E+06
  0.9011018E-03  0.1050828E+06
  0.9547716E-03  0.1048333E+06
  0.1011638E-02  0.1045675E+06
  0.1071891E-02  0.1042842E+06
  0.1135733E-02  0.1039822E+06
  0.1203378E-02  0.1036558E+06
  0.1275051E-02  0.1033121E+06
  0.1350994E-02  0.1029695E+06
  0.1431459E-02  0.1025788E+06
  0.1516717E-02  0.1021618E+06
  0.1607053E-02  0.1017166E+06
  0.1702769E-02  0.1012413E+06
  0.1804186E-02  0.1007337E+06
  0.1911644E-02  0.1001915E+06
  0.2025502E-02  0.9960673E+05
  0.2146141E-02  0.9797426E+05
  0.2273966E-02  0.9797426E+05
  0.2409404E-02  0.9797426E+05
  0.2552908E-02  0.9681487E+05
  0.2704960E-02  0.9597481E+05
  0.2866068E-02  0.9508561E+05
  0.3036771E-02  0.9414726E+05
  0.3217642E-02  0.9311493E+05
  0.3409285E-02  0.9208272E+05
  0.3612343E-02  0.9091806E+05
  0.3827494E-02  0.8973740E+05
  0.4055461E-02  0.8849135E+05
  0.4297005E-02  0.8721364E+05
  0.4552935E-02  0.8577284E+05
  0.4824109E-02  0.8428469E+05
  0.5111433E-02  0.8273196E+05
  0.5415871E-02  0.8164521E+05
  0.5738442E-02  0.7903914E+05
  0.6080224E-02  0.7695141E+05
  0.6442364E-02  0.7469368E+05
  0.6826072E-02  0.7226396E+05
  0.7232634E-02  0.6960592E+05
  0.7663411E-02  0.6665030E+05
  0.8119845E-02  0.6340449E+05
  0.8603464E-02  0.6001213E+05
  0.9115888E-02  0.5669806E+05
  0.9658832E-02  0.5299858E+05
  0.1023411E-01  0.4981045E+05
  0.1084366E-01  0.4701531E+05
  0.1148951E-01  0.4475711E+05
  0.1217383E-01  0.4269982E+05
  0.1289890E-01  0.4053612E+05
  0.1366716E-01  0.3780794E+05
  0.1448118E-01  0.3444139E+05
  0.1534368E-01  0.3061167E+05
  0.1625756E-01  0.2722028E+05
  0.1722586E-01  0.2503237E+05
  0.1825183E-01  0.2373129E+05
  0.1933892E-01  0.2299700E+05
  0.2049075E-01  0.2252851E+05
  0.2171118E-01  0.2225783E+05
  0.2300430E-01  0.2207537E+05
  0.2437444E-01  0.2194993E+05
  0.2582619E-01  0.2186130E+05
  0.2736440E-01  0.2179778E+05
  0.2899423E-01  0.2175147E+05
  0.3072113E-01  0.2171785E+05
  0.3255089E-01  0.2169483E+05
  0.3448962E-01  0.2167822E+05
  0.3654383E-01  0.2166732E+05
  0.3872039E-01  0.2166131E+05
  0.4102658E-01  0.2165954E+05
  0.4347013E-01  0.2166194E+05
  0.4605922E-01  0.2166809E+05
  0.4880252E-01  0.2167698E+05
  0.5170920E-01  0.2168918E+05
  0.5478901E-01  0.2170431E+05
  0.5805226E-01  0.2172256E+05
  0.6150986E-01  0.2174308E+05
  0.6517340E-01  0.2176611E+05
  0.6905514E-01  0.2179108E+05
  0.7316807E-01  0.2181812E+05
  0.7752597E-01  0.2184733E+05
  0.8214344E-01  0.2187861E+05
  0.8703591E-01  0.2191203E+05
  0.9221979E-01  0.2194746E+05
  0.9771242E-01  0.2198471E+05
  0.1035322E+00  0.2202402E+05
  0.1096986E+00  0.2206519E+05
  0.1162322E+00  0.2210817E+05
  0.1231551E+00  0.2215308E+05
  0.1304902E+00  0.2219988E+05
  0.1382622E+00  0.2224842E+05
  0.1464971E+00  0.2229870E+05
  0.1552225E+00  0.2235063E+05
  0.1644676E+00  0.2240472E+05
  0.1742633E+00  0.2245899E+05
  0.1846425E+00  0.2251602E+05
  0.1956398E+00  0.2257459E+05
  0.2072922E+00  0.2263496E+05
  0.2196385E+00  0.2269699E+05
  0.2327202E+00  0.2278567E+05
  0.2465811E+00  0.2278567E+05
  0.2612675E+00  0.2292594E+05
  0.2768287E+00  0.2301444E+05
  0.2933166E+00  0.2310409E+05
  0.3107866E+00  0.2310156E+05
  0.3292971E+00  0.2317362E+05
  0.3489101E+00  0.2324810E+05
  0.3696913E+00  0.2332024E+05
  0.3917101E+00  0.2339616E+05
  0.4150405E+00  0.2347138E+05
  0.4397604E+00  0.2354661E+05
  0.4659526E+00  0.2362241E+05
  0.4937048E+00  0.2369764E+05
  0.5231099E+00  0.2377301E+05
  0.5542665E+00  0.2391775E+05
  0.5872787E+00  0.2399545E+05
  0.6222571E+00  0.2398750E+05
  0.6593188E+00  0.2406064E+05
  0.6985880E+00  0.2412760E+05
  0.7401960E+00  0.2419061E+05
  0.7842822E+00  0.2424875E+05
  0.8309942E+00  0.2429650E+05
  0.8804884E+00  0.2433349E+05
  0.9329304E+00  0.2430410E+05
  0.9884959E+00  0.2433583E+05
  0.1047371E+01  0.2437788E+05
  0.1109752E+01  0.2442485E+05
  0.1175850E+01  0.2447744E+05
  0.1245883E+01  0.2452780E+05
  0.1320088E+01  0.2458148E+05
  0.1398713E+01  0.2463563E+05
  0.1482021E+01  0.2468960E+05
  0.1570290E+01  0.2474278E+05
  0.1663817E+01  0.2479537E+05
  0.1762914E+01  0.2484729E+05
  0.1867914E+01  0.2489637E+05
  0.1979167E+01  0.2494503E+05
  0.2097046E+01  0.2499100E+05
  0.2221947E+01  0.2503467E+05
  0.2354286E+01  0.2507606E+05
  0.2494508E+01  0.2519751E+05
  0.2643081E+01  0.2523288E+05
  0.2800504E+01  0.2526553E+05
  0.2967302E+01  0.2529528E+05
  0.3144035E+01  0.2532448E+05
  0.3331295E+01  0.2534847E+05
  0.3529707E+01  0.2536959E+05
  0.3739937E+01  0.2538820E+05
  0.3962689E+01  0.2540336E+05
  0.4198707E+01  0.2541516E+05
  0.4448783E+01  0.2542377E+05
  0.4713753E+01  0.2542821E+05
  0.4994505E+01  0.2542923E+05
  0.5291979E+01  0.2542631E+05
  0.5607170E+01  0.2541826E+05
  0.5941134E+01  0.2540247E+05
  0.6294989E+01  0.2537617E+05
  0.6669920E+01  0.2533471E+05
  0.7067181E+01  0.2526968E+05
  0.7488104E+01  0.2508950E+05
  0.7934097E+01  0.2493336E+05
  0.8406653E+01  0.2468171E+05
  0.8907355E+01  0.2426151E+05
  0.9437878E+01  0.2369042E+05
  0.1000000E+02  0.2105396E+05
  
  0.1000000E-03  0.1064897E+06
  0.1059560E-03  0.1064687E+06
  0.1122668E-03  0.1064438E+06
  0.1189534E-03  0.1064146E+06
  0.1260383E-03  0.1063889E+06
  0.1335452E-03  0.1063589E+06
  0.1414991E-03  0.1063269E+06
  0.1499268E-03  0.1062903E+06
  0.1588565E-03  0.1062542E+06
  0.1683180E-03  0.1062157E+06
  0.1783431E-03  0.1061748E+06
  0.1889652E-03  0.1061338E+06
  0.2002200E-03  0.1060851E+06
  0.2121452E-03  0.1060360E+06
  0.2247806E-03  0.1059838E+06
  0.2381686E-03  0.1059282E+06
  0.2523539E-03  0.1058692E+06
  0.2673842E-03  0.1058087E+06
  0.2833096E-03  0.1057398E+06
  0.3001836E-03  0.1056689E+06
  0.3180626E-03  0.1055935E+06
  0.3370064E-03  0.1055148E+06
  0.3570786E-03  0.1054295E+06
  0.3783463E-03  0.1053371E+06
  0.4008806E-03  0.1052407E+06
  0.4247572E-03  0.1051381E+06
  0.4500558E-03  0.1050291E+06
  0.4768612E-03  0.1049131E+06
  0.5052631E-03  0.1047897E+06
  0.5353567E-03  0.1046592E+06
  0.5672426E-03  0.1045179E+06
  0.6010277E-03  0.1043692E+06
  0.6368250E-03  0.1042109E+06
  0.6747544E-03  0.1040424E+06
  0.7149429E-03  0.1038629E+06
  0.7575250E-03  0.1036721E+06
  0.8026434E-03  0.1034677E+06
  0.8504489E-03  0.1032507E+06
  0.9011018E-03  0.1030194E+06
  0.9547716E-03  0.1027728E+06
  0.1011638E-02  0.1025099E+06
  0.1071891E-02  0.1022309E+06
  0.1135733E-02  0.1019317E+06
  0.1203378E-02  0.1016075E+06
  0.1275051E-02  0.1012671E+06
  0.1350994E-02  0.1009038E+06
  0.1431459E-02  0.1005159E+06
  0.1516717E-02  0.1001031E+06
  0.1607053E-02  0.9966001E+05
  0.1702769E-02  0.9918783E+05
  0.1804186E-02  0.9797426E+05
  0.1911644E-02  0.9797426E+05
  0.2025502E-02  0.9797426E+05
  0.2146141E-02  0.9797426E+05
  0.2273966E-02  0.9621304E+05
  0.2409404E-02  0.9548363E+05
  0.2552908E-02  0.9471114E+05
  0.2704960E-02  0.9387673E+05
  0.2866068E-02  0.9300452E+05
  0.3036771E-02  0.9208006E+05
  0.3217642E-02  0.9107811E+05
  0.3409285E-02  0.9003639E+05
  0.3612343E-02  0.8889231E+05
  0.3827494E-02  0.8775643E+05
  0.4055461E-02  0.8648546E+05
  0.4297005E-02  0.8514464E+05
  0.4552935E-02  0.8367030E+05
  0.4824109E-02  0.8164521E+05
  0.5111433E-02  0.8030690E+05
  0.5415871E-02  0.7831520E+05
  0.5738442E-02  0.7612599E+05
  0.6080224E-02  0.7372255E+05
  0.6442364E-02  0.7106135E+05
  0.6826072E-02  0.6803768E+05
  0.7232634E-02  0.6462901E+05
  0.7663411E-02  0.6094846E+05
  0.8119845E-02  0.5706861E+05
  0.8603464E-02  0.5312819E+05
  0.9115888E-02  0.4962014E+05
  0.9658832E-02  0.4663038E+05
  0.1023411E-01  0.4395350E+05
  0.1084366E-01  0.4117951E+05
  0.1148951E-01  0.3761634E+05
  0.1217383E-01  0.3307992E+05
  0.1289890E-01  0.2831924E+05
  0.1366716E-01  0.2503271E+05
  0.1448118E-01  0.2329512E+05
  0.1534368E-01  0.2247136E+05
  0.1625756E-01  0.2206271E+05
  0.1722586E-01  0.2184463E+05
  0.1825183E-01  0.2171887E+05
  0.1933892E-01  0.2164238E+05
  0.2049075E-01  0.2159001E+05
  0.2171118E-01  0.2155026E+05
  0.2300430E-01  0.2151866E+05
  0.2437444E-01  0.2149277E+05
  0.2582619E-01  0.2147190E+05
  0.2736440E-01  0.2145486E+05
  0.2899423E-01  0.2144178E+05
  0.3072113E-01  0.2143207E+05
  0.3255089E-01  0.2142539E+05
  0.3448962E-01  0.2142146E+05
  0.3654383E-01  0.2142031E+05
  0.3872039E-01  0.2142182E+05
  0.4102658E-01  0.2142586E+05
  0.4347013E-01  0.2143239E+05
  0.4605922E-01  0.2144329E+05
  0.4880252E-01  0.2145458E+05
  0.5170920E-01  0.2146816E+05
  0.5478901E-01  0.2148402E+05
  0.5805226E-01  0.2150224E+05
  0.6150986E-01  0.2152248E+05
  0.6517340E-01  0.2154493E+05
  0.6905514E-01  0.2156948E+05
  0.7316807E-01  0.2159613E+05
  0.7752597E-01  0.2162488E+05
  0.8214344E-01  0.2165564E+05
  0.8703591E-01  0.2168558E+05
  0.9221979E-01  0.2172372E+05
  0.9771242E-01  0.2176116E+05
  0.1035322E+00  0.2180019E+05
  0.1096986E+00  0.2184128E+05
  0.1162322E+00  0.2188444E+05
  0.1231551E+00  0.2192957E+05
  0.1304902E+00  0.2197665E+05
  0.1382622E+00  0.2202316E+05
  0.1464971E+00  0.2207415E+05
  0.1552225E+00  0.2213014E+05
  0.1644676E+00  0.2218523E+05
  0.1742633E+00  0.2224239E+05
  0.1846425E+00  0.2229835E+05
  0.1956398E+00  0.2235949E+05
  0.2072922E+00  0.2242201E+05
  0.2196385E+00  0.2248578E+05
  0.2327202E+00  0.2255073E+05
  0.2465811E+00  0.2262054E+05
  0.2612675E+00  0.2268782E+05
  0.2768287E+00  0.2278567E+05
  0.2933166E+00  0.2278567E+05
  0.3107866E+00  0.2294860E+05
  0.3292971E+00  0.2304961E+05
  0.3489101E+00  0.2306458E+05
  0.3696913E+00  0.2314405E+05
  0.3917101E+00  0.2322453E+05
  0.4150405E+00  0.2330584E+05
  0.4397604E+00  0.2338787E+05
  0.4659526E+00  0.2347084E+05
  0.4937048E+00  0.2355359E+05
  0.5231099E+00  0.2363666E+05
  0.5542665E+00  0.2371717E+05
  0.5872787E+00  0.2380041E+05
  0.6222571E+00  0.2388197E+05
  0.6593188E+00  0.2396326E+05
  0.6985880E+00  0.2404290E+05
  0.7401960E+00  0.2412386E+05
  0.7842822E+00  0.2420033E+05
  0.8309942E+00  0.2427352E+05
  0.8804884E+00  0.2434716E+05
  0.9329304E+00  0.2441536E+05
  0.9884959E+00  0.2448191E+05
  0.1047371E+01  0.2454989E+05
  0.1109752E+01  0.2461535E+05
  0.1175850E+01  0.2467975E+05
  0.1245883E+01  0.2474300E+05
  0.1320088E+01  0.2480288E+05
  0.1398713E+01  0.2486530E+05
  0.1482021E+01  0.2492396E+05
  0.1570290E+01  0.2498047E+05
  0.1663817E+01  0.2503533E+05
  0.1762914E+01  0.2508660E+05
  0.1867914E+01  0.2513884E+05
  0.1979167E+01  0.2518508E+05
  0.2097046E+01  0.2523087E+05
  0.2221947E+01  0.2527407E+05
  0.2354286E+01  0.2531452E+05
  0.2494508E+01  0.2534978E+05
  0.2643081E+01  0.2538455E+05
  0.2800504E+01  0.2541895E+05
  0.2967302E+01  0.2544846E+05
  0.3144035E+01  0.2547449E+05
  0.3331295E+01  0.2549791E+05
  0.3529707E+01  0.2551849E+05
  0.3739937E+01  0.2553624E+05
  0.3962689E+01  0.2554861E+05
  0.4198707E+01  0.2556024E+05
  0.4448783E+01  0.2556859E+05
  0.4713753E+01  0.2565603E+05
  0.4994505E+01  0.2565721E+05
  0.5291979E+01  0.2557133E+05
  0.5607170E+01  0.2556286E+05
  0.5941134E+01  0.2554703E+05
  0.6294989E+01  0.2552336E+05
  0.6669920E+01  0.2548270E+05
  0.7067181E+01  0.2542069E+05
  0.7488104E+01  0.2532465E+05
  0.7934097E+01  0.2517299E+05
  0.8406653E+01  0.2491680E+05
  0.8907355E+01  0.2446563E+05
  0.9437878E+01  0.2358198E+05
  0.1000000E+02  0.2086950E+05
  
  0.1000000E-03  0.1048941E+06
  0.1059560E-03  0.1048735E+06
  0.1122668E-03  0.1048490E+06
  0.1189534E-03  0.1048229E+06
  0.1260383E-03  0.1047951E+06
  0.1335452E-03  0.1047655E+06
  0.1414991E-03  0.1047340E+06
  0.1499268E-03  0.1047005E+06
  0.1588565E-03  0.1046628E+06
  0.1683180E-03  0.1046250E+06
  0.1783431E-03  0.1045847E+06
  0.1889652E-03  0.1045419E+06
  0.2002200E-03  0.1044964E+06
  0.2121452E-03  0.1044480E+06
  0.2247806E-03  0.1043965E+06
  0.2381686E-03  0.1043418E+06
  0.2523539E-03  0.1042836E+06
  0.2673842E-03  0.1042217E+06
  0.2833096E-03  0.1041559E+06
  0.3001836E-03  0.1040859E+06
  0.3180626E-03  0.1040126E+06
  0.3370064E-03  0.1039334E+06
  0.3570786E-03  0.1038492E+06
  0.3783463E-03  0.1037571E+06
  0.4008806E-03  0.1036618E+06
  0.4247572E-03  0.1035605E+06
  0.4500558E-03  0.1034526E+06
  0.4768612E-03  0.1033383E+06
  0.5052631E-03  0.1032162E+06
  0.5353567E-03  0.1030863E+06
  0.5672426E-03  0.1029479E+06
  0.6010277E-03  0.1028006E+06
  0.6368250E-03  0.1026437E+06
  0.6747544E-03  0.1024766E+06
  0.7149429E-03  0.1022779E+06
  0.7575250E-03  0.1020881E+06
  0.8026434E-03  0.1018857E+06
  0.8504489E-03  0.1016701E+06
  0.9011018E-03  0.1014416E+06
  0.9547716E-03  0.1012006E+06
  0.1011638E-02  0.1009391E+06
  0.1071891E-02  0.1006601E+06
  0.1135733E-02  0.1003624E+06
  0.1203378E-02  0.1000393E+06
  0.1275051E-02  0.9970058E+05
  0.1350994E-02  0.9933908E+05
  0.1431459E-02  0.9797426E+05
  0.1516717E-02  0.9797426E+05
  0.1607053E-02  0.9797426E+05
  0.1702769E-02  0.9797426E+05
  0.1804186E-02  0.9797426E+05
  0.1911644E-02  0.9654505E+05
  0.2025502E-02  0.9594830E+05
  0.2146141E-02  0.9531546E+05
  0.2273966E-02  0.9464534E+05
  0.2409404E-02  0.9391498E+05
  0.2552908E-02  0.9315564E+05
  0.2704960E-02  0.9235045E+05
  0.2866068E-02  0.9149546E+05
  0.3036771E-02  0.9056468E+05
  0.3217642E-02  0.8959921E+05
  0.3409285E-02  0.8853557E+05
  0.3612343E-02  0.8747389E+05
  0.3827494E-02  0.8627803E+05
  0.4055461E-02  0.8496339E+05
  0.4297005E-02  0.8359505E+05
  0.4552935E-02  0.8164521E+05
  0.4824109E-02  0.8031192E+05
  0.5111433E-02  0.7830444E+05
  0.5415871E-02  0.7607528E+05
  0.5738442E-02  0.7360216E+05
  0.6080224E-02  0.7081858E+05
  0.6442364E-02  0.6803768E+05
  0.6826072E-02  0.6391949E+05
  0.7232634E-02  0.5992766E+05
  0.7663411E-02  0.5572912E+05
  0.8119845E-02  0.5165449E+05
  0.8603464E-02  0.4811338E+05
  0.9115888E-02  0.4503231E+05
  0.9658832E-02  0.4187240E+05
  0.1023411E-01  0.3792954E+05
  0.1084366E-01  0.3281137E+05
  0.1148951E-01  0.2767184E+05
  0.1217383E-01  0.2447025E+05
  0.1289890E-01  0.2291987E+05
  0.1366716E-01  0.2220350E+05
  0.1448118E-01  0.2189234E+05
  0.1534368E-01  0.2173028E+05
  0.1625756E-01  0.2163395E+05
  0.1722586E-01  0.2156483E+05
  0.1825183E-01  0.2151522E+05
  0.1933892E-01  0.2147585E+05
  0.2049075E-01  0.2144288E+05
  0.2171118E-01  0.2141504E+05
  0.2300430E-01  0.2139137E+05
  0.2437444E-01  0.2137107E+05
  0.2582619E-01  0.2135405E+05
  0.2736440E-01  0.2134040E+05
  0.2899423E-01  0.2132952E+05
  0.3072113E-01  0.2131996E+05
  0.3255089E-01  0.2131419E+05
  0.3448962E-01  0.2131117E+05
  0.3654383E-01  0.2131065E+05
  0.3872039E-01  0.2131260E+05
  0.4102658E-01  0.2131850E+05
  0.4347013E-01  0.2132587E+05
  0.4605922E-01  0.2133632E+05
  0.4880252E-01  0.2134988E+05
  0.5170920E-01  0.2136699E+05
  0.5478901E-01  0.2138820E+05
  0.5805226E-01  0.2141383E+05
  0.6150986E-01  0.2144456E+05
  0.6517340E-01  0.2147976E+05
  0.6905514E-01  0.2152280E+05
  0.7316807E-01  0.2157413E+05
  0.7752597E-01  0.2163101E+05
  0.8214344E-01  0.2169934E+05
  0.8703591E-01  0.2177799E+05
  0.9221979E-01  0.2187163E+05
  0.9771242E-01  0.2197433E+05
  0.1035322E+00  0.2208887E+05
  0.1096986E+00  0.2221606E+05
  0.1162322E+00  0.2235607E+05
  0.1231551E+00  0.2250830E+05
  0.1304902E+00  0.2266760E+05
  0.1382622E+00  0.2278567E+05
  0.1464971E+00  0.2302585E+05
  0.1552225E+00  0.2321183E+05
  0.1644676E+00  0.2339867E+05
  0.1742633E+00  0.2358769E+05
  0.1846425E+00  0.2377220E+05
  0.1956398E+00  0.2394697E+05
  0.2072922E+00  0.2411259E+05
  0.2196385E+00  0.2425118E+05
  0.2327202E+00  0.2439471E+05
  0.2465811E+00  0.2452070E+05
  0.2612675E+00  0.2463885E+05
  0.2768287E+00  0.2474962E+05
  0.2933166E+00  0.2485072E+05
  0.3107866E+00  0.2494435E+05
  0.3292971E+00  0.2508573E+05
  0.3489101E+00  0.2516665E+05
  0.3696913E+00  0.2524922E+05
  0.3917101E+00  0.2533234E+05
  0.4150405E+00  0.2541314E+05
  0.4397604E+00  0.2549226E+05
  0.4659526E+00  0.2557398E+05
  0.4937048E+00  0.2565332E+05
  0.5231099E+00  0.2573378E+05
  0.5542665E+00  0.2581473E+05
  0.5872787E+00  0.2589349E+05
  0.6222571E+00  0.2597040E+05
  0.6593188E+00  0.2604710E+05
  0.6985880E+00  0.2612679E+05
  0.7401960E+00  0.2619972E+05
  0.7842822E+00  0.2627670E+05
  0.8309942E+00  0.2635142E+05
  0.8804884E+00  0.2642451E+05
  0.9329304E+00  0.2649993E+05
  0.9884959E+00  0.2657142E+05
  0.1047371E+01  0.2664106E+05
  0.1109752E+01  0.2670683E+05
  0.1175850E+01  0.2676821E+05
  0.1245883E+01  0.2682879E+05
  0.1320088E+01  0.2688629E+05
  0.1398713E+01  0.2694443E+05
  0.1482021E+01  0.2699948E+05
  0.1570290E+01  0.2705161E+05
  0.1663817E+01  0.2710137E+05
  0.1762914E+01  0.2714877E+05
  0.1867914E+01  0.2719315E+05
  0.1979167E+01  0.2723447E+05
  0.2097046E+01  0.2734281E+05
  0.2221947E+01  0.2734281E+05
  0.2354286E+01  0.2734281E+05
  0.2494508E+01  0.2734281E+05
  0.2643081E+01  0.2734281E+05
  0.2800504E+01  0.2744998E+05
  0.2967302E+01  0.2747722E+05
  0.3144035E+01  0.2750127E+05
  0.3331295E+01  0.2752246E+05
  0.3529707E+01  0.2754065E+05
  0.3739937E+01  0.2755586E+05
  0.3962689E+01  0.2756815E+05
  0.4198707E+01  0.2757799E+05
  0.4448783E+01  0.2758494E+05
  0.4713753E+01  0.2759682E+05
  0.4994505E+01  0.2759783E+05
  0.5291979E+01  0.2758765E+05
  0.5607170E+01  0.2758064E+05
  0.5941134E+01  0.2756722E+05
  0.6294989E+01  0.2754530E+05
  0.6669920E+01  0.2750952E+05
  0.7067181E+01  0.2745263E+05
  0.7488104E+01  0.2734281E+05
  0.7934097E+01  0.2722770E+05
  0.8406653E+01  0.2700932E+05
  0.8907355E+01  0.2660292E+05
  0.9437878E+01  0.2573615E+05
  0.1000000E+02  0.2311102E+05
  
  0.1000000E-03  0.1040056E+06
  0.1059560E-03  0.1039838E+06
  0.1122668E-03  0.1039590E+06
  0.1189534E-03  0.1039326E+06
  0.1260383E-03  0.1039045E+06
  0.1335452E-03  0.1038746E+06
  0.1414991E-03  0.1038427E+06
  0.1499268E-03  0.1038070E+06
  0.1588565E-03  0.1037709E+06
  0.1683180E-03  0.1037345E+06
  0.1783431E-03  0.1036937E+06
  0.1889652E-03  0.1036504E+06
  0.2002200E-03  0.1036025E+06
  0.2121452E-03  0.1035534E+06
  0.2247806E-03  0.1035013E+06
  0.2381686E-03  0.1034459E+06
  0.2523539E-03  0.1033886E+06
  0.2673842E-03  0.1033242E+06
  0.2833096E-03  0.1032576E+06
  0.3001836E-03  0.1031875E+06
  0.3180626E-03  0.1031121E+06
  0.3370064E-03  0.1030318E+06
  0.3570786E-03  0.1029465E+06
  0.3783463E-03  0.1028457E+06
  0.4008806E-03  0.1027491E+06
  0.4247572E-03  0.1026463E+06
  0.4500558E-03  0.1025369E+06
  0.4768612E-03  0.1024205E+06
  0.5052631E-03  0.1022966E+06
  0.5353567E-03  0.1021647E+06
  0.5672426E-03  0.1020242E+06
  0.6010277E-03  0.1019005E+06
  0.6368250E-03  0.1017414E+06
  0.6747544E-03  0.1015718E+06
  0.7149429E-03  0.1013911E+06
  0.7575250E-03  0.1011985E+06
  0.8026434E-03  0.1009932E+06
  0.8504489E-03  0.1007743E+06
  0.9011018E-03  0.1005408E+06
  0.9547716E-03  0.1002917E+06
  0.1011638E-02  0.1000260E+06
  0.1071891E-02  0.9974258E+05
  0.1135733E-02  0.9944013E+05
  0.1203378E-02  0.9797426E+05
  0.1275051E-02  0.9797426E+05
  0.1350994E-02  0.9797426E+05
  0.1431459E-02  0.9797426E+05
  0.1516717E-02  0.9797426E+05
  0.1607053E-02  0.9797426E+05
  0.1702769E-02  0.9659444E+05
  0.1804186E-02  0.9606203E+05
  0.1911644E-02  0.9546565E+05
  0.2025502E-02  0.9486297E+05
  0.2146141E-02  0.9422238E+05
  0.2273966E-02  0.9352132E+05
  0.2409404E-02  0.9279804E+05
  0.2552908E-02  0.9203051E+05
  0.2704960E-02  0.9121843E+05
  0.2866068E-02  0.9035455E+05
  0.3036771E-02  0.8942868E+05
  0.3217642E-02  0.8845076E+05
  0.3409285E-02  0.8736218E+05
  0.3612343E-02  0.8625778E+05
  0.3827494E-02  0.8504780E+05
  0.4055461E-02  0.8371794E+05
  0.4297005E-02  0.8164521E+05
  0.4552935E-02  0.8054386E+05
  0.4824109E-02  0.7859072E+05
  0.5111433E-02  0.7639230E+05
  0.5415871E-02  0.7391832E+05
  0.5738442E-02  0.7109635E+05
  0.6080224E-02  0.6803768E+05
  0.6442364E-02  0.6399495E+05
  0.6826072E-02  0.5980446E+05
  0.7232634E-02  0.5535222E+05
  0.7663411E-02  0.5111493E+05
  0.8119845E-02  0.4748603E+05
  0.8603464E-02  0.4422189E+05
  0.9115888E-02  0.4065914E+05
  0.9658832E-02  0.3598872E+05
  0.1023411E-01  0.3025429E+05
  0.1084366E-01  0.2566521E+05
  0.1148951E-01  0.2338422E+05
  0.1217383E-01  0.2235186E+05
  0.1289890E-01  0.2190694E+05
  0.1366716E-01  0.2167901E+05
  0.1448118E-01  0.2155305E+05
  0.1534368E-01  0.2147152E+05
  0.1625756E-01  0.2141358E+05
  0.1722586E-01  0.2136904E+05
  0.1825183E-01  0.2133297E+05
  0.1933892E-01  0.2130282E+05
  0.2049075E-01  0.2127717E+05
  0.2171118E-01  0.2125497E+05
  0.2300430E-01  0.2123566E+05
  0.2437444E-01  0.2122060E+05
  0.2582619E-01  0.2120556E+05
  0.2736440E-01  0.2119278E+05
  0.2899423E-01  0.2118200E+05
  0.3072113E-01  0.2117372E+05
  0.3255089E-01  0.2116857E+05
  0.3448962E-01  0.2116829E+05
  0.3654383E-01  0.2117487E+05
  0.3872039E-01  0.2119175E+05
  0.4102658E-01  0.2122323E+05
  0.4347013E-01  0.2127598E+05
  0.4605922E-01  0.2135730E+05
  0.4880252E-01  0.2147569E+05
  0.5170920E-01  0.2163973E+05
  0.5478901E-01  0.2185624E+05
  0.5805226E-01  0.2212922E+05
  0.6150986E-01  0.2246073E+05
  0.6517340E-01  0.2278567E+05
  0.6905514E-01  0.2324411E+05
  0.7316807E-01  0.2361693E+05
  0.7752597E-01  0.2394904E+05
  0.8214344E-01  0.2421249E+05
  0.8703591E-01  0.2440453E+05
  0.9221979E-01  0.2452384E+05
  0.9771242E-01  0.2459216E+05
  0.1035322E+00  0.2463657E+05
  0.1096986E+00  0.2467194E+05
  0.1162322E+00  0.2469660E+05
  0.1231551E+00  0.2473065E+05
  0.1304902E+00  0.2476622E+05
  0.1382622E+00  0.2479878E+05
  0.1464971E+00  0.2483313E+05
  0.1552225E+00  0.2486181E+05
  0.1644676E+00  0.2488529E+05
  0.1742633E+00  0.2491557E+05
  0.1846425E+00  0.2494436E+05
  0.1956398E+00  0.2497389E+05
  0.2072922E+00  0.2500556E+05
  0.2196385E+00  0.2503395E+05
  0.2327202E+00  0.2503455E+05
  0.2465811E+00  0.2506473E+05
  0.2612675E+00  0.2509512E+05
  0.2768287E+00  0.2513307E+05
  0.2933166E+00  0.2516775E+05
  0.3107866E+00  0.2520780E+05
  0.3292971E+00  0.2524431E+05
  0.3489101E+00  0.2528686E+05
  0.3696913E+00  0.2533083E+05
  0.3917101E+00  0.2537582E+05
  0.4150405E+00  0.2542227E+05
  0.4397604E+00  0.2547325E+05
  0.4659526E+00  0.2554476E+05
  0.4937048E+00  0.2559762E+05
  0.5231099E+00  0.2584974E+05
  0.5542665E+00  0.2589657E+05
  0.5872787E+00  0.2595077E+05
  0.6222571E+00  0.2599883E+05
  0.6593188E+00  0.2585611E+05
  0.6985880E+00  0.2592207E+05
  0.7401960E+00  0.2598829E+05
  0.7842822E+00  0.2605583E+05
  0.8309942E+00  0.2612367E+05
  0.8804884E+00  0.2619148E+05
  0.9329304E+00  0.2625956E+05
  0.9884959E+00  0.2632900E+05
  0.1047371E+01  0.2639813E+05
  0.1109752E+01  0.2646731E+05
  0.1175850E+01  0.2653578E+05
  0.1245883E+01  0.2660362E+05
  0.1320088E+01  0.2667131E+05
  0.1398713E+01  0.2673505E+05
  0.1482021E+01  0.2680096E+05
  0.1570290E+01  0.2686342E+05
  0.1663817E+01  0.2692625E+05
  0.1762914E+01  0.2698660E+05
  0.1867914E+01  0.2704435E+05
  0.1979167E+01  0.2712280E+05
  0.2097046E+01  0.2716966E+05
  0.2221947E+01  0.2720101E+05
  0.2354286E+01  0.2724920E+05
  0.2494508E+01  0.2734281E+05
  0.2643081E+01  0.2734281E+05
  0.2800504E+01  0.2734281E+05
  0.2967302E+01  0.2734281E+05
  0.3144035E+01  0.2744709E+05
  0.3331295E+01  0.2747670E+05
  0.3529707E+01  0.2750430E+05
  0.3739937E+01  0.2752712E+05
  0.3962689E+01  0.2754685E+05
  0.4198707E+01  0.2756173E+05
  0.4448783E+01  0.2757169E+05
  0.4713753E+01  0.2757581E+05
  0.4994505E+01  0.2757833E+05
  0.5291979E+01  0.2757683E+05
  0.5607170E+01  0.2756699E+05
  0.5941134E+01  0.2754647E+05
  0.6294989E+01  0.2751324E+05
  0.6669920E+01  0.2746123E+05
  0.7067181E+01  0.2734281E+05
  0.7488104E+01  0.2726918E+05
  0.7934097E+01  0.2708979E+05
  0.8406653E+01  0.2679411E+05
  0.8907355E+01  0.2627796E+05
  0.9437878E+01  0.2524939E+05
  0.1000000E+02  0.2214855E+05
  
  0.1000000E-03  0.1010526E+06
  0.1059560E-03  0.1010365E+06
  0.1122668E-03  0.1010120E+06
  0.1189534E-03  0.1009858E+06
  0.1260383E-03  0.1009579E+06
  0.1335452E-03  0.1009282E+06
  0.1414991E-03  0.1008966E+06
  0.1499268E-03  0.1008620E+06
  0.1588565E-03  0.1008262E+06
  0.1683180E-03  0.1007881E+06
  0.1783431E-03  0.1007509E+06
  0.1889652E-03  0.1007077E+06
  0.2002200E-03  0.1006617E+06
  0.2121452E-03  0.1006128E+06
  0.2247806E-03  0.1005608E+06
  0.2381686E-03  0.1005054E+06
  0.2523539E-03  0.1004466E+06
  0.2673842E-03  0.1003839E+06
  0.2833096E-03  0.1003173E+06
  0.3001836E-03  0.1002464E+06
  0.3180626E-03  0.1001709E+06
  0.3370064E-03  0.1000905E+06
  0.3570786E-03  0.1000050E+06
  0.3783463E-03  0.9989837E+05
  0.4008806E-03  0.9980150E+05
  0.4247572E-03  0.9969836E+05
  0.4500558E-03  0.9958853E+05
  0.4768612E-03  0.9947155E+05
  0.5052631E-03  0.9934694E+05
  0.5353567E-03  0.9797426E+05
  0.5672426E-03  0.9797426E+05
  0.6010277E-03  0.9797426E+05
  0.6368250E-03  0.9797426E+05
  0.6747544E-03  0.9797426E+05
  0.7149429E-03  0.9797426E+05
  0.7575250E-03  0.9797426E+05
  0.8026434E-03  0.9797426E+05
  0.8504489E-03  0.9797426E+05
  0.9011018E-03  0.9797426E+05
  0.9547716E-03  0.9797426E+05
  0.1011638E-02  0.9797426E+05
  0.1071891E-02  0.9797426E+05
  0.1135733E-02  0.9638917E+05
  0.1203378E-02  0.9603986E+05
  0.1275051E-02  0.9567243E+05
  0.1350994E-02  0.9528205E+05
  0.1431459E-02  0.9486637E+05
  0.1516717E-02  0.9442356E+05
  0.1607053E-02  0.9395339E+05
  0.1702769E-02  0.9345424E+05
  0.1804186E-02  0.9292134E+05
  0.1911644E-02  0.9231928E+05
  0.2025502E-02  0.9171916E+05
  0.2146141E-02  0.9104496E+05
  0.2273966E-02  0.9037108E+05
  0.2409404E-02  0.8966158E+05
  0.2552908E-02  0.8890807E+05
  0.2704960E-02  0.8812541E+05
  0.2866068E-02  0.8728498E+05
  0.3036771E-02  0.8639018E+05
  0.3217642E-02  0.8544962E+05
  0.3409285E-02  0.8438441E+05
  0.3612343E-02  0.8335711E+05
  0.3827494E-02  0.8164521E+05
  0.4055461E-02  0.8164521E+05
  0.4297005E-02  0.7942555E+05
  0.4552935E-02  0.7775632E+05
  0.4824109E-02  0.7585382E+05
  0.5111433E-02  0.7367118E+05
  0.5415871E-02  0.7115405E+05
  0.5738442E-02  0.6803768E+05
  0.6080224E-02  0.6458687E+05
  0.6442364E-02  0.6045618E+05
  0.6826072E-02  0.5595588E+05
  0.7232634E-02  0.5149638E+05
  0.7663411E-02  0.4763109E+05
  0.8119845E-02  0.4430711E+05
  0.8603464E-02  0.4069938E+05
  0.9115888E-02  0.3597272E+05
  0.9658832E-02  0.3011449E+05
  0.1023411E-01  0.2534334E+05
  0.1084366E-01  0.2299946E+05
  0.1148951E-01  0.2192344E+05
  0.1217383E-01  0.2145505E+05
  0.1289890E-01  0.2121698E+05
  0.1366716E-01  0.2108147E+05
  0.1448118E-01  0.2099620E+05
  0.1534368E-01  0.2093804E+05
  0.1625756E-01  0.2089626E+05
  0.1722586E-01  0.2086465E+05
  0.1825183E-01  0.2084007E+05
  0.1933892E-01  0.2082014E+05
  0.2049075E-01  0.2080970E+05
  0.2171118E-01  0.2079346E+05
  0.2300430E-01  0.2077261E+05
  0.2437444E-01  0.2075350E+05
  0.2582619E-01  0.2073147E+05
  0.2736440E-01  0.2070811E+05
  0.2899423E-01  0.2068783E+05
  0.3072113E-01  0.2067903E+05
  0.3255089E-01  0.2069736E+05
  0.3448962E-01  0.2076629E+05
  0.3654383E-01  0.2099752E+05
  0.3872039E-01  0.2128964E+05
  0.4102658E-01  0.2169427E+05
  0.4347013E-01  0.2216176E+05
  0.4605922E-01  0.2265196E+05
  0.4880252E-01  0.2296552E+05
  0.5170920E-01  0.2327438E+05
  0.5478901E-01  0.2331758E+05
  0.5805226E-01  0.2337145E+05
  0.6150986E-01  0.2341730E+05
  0.6517340E-01  0.2347362E+05
  0.6905514E-01  0.2352959E+05
  0.7316807E-01  0.2357764E+05
  0.7752597E-01  0.2361838E+05
  0.8214344E-01  0.2365035E+05
  0.8703591E-01  0.2367322E+05
  0.9221979E-01  0.2368697E+05
  0.9771242E-01  0.2369450E+05
  0.1035322E+00  0.2369871E+05
  0.1096986E+00  0.2370488E+05
  0.1162322E+00  0.2370817E+05
  0.1231551E+00  0.2371556E+05
  0.1304902E+00  0.2372486E+05
  0.1382622E+00  0.2373992E+05
  0.1464971E+00  0.2376327E+05
  0.1552225E+00  0.2378295E+05
  0.1644676E+00  0.2379450E+05
  0.1742633E+00  0.2382268E+05
  0.1846425E+00  0.2385472E+05
  0.1956398E+00  0.2388533E+05
  0.2072922E+00  0.2391706E+05
  0.2196385E+00  0.2394916E+05
  0.2327202E+00  0.2395982E+05
  0.2465811E+00  0.2399349E+05
  0.2612675E+00  0.2402676E+05
  0.2768287E+00  0.2406663E+05
  0.2933166E+00  0.2401899E+05
  0.3107866E+00  0.2446499E+05
  0.3292971E+00  0.2489383E+05
  0.3489101E+00  0.2453103E+05
  0.3696913E+00  0.2421586E+05
  0.3917101E+00  0.2427073E+05
  0.4150405E+00  0.2432830E+05
  0.4397604E+00  0.2438593E+05
  0.4659526E+00  0.2444395E+05
  0.4937048E+00  0.2450369E+05
  0.5231099E+00  0.2457650E+05
  0.5542665E+00  0.2463944E+05
  0.5872787E+00  0.2470619E+05
  0.6222571E+00  0.2477326E+05
  0.6593188E+00  0.2483492E+05
  0.6985880E+00  0.2490642E+05
  0.7401960E+00  0.2497707E+05
  0.7842822E+00  0.2505380E+05
  0.8309942E+00  0.2512523E+05
  0.8804884E+00  0.2519794E+05
  0.9329304E+00  0.2527009E+05
  0.9884959E+00  0.2534419E+05
  0.1047371E+01  0.2541727E+05
  0.1109752E+01  0.2548936E+05
  0.1175850E+01  0.2556351E+05
  0.1245883E+01  0.2566236E+05
  0.1320088E+01  0.2573216E+05
  0.1398713E+01  0.2579957E+05
  0.1482021E+01  0.2586706E+05
  0.1570290E+01  0.2593317E+05
  0.1663817E+01  0.2603954E+05
  0.1762914E+01  0.2606099E+05
  0.1867914E+01  0.2612298E+05
  0.1979167E+01  0.2618055E+05
  0.2097046E+01  0.2623737E+05
  0.2221947E+01  0.2629107E+05
  0.2354286E+01  0.2634158E+05
  0.2494508E+01  0.2638805E+05
  0.2643081E+01  0.2643490E+05
  0.2800504E+01  0.2647753E+05
  0.2967302E+01  0.2651845E+05
  0.3144035E+01  0.2654697E+05
  0.3331295E+01  0.2657826E+05
  0.3529707E+01  0.2660480E+05
  0.3739937E+01  0.2664226E+05
  0.3962689E+01  0.2664469E+05
  0.4198707E+01  0.2666010E+05
  0.4448783E+01  0.2667151E+05
  0.4713753E+01  0.2667842E+05
  0.4994505E+01  0.2668001E+05
  0.5291979E+01  0.2667615E+05
  0.5607170E+01  0.2666540E+05
  0.5941134E+01  0.2664380E+05
  0.6294989E+01  0.2660977E+05
  0.6669920E+01  0.2655678E+05
  0.7067181E+01  0.2647965E+05
  0.7488104E+01  0.2635470E+05
  0.7934097E+01  0.2616137E+05
  0.8406653E+01  0.2584999E+05
  0.8907355E+01  0.2528963E+05
  0.9437878E+01  0.2427575E+05
  0.1000000E+02  0.2052904E+05
  
  0.1000000E-03  0.9797426E+05
  0.1059560E-03  0.9797426E+05
  0.1122668E-03  0.9797426E+05
  0.1189534E-03  0.9797426E+05
  0.1260383E-03  0.9797426E+05
  0.1335452E-03  0.9797426E+05
  0.1414991E-03  0.9797426E+05
  0.1499268E-03  0.9797426E+05
  0.1588565E-03  0.9797426E+05
  0.1683180E-03  0.9797426E+05
  0.1783431E-03  0.9797426E+05
  0.1889652E-03  0.9797426E+05
  0.2002200E-03  0.9797426E+05
  0.2121452E-03  0.9797426E+05
  0.2247806E-03  0.9797426E+05
  0.2381686E-03  0.9797426E+05
  0.2523539E-03  0.9797426E+05
  0.2673842E-03  0.9797426E+05
  0.2833096E-03  0.9797426E+05
  0.3001836E-03  0.9797426E+05
  0.3180626E-03  0.9797426E+05
  0.3370064E-03  0.9797426E+05
  0.3570786E-03  0.9797426E+05
  0.3783463E-03  0.9797426E+05
  0.4008806E-03  0.9797426E+05
  0.4247572E-03  0.9797426E+05
  0.4500558E-03  0.9797426E+05
  0.4768612E-03  0.9797426E+05
  0.5052631E-03  0.9797426E+05
  0.5353567E-03  0.9652658E+05
  0.5672426E-03  0.9637702E+05
  0.6010277E-03  0.9621758E+05
  0.6368250E-03  0.9604760E+05
  0.6747544E-03  0.9586636E+05
  0.7149429E-03  0.9568184E+05
  0.7575250E-03  0.9547672E+05
  0.8026434E-03  0.9525800E+05
  0.8504489E-03  0.9501542E+05
  0.9011018E-03  0.9476572E+05
  0.9547716E-03  0.9450462E+05
  0.1011638E-02  0.9421951E+05
  0.1071891E-02  0.9391764E+05
  0.1135733E-02  0.9359504E+05
  0.1203378E-02  0.9324627E+05
  0.1275051E-02  0.9288050E+05
  0.1350994E-02  0.9249010E+05
  0.1431459E-02  0.9207528E+05
  0.1516717E-02  0.9161817E+05
  0.1607053E-02  0.9114908E+05
  0.1702769E-02  0.9065069E+05
  0.1804186E-02  0.9015341E+05
  0.1911644E-02  0.8959400E+05
  0.2025502E-02  0.8896163E+05
  0.2146141E-02  0.8827935E+05
  0.2273966E-02  0.8761618E+05
  0.2409404E-02  0.8691758E+05
  0.2552908E-02  0.8618214E+05
  0.2704960E-02  0.8542917E+05
  0.2866068E-02  0.8461821E+05
  0.3036771E-02  0.8377195E+05
  0.3217642E-02  0.8287106E+05
  0.3409285E-02  0.8164521E+05
  0.3612343E-02  0.8164521E+05
  0.3827494E-02  0.7978762E+05
  0.4055461E-02  0.7858880E+05
  0.4297005E-02  0.7724727E+05
  0.4552935E-02  0.7573088E+05
  0.4824109E-02  0.7400240E+05
  0.5111433E-02  0.7194423E+05
  0.5415871E-02  0.6953751E+05
  0.5738442E-02  0.6651804E+05
  0.6080224E-02  0.6285382E+05
  0.6442364E-02  0.5864707E+05
  0.6826072E-02  0.5394908E+05
  0.7232634E-02  0.4955445E+05
  0.7663411E-02  0.4582973E+05
  0.8119845E-02  0.4230189E+05
  0.8603464E-02  0.3794821E+05
  0.9115888E-02  0.3231902E+05
  0.9658832E-02  0.2662738E+05
  0.1023411E-01  0.2338470E+05
  0.1084366E-01  0.2192532E+05
  0.1148951E-01  0.2128561E+05
  0.1217383E-01  0.2096772E+05
  0.1289890E-01  0.2079898E+05
  0.1366716E-01  0.2070181E+05
  0.1448118E-01  0.2064386E+05
  0.1534368E-01  0.2060899E+05
  0.1625756E-01  0.2058895E+05
  0.1722586E-01  0.2057770E+05
  0.1825183E-01  0.2057043E+05
  0.1933892E-01  0.2055560E+05
  0.2049075E-01  0.2053497E+05
  0.2171118E-01  0.2050120E+05
  0.2300430E-01  0.2044444E+05
  0.2437444E-01  0.2037332E+05
  0.2582619E-01  0.2030341E+05
  0.2736440E-01  0.2034502E+05
  0.2899423E-01  0.2046322E+05
  0.3072113E-01  0.2076243E+05
  0.3255089E-01  0.2122391E+05
  0.3448962E-01  0.2168749E+05
  0.3654383E-01  0.2197730E+05
  0.3872039E-01  0.2207493E+05
  0.4102658E-01  0.2216055E+05
  0.4347013E-01  0.2208163E+05
  0.4605922E-01  0.2214958E+05
  0.4880252E-01  0.2220131E+05
  0.5170920E-01  0.2222866E+05
  0.5478901E-01  0.2222238E+05
  0.5805226E-01  0.2232705E+05
  0.6150986E-01  0.2230220E+05
  0.6517340E-01  0.2228695E+05
  0.6905514E-01  0.2227614E+05
  0.7316807E-01  0.2229374E+05
  0.7752597E-01  0.2230933E+05
  0.8214344E-01  0.2232473E+05
  0.8703591E-01  0.2228797E+05
  0.9221979E-01  0.2229549E+05
  0.9771242E-01  0.2229706E+05
  0.1035322E+00  0.2229940E+05
  0.1096986E+00  0.2230336E+05
  0.1162322E+00  0.2230136E+05
  0.1231551E+00  0.2231063E+05
  0.1304902E+00  0.2221595E+05
  0.1382622E+00  0.2224231E+05
  0.1464971E+00  0.2227310E+05
  0.1552225E+00  0.2231177E+05
  0.1644676E+00  0.2235082E+05
  0.1742633E+00  0.2240225E+05
  0.1846425E+00  0.2245535E+05
  0.1956398E+00  0.2251081E+05
  0.2072922E+00  0.2278567E+05
  0.2196385E+00  0.2278567E+05
  0.2327202E+00  0.2265415E+05
  0.2465811E+00  0.2278567E+05
  0.2612675E+00  0.2308853E+05
  0.2768287E+00  0.2278567E+05
  0.2933166E+00  0.2278567E+05
  0.3107866E+00  0.2325131E+05
  0.3292971E+00  0.2305491E+05
  0.3489101E+00  0.2308493E+05
  0.3696913E+00  0.2312025E+05
  0.3917101E+00  0.2319709E+05
  0.4150405E+00  0.2327485E+05
  0.4397604E+00  0.2335257E+05
  0.4659526E+00  0.2343222E+05
  0.4937048E+00  0.2351168E+05
  0.5231099E+00  0.2360428E+05
  0.5542665E+00  0.2368357E+05
  0.5872787E+00  0.2376310E+05
  0.6222571E+00  0.2384288E+05
  0.6593188E+00  0.2391585E+05
  0.6985880E+00  0.2399650E+05
  0.7401960E+00  0.2407762E+05
  0.7842822E+00  0.2415878E+05
  0.8309942E+00  0.2424027E+05
  0.8804884E+00  0.2432077E+05
  0.9329304E+00  0.2440079E+05
  0.9884959E+00  0.2448117E+05
  0.1047371E+01  0.2456076E+05
  0.1109752E+01  0.2463987E+05
  0.1175850E+01  0.2471747E+05
  0.1245883E+01  0.2479281E+05
  0.1320088E+01  0.2570677E+05
  0.1398713E+01  0.2493206E+05
  0.1482021E+01  0.2501040E+05
  0.1570290E+01  0.2508359E+05
  0.1663817E+01  0.2515699E+05
  0.1762914E+01  0.2522606E+05
  0.1867914E+01  0.2529519E+05
  0.1979167E+01  0.2536145E+05
  0.2097046E+01  0.2542450E+05
  0.2221947E+01  0.2548500E+05
  0.2354286E+01  0.2554234E+05
  0.2494508E+01  0.2563010E+05
  0.2643081E+01  0.2568012E+05
  0.2800504E+01  0.2572686E+05
  0.2967302E+01  0.2576998E+05
  0.3144035E+01  0.2580901E+05
  0.3331295E+01  0.2584582E+05
  0.3529707E+01  0.2587646E+05
  0.3739937E+01  0.2590303E+05
  0.3962689E+01  0.2592683E+05
  0.4198707E+01  0.2594519E+05
  0.4448783E+01  0.2595889E+05
  0.4713753E+01  0.2596627E+05
  0.4994505E+01  0.2596816E+05
  0.5291979E+01  0.2596354E+05
  0.5607170E+01  0.2594893E+05
  0.5941134E+01  0.2592355E+05
  0.6294989E+01  0.2588285E+05
  0.6669920E+01  0.2582128E+05
  0.7067181E+01  0.2572831E+05
  0.7488104E+01  0.2555457E+05
  0.7934097E+01  0.2533857E+05
  0.8406653E+01  0.2499870E+05
  0.8907355E+01  0.2442614E+05
  0.9437878E+01  0.2327749E+05
  0.1000000E+02  0.1804726E+05
  
  0.1000000E-03  0.9623431E+05
  0.1059560E-03  0.9621608E+05
  0.1122668E-03  0.9619426E+05
  0.1189534E-03  0.9616734E+05
  0.1260383E-03  0.9613863E+05
  0.1335452E-03  0.9610802E+05
  0.1414991E-03  0.9607541E+05
  0.1499268E-03  0.9604067E+05
  0.1588565E-03  0.9600367E+05
  0.1683180E-03  0.9596426E+05
  0.1783431E-03  0.9592230E+05
  0.1889652E-03  0.9587762E+05
  0.2002200E-03  0.9583004E+05
  0.2121452E-03  0.9577940E+05
  0.2247806E-03  0.9572547E+05
  0.2381686E-03  0.9566807E+05
  0.2523539E-03  0.9560695E+05
  0.2673842E-03  0.9554188E+05
  0.2833096E-03  0.9547260E+05
  0.3001836E-03  0.9539883E+05
  0.3180626E-03  0.9531977E+05
  0.3370064E-03  0.9523830E+05
  0.3570786E-03  0.9514689E+05
  0.3783463E-03  0.9505249E+05
  0.4008806E-03  0.9495193E+05
  0.4247572E-03  0.9484479E+05
  0.4500558E-03  0.9473063E+05
  0.4768612E-03  0.9460898E+05
  0.5052631E-03  0.9447219E+05
  0.5353567E-03  0.9433607E+05
  0.5672426E-03  0.9418754E+05
  0.6010277E-03  0.9402911E+05
  0.6368250E-03  0.9386012E+05
  0.6747544E-03  0.9367985E+05
  0.7149429E-03  0.9348754E+05
  0.7575250E-03  0.9328240E+05
  0.8026434E-03  0.9306355E+05
  0.8504489E-03  0.9283006E+05
  0.9011018E-03  0.9258095E+05
  0.9547716E-03  0.9231202E+05
  0.1011638E-02  0.9202843E+05
  0.1071891E-02  0.9173762E+05
  0.1135733E-02  0.9141666E+05
  0.1203378E-02  0.9107035E+05
  0.1275051E-02  0.9070630E+05
  0.1350994E-02  0.9031798E+05
  0.1431459E-02  0.8990314E+05
  0.1516717E-02  0.8946412E+05
  0.1607053E-02  0.8900619E+05
  0.1702769E-02  0.8851067E+05
  0.1804186E-02  0.8798717E+05
  0.1911644E-02  0.8742523E+05
  0.2025502E-02  0.8680449E+05
  0.2146141E-02  0.8610808E+05
  0.2273966E-02  0.8545308E+05
  0.2409404E-02  0.8475822E+05
  0.2552908E-02  0.8406106E+05
  0.2704960E-02  0.8330374E+05
  0.2866068E-02  0.8164521E+05
  0.3036771E-02  0.8164521E+05
  0.3217642E-02  0.8164521E+05
  0.3409285E-02  0.7980212E+05
  0.3612343E-02  0.7882456E+05
  0.3827494E-02  0.7783696E+05
  0.4055461E-02  0.7672755E+05
  0.4297005E-02  0.7549786E+05
  0.4552935E-02  0.7410895E+05
  0.4824109E-02  0.7253645E+05
  0.5111433E-02  0.7062940E+05
  0.5415871E-02  0.6803768E+05
  0.5738442E-02  0.6545928E+05
  0.6080224E-02  0.6190106E+05
  0.6442364E-02  0.5769093E+05
  0.6826072E-02  0.5290276E+05
  0.7232634E-02  0.4849332E+05
  0.7663411E-02  0.4475642E+05
  0.8119845E-02  0.4093373E+05
  0.8603464E-02  0.3599867E+05
  0.9115888E-02  0.2994118E+05
  0.9658832E-02  0.2494713E+05
  0.1023411E-01  0.2246450E+05
  0.1084366E-01  0.2139466E+05
  0.1148951E-01  0.2091095E+05
  0.1217383E-01  0.2066897E+05
  0.1289890E-01  0.2054423E+05
  0.1366716E-01  0.2048175E+05
  0.1448118E-01  0.2045525E+05
  0.1534368E-01  0.2044907E+05
  0.1625756E-01  0.2045009E+05
  0.1722586E-01  0.2044267E+05
  0.1825183E-01  0.2040851E+05
  0.1933892E-01  0.2033134E+05
  0.2049075E-01  0.2020445E+05
  0.2171118E-01  0.2003810E+05
  0.2300430E-01  0.1995647E+05
  0.2437444E-01  0.1996899E+05
  0.2582619E-01  0.2023068E+05
  0.2736440E-01  0.2064552E+05
  0.2899423E-01  0.2088433E+05
  0.3072113E-01  0.2086696E+05
  0.3255089E-01  0.2093508E+05
  0.3448962E-01  0.2096660E+05
  0.3654383E-01  0.2099395E+05
  0.3872039E-01  0.2094580E+05
  0.4102658E-01  0.2086132E+05
  0.4347013E-01  0.2078073E+05
  0.4605922E-01  0.2072442E+05
  0.4880252E-01  0.2072862E+05
  0.5170920E-01  0.2071537E+05
  0.5478901E-01  0.2067360E+05
  0.5805226E-01  0.2048928E+05
  0.6150986E-01  0.2044836E+05
  0.6517340E-01  0.2042680E+05
  0.6905514E-01  0.2040452E+05
  0.7316807E-01  0.2041657E+05
  0.7752597E-01  0.2042897E+05
  0.8214344E-01  0.2044228E+05
  0.8703591E-01  0.2040221E+05
  0.9221979E-01  0.2041662E+05
  0.9771242E-01  0.2042047E+05
  0.1035322E+00  0.2043355E+05
  0.1096986E+00  0.2045325E+05
  0.1162322E+00  0.2047151E+05
  0.1231551E+00  0.2049800E+05
  0.1304902E+00  0.2053043E+05
  0.1382622E+00  0.2057048E+05
  0.1464971E+00  0.2061578E+05
  0.1552225E+00  0.2066931E+05
  0.1644676E+00  0.2124421E+05
  0.1742633E+00  0.2077839E+05
  0.1846425E+00  0.2084776E+05
  0.1956398E+00  0.2101069E+05
  0.2072922E+00  0.2120857E+05
  0.2196385E+00  0.2124060E+05
  0.2327202E+00  0.2121502E+05
  0.2465811E+00  0.2136689E+05
  0.2612675E+00  0.2144547E+05
  0.2768287E+00  0.2147227E+05
  0.2933166E+00  0.2163642E+05
  0.3107866E+00  0.2174311E+05
  0.3292971E+00  0.2182453E+05
  0.3489101E+00  0.2187538E+05
  0.3696913E+00  0.2193221E+05
  0.3917101E+00  0.2202917E+05
  0.4150405E+00  0.2212620E+05
  0.4397604E+00  0.2222450E+05
  0.4659526E+00  0.2221107E+05
  0.4937048E+00  0.2232333E+05
  0.5231099E+00  0.2245536E+05
  0.5542665E+00  0.2257104E+05
  0.5872787E+00  0.2268690E+05
  0.6222571E+00  0.2278567E+05
  0.6593188E+00  0.2291908E+05
  0.6985880E+00  0.2305961E+05
  0.7401960E+00  0.2310630E+05
  0.7842822E+00  0.2320195E+05
  0.8309942E+00  0.2330336E+05
  0.8804884E+00  0.2340323E+05
  0.9329304E+00  0.2350179E+05
  0.9884959E+00  0.2359811E+05
  0.1047371E+01  0.2446856E+05
  0.1109752E+01  0.2454592E+05
  0.1175850E+01  0.2386072E+05
  0.1245883E+01  0.2395365E+05
  0.1320088E+01  0.2408006E+05
  0.1398713E+01  0.2412176E+05
  0.1482021E+01  0.2421377E+05
  0.1570290E+01  0.2430043E+05
  0.1663817E+01  0.2438468E+05
  0.1762914E+01  0.2446242E+05
  0.1867914E+01  0.2453879E+05
  0.1979167E+01  0.2461118E+05
  0.2097046E+01  0.2468034E+05
  0.2221947E+01  0.2474494E+05
  0.2354286E+01  0.2480613E+05
  0.2494508E+01  0.2486079E+05
  0.2643081E+01  0.2491463E+05
  0.2800504E+01  0.2496535E+05
  0.2967302E+01  0.2501141E+05
  0.3144035E+01  0.2505382E+05
  0.3331295E+01  0.2509162E+05
  0.3529707E+01  0.2512528E+05
  0.3739937E+01  0.2515523E+05
  0.3962689E+01  0.2517974E+05
  0.4198707E+01  0.2519949E+05
  0.4448783E+01  0.2521374E+05
  0.4713753E+01  0.2522271E+05
  0.4994505E+01  0.2522433E+05
  0.5291979E+01  0.2521811E+05
  0.5607170E+01  0.2520274E+05
  0.5941134E+01  0.2517478E+05
  0.6294989E+01  0.2512981E+05
  0.6669920E+01  0.2506285E+05
  0.7067181E+01  0.2496250E+05
  0.7488104E+01  0.2481413E+05
  0.7934097E+01  0.2458210E+05
  0.8406653E+01  0.2420552E+05
  0.8907355E+01  0.2353826E+05
  0.9437878E+01  0.2215493E+05
  0.1000000E+02  0.1477501E+05
  
  0.1000000E-03  0.9428532E+05
  0.1059560E-03  0.9426293E+05
  0.1122668E-03  0.9423823E+05
  0.1189534E-03  0.9421265E+05
  0.1260383E-03  0.9418451E+05
  0.1335452E-03  0.9415451E+05
  0.1414991E-03  0.9412253E+05
  0.1499268E-03  0.9408843E+05
  0.1588565E-03  0.9405210E+05
  0.1683180E-03  0.9401338E+05
  0.1783431E-03  0.9397214E+05
  0.1889652E-03  0.9392822E+05
  0.2002200E-03  0.9388143E+05
  0.2121452E-03  0.9383160E+05
  0.2247806E-03  0.9377852E+05
  0.2381686E-03  0.9372199E+05
  0.2523539E-03  0.9366456E+05
  0.2673842E-03  0.9360042E+05
  0.2833096E-03  0.9353210E+05
  0.3001836E-03  0.9345931E+05
  0.3180626E-03  0.9338134E+05
  0.3370064E-03  0.9329872E+05
  0.3570786E-03  0.9322198E+05
  0.3783463E-03  0.9312840E+05
  0.4008806E-03  0.9303155E+05
  0.4247572E-03  0.9292520E+05
  0.4500558E-03  0.9281182E+05
  0.4768612E-03  0.9269091E+05
  0.5052631E-03  0.9256195E+05
  0.5353567E-03  0.9242437E+05
  0.5672426E-03  0.9227761E+05
  0.6010277E-03  0.9212105E+05
  0.6368250E-03  0.9195403E+05
  0.6747544E-03  0.9177583E+05
  0.7149429E-03  0.9158568E+05
  0.7575250E-03  0.9138278E+05
  0.8026434E-03  0.9116627E+05
  0.8504489E-03  0.9093108E+05
  0.9011018E-03  0.9068441E+05
  0.9547716E-03  0.9040344E+05
  0.1011638E-02  0.9012131E+05
  0.1071891E-02  0.8982047E+05
  0.1135733E-02  0.8949938E+05
  0.1203378E-02  0.8915424E+05
  0.1275051E-02  0.8879075E+05
  0.1350994E-02  0.8840383E+05
  0.1431459E-02  0.8799180E+05
  0.1516717E-02  0.8758940E+05
  0.1607053E-02  0.8712376E+05
  0.1702769E-02  0.8663206E+05
  0.1804186E-02  0.8611065E+05
  0.1911644E-02  0.8555222E+05
  0.2025502E-02  0.8497053E+05
  0.2146141E-02  0.8435704E+05
  0.2273966E-02  0.8362936E+05
  0.2409404E-02  0.8293230E+05
  0.2552908E-02  0.8164521E+05
  0.2704960E-02  0.8164521E+05
  0.2866068E-02  0.8164521E+05
  0.3036771E-02  0.7986557E+05
  0.3217642E-02  0.7893713E+05
  0.3409285E-02  0.7804740E+05
  0.3612343E-02  0.7712506E+05
  0.3827494E-02  0.7619590E+05
  0.4055461E-02  0.7514858E+05
  0.4297005E-02  0.7401250E+05
  0.4552935E-02  0.7270139E+05
  0.4824109E-02  0.7124072E+05
  0.5111433E-02  0.6945606E+05
  0.5415871E-02  0.6733800E+05
  0.5738442E-02  0.6457897E+05
  0.6080224E-02  0.6119193E+05
  0.6442364E-02  0.5709731E+05
  0.6826072E-02  0.5233481E+05
  0.7232634E-02  0.4790927E+05
  0.7663411E-02  0.4413066E+05
  0.8119845E-02  0.4003999E+05
  0.8603464E-02  0.3473437E+05
  0.9115888E-02  0.2854036E+05
  0.9658832E-02  0.2405893E+05
  0.1023411E-01  0.2195681E+05
  0.1084366E-01  0.2106726E+05
  0.1148951E-01  0.2065884E+05
  0.1217383E-01  0.2046629E+05
  0.1289890E-01  0.2038260E+05
  0.1366716E-01  0.2035899E+05
  0.1448118E-01  0.2036498E+05
  0.1534368E-01  0.2037106E+05
  0.1625756E-01  0.2034063E+05
  0.1722586E-01  0.2023726E+05
  0.1825183E-01  0.2003305E+05
  0.1933892E-01  0.1978391E+05
  0.2049075E-01  0.1951911E+05
  0.2171118E-01  0.1947036E+05
  0.2300430E-01  0.1967236E+05
  0.2437444E-01  0.1971186E+05
  0.2582619E-01  0.1953702E+05
  0.2736440E-01  0.1945412E+05
  0.2899423E-01  0.1940306E+05
  0.3072113E-01  0.1923804E+05
  0.3255089E-01  0.1910010E+05
  0.3448962E-01  0.1898806E+05
  0.3654383E-01  0.1898806E+05
  0.3872039E-01  0.1888266E+05
  0.4102658E-01  0.1876600E+05
  0.4347013E-01  0.1865962E+05
  0.4605922E-01  0.1857340E+05
  0.4880252E-01  0.1854796E+05
  0.5170920E-01  0.1851279E+05
  0.5478901E-01  0.1846812E+05
  0.5805226E-01  0.1839684E+05
  0.6150986E-01  0.1834564E+05
  0.6517340E-01  0.1831065E+05
  0.6905514E-01  0.1828230E+05
  0.7316807E-01  0.1828508E+05
  0.7752597E-01  0.1829654E+05
  0.8214344E-01  0.1831134E+05
  0.8703591E-01  0.1850249E+05
  0.9221979E-01  0.1852992E+05
  0.9771242E-01  0.1855541E+05
  0.1035322E+00  0.1858631E+05
  0.1096986E+00  0.1862275E+05
  0.1162322E+00  0.1842676E+05
  0.1231551E+00  0.1843524E+05
  0.1304902E+00  0.1848796E+05
  0.1382622E+00  0.1855666E+05
  0.1464971E+00  0.1863123E+05
  0.1552225E+00  0.1871678E+05
  0.1644676E+00  0.1898806E+05
  0.1742633E+00  0.1898806E+05
  0.1846425E+00  0.1898806E+05
  0.1956398E+00  0.1910206E+05
  0.2072922E+00  0.1927999E+05
  0.2196385E+00  0.1935409E+05
  0.2327202E+00  0.1939100E+05
  0.2465811E+00  0.1953983E+05
  0.2612675E+00  0.1965708E+05
  0.2768287E+00  0.1972379E+05
  0.2933166E+00  0.2001698E+05
  0.3107866E+00  0.2002344E+05
  0.3292971E+00  0.2013407E+05
  0.3489101E+00  0.2036226E+05
  0.3696913E+00  0.2045751E+05
  0.3917101E+00  0.2058561E+05
  0.4150405E+00  0.2071809E+05
  0.4397604E+00  0.2083840E+05
  0.4659526E+00  0.2096655E+05
  0.4937048E+00  0.2109741E+05
  0.5231099E+00  0.2124099E+05
  0.5542665E+00  0.2136946E+05
  0.5872787E+00  0.2149613E+05
  0.6222571E+00  0.2162415E+05
  0.6593188E+00  0.2172817E+05
  0.6985880E+00  0.2185027E+05
  0.7401960E+00  0.2197561E+05
  0.7842822E+00  0.2209638E+05
  0.8309942E+00  0.2274437E+05
  0.8804884E+00  0.2278567E+05
  0.9329304E+00  0.2235386E+05
  0.9884959E+00  0.2246017E+05
  0.1047371E+01  0.2268214E+05
  0.1109752E+01  0.2278567E+05
  0.1175850E+01  0.2287416E+05
  0.1245883E+01  0.2303502E+05
  0.1320088E+01  0.2315586E+05
  0.1398713E+01  0.2321192E+05
  0.1482021E+01  0.2332100E+05
  0.1570290E+01  0.2342593E+05
  0.1663817E+01  0.2352912E+05
  0.1762914E+01  0.2362374E+05
  0.1867914E+01  0.2371154E+05
  0.1979167E+01  0.2380600E+05
  0.2097046E+01  0.2389499E+05
  0.2221947E+01  0.2397257E+05
  0.2354286E+01  0.2404621E+05
  0.2494508E+01  0.2411590E+05
  0.2643081E+01  0.2417984E+05
  0.2800504E+01  0.2424072E+05
  0.2967302E+01  0.2429521E+05
  0.3144035E+01  0.2434585E+05
  0.3331295E+01  0.2439057E+05
  0.3529707E+01  0.2443030E+05
  0.3739937E+01  0.2446495E+05
  0.3962689E+01  0.2448638E+05
  0.4198707E+01  0.2450953E+05
  0.4448783E+01  0.2452628E+05
  0.4713753E+01  0.2454451E+05
  0.4994505E+01  0.2454608E+05
  0.5291979E+01  0.2453121E+05
  0.5607170E+01  0.2451304E+05
  0.5941134E+01  0.2448721E+05
  0.6294989E+01  0.2443494E+05
  0.6669920E+01  0.2435573E+05
  0.7067181E+01  0.2423589E+05
  0.7488104E+01  0.2405452E+05
  0.7934097E+01  0.2376580E+05
  0.8406653E+01  0.2330000E+05
  0.8907355E+01  0.2242572E+05
  0.9437878E+01  0.2075830E+05
  0.1000000E+02  0.1126017E+05
  
  0.1000000E-03  0.9286382E+05
  0.1059560E-03  0.9284005E+05
  0.1122668E-03  0.9281589E+05
  0.1189534E-03  0.9279008E+05
  0.1260383E-03  0.9276254E+05
  0.1335452E-03  0.9273316E+05
  0.1414991E-03  0.9270183E+05
  0.1499268E-03  0.9266843E+05
  0.1588565E-03  0.9263283E+05
  0.1683180E-03  0.9259488E+05
  0.1783431E-03  0.9255445E+05
  0.1889652E-03  0.9251138E+05
  0.2002200E-03  0.9246548E+05
  0.2121452E-03  0.9241660E+05
  0.2247806E-03  0.9236451E+05
  0.2381686E-03  0.9230903E+05
  0.2523539E-03  0.9224708E+05
  0.2673842E-03  0.9218410E+05
  0.2833096E-03  0.9211699E+05
  0.3001836E-03  0.9204853E+05
  0.3180626E-03  0.9197197E+05
  0.3370064E-03  0.9189076E+05
  0.3570786E-03  0.9181757E+05
  0.3783463E-03  0.9172501E+05
  0.4008806E-03  0.9162630E+05
  0.4247572E-03  0.9153223E+05
  0.4500558E-03  0.9142072E+05
  0.4768612E-03  0.9130493E+05
  0.5052631E-03  0.9117805E+05
  0.5353567E-03  0.9104270E+05
  0.5672426E-03  0.9089832E+05
  0.6010277E-03  0.9074427E+05
  0.6368250E-03  0.9057988E+05
  0.6747544E-03  0.9038658E+05
  0.7149429E-03  0.9019835E+05
  0.7575250E-03  0.8999266E+05
  0.8026434E-03  0.8977816E+05
  0.8504489E-03  0.8954928E+05
  0.9011018E-03  0.8930509E+05
  0.9547716E-03  0.8904461E+05
  0.1011638E-02  0.8878982E+05
  0.1071891E-02  0.8849524E+05
  0.1135733E-02  0.8818136E+05
  0.1203378E-02  0.8784419E+05
  0.1275051E-02  0.8748533E+05
  0.1350994E-02  0.8710685E+05
  0.1431459E-02  0.8670417E+05
  0.1516717E-02  0.8627597E+05
  0.1607053E-02  0.8582282E+05
  0.1702769E-02  0.8534261E+05
  0.1804186E-02  0.8482391E+05
  0.1911644E-02  0.8429105E+05
  0.2025502E-02  0.8372447E+05
  0.2146141E-02  0.8312818E+05
  0.2273966E-02  0.8164521E+05
  0.2409404E-02  0.8164521E+05
  0.2552908E-02  0.8164521E+05
  0.2704960E-02  0.8031090E+05
  0.2866068E-02  0.7955525E+05
  0.3036771E-02  0.7876281E+05
  0.3217642E-02  0.7787363E+05
  0.3409285E-02  0.7703527E+05
  0.3612343E-02  0.7616303E+05
  0.3827494E-02  0.7528326E+05
  0.4055461E-02  0.7429318E+05
  0.4297005E-02  0.7320771E+05
  0.4552935E-02  0.7196424E+05
  0.4824109E-02  0.7059240E+05
  0.5111433E-02  0.6889067E+05
  0.5415871E-02  0.6686268E+05
  0.5738442E-02  0.6423185E+05
  0.6080224E-02  0.6098613E+05
  0.6442364E-02  0.5669806E+05
  0.6826072E-02  0.5231036E+05
  0.7232634E-02  0.4783697E+05
  0.7663411E-02  0.4393247E+05
  0.8119845E-02  0.3959778E+05
  0.8603464E-02  0.3401003E+05
  0.9115888E-02  0.2775284E+05
  0.9658832E-02  0.2355770E+05
  0.1023411E-01  0.2165035E+05
  0.1084366E-01  0.2084608E+05
  0.1148951E-01  0.2049076E+05
  0.1217383E-01  0.2034211E+05
  0.1289890E-01  0.2030140E+05
  0.1366716E-01  0.2031248E+05
  0.1448118E-01  0.2032038E+05
  0.1534368E-01  0.2025707E+05
  0.1625756E-01  0.2005536E+05
  0.1722586E-01  0.1973454E+05
  0.1825183E-01  0.1929847E+05
  0.1933892E-01  0.1898806E+05
  0.2049075E-01  0.1882803E+05
  0.2171118E-01  0.1854918E+05
  0.2300430E-01  0.1812435E+05
  0.2437444E-01  0.1788946E+05
  0.2582619E-01  0.1756103E+05
  0.2736440E-01  0.1733896E+05
  0.2899423E-01  0.1721021E+05
  0.3072113E-01  0.1694690E+05
  0.3255089E-01  0.1671066E+05
  0.3448962E-01  0.1655305E+05
  0.3654383E-01  0.1642864E+05
  0.3872039E-01  0.1622302E+05
  0.4102658E-01  0.1601655E+05
  0.4347013E-01  0.1582338E+05
  0.4605922E-01  0.1573143E+05
  0.4880252E-01  0.1568632E+05
  0.5170920E-01  0.1563668E+05
  0.5478901E-01  0.1557921E+05
  0.5805226E-01  0.1542387E+05
  0.6150986E-01  0.1542391E+05
  0.6517340E-01  0.1539705E+05
  0.6905514E-01  0.1537678E+05
  0.7316807E-01  0.1537970E+05
  0.7752597E-01  0.1540183E+05
  0.8214344E-01  0.1542288E+05
  0.8703591E-01  0.1550485E+05
  0.9221979E-01  0.1553924E+05
  0.9771242E-01  0.1557733E+05
  0.1035322E+00  0.1562247E+05
  0.1096986E+00  0.1569380E+05
  0.1162322E+00  0.1562389E+05
  0.1231551E+00  0.1568069E+05
  0.1304902E+00  0.1582338E+05
  0.1382622E+00  0.1582338E+05
  0.1464971E+00  0.1597276E+05
  0.1552225E+00  0.1611471E+05
  0.1644676E+00  0.1645911E+05
  0.1742633E+00  0.1648025E+05
  0.1846425E+00  0.1656171E+05
  0.1956398E+00  0.1703690E+05
  0.2072922E+00  0.1730175E+05
  0.2196385E+00  0.1745623E+05
  0.2327202E+00  0.1751828E+05
  0.2465811E+00  0.1774307E+05
  0.2612675E+00  0.1792466E+05
  0.2768287E+00  0.1806310E+05
  0.2933166E+00  0.1831930E+05
  0.3107866E+00  0.1844976E+05
  0.3292971E+00  0.1859180E+05
  0.3489101E+00  0.1871480E+05
  0.3696913E+00  0.1890365E+05
  0.3917101E+00  0.1898806E+05
  0.4150405E+00  0.1898806E+05
  0.4397604E+00  0.1898806E+05
  0.4659526E+00  0.1919955E+05
  0.4937048E+00  0.1935456E+05
  0.5231099E+00  0.1998264E+05
  0.5542665E+00  0.2015224E+05
  0.5872787E+00  0.1982111E+05
  0.6222571E+00  0.1997408E+05
  0.6593188E+00  0.2026162E+05
  0.6985880E+00  0.2041692E+05
  0.7401960E+00  0.2056833E+05
  0.7842822E+00  0.2064784E+05
  0.8309942E+00  0.2098810E+05
  0.8804884E+00  0.2113345E+05
  0.9329304E+00  0.2116854E+05
  0.9884959E+00  0.2132250E+05
  0.1047371E+01  0.2153754E+05
  0.1109752E+01  0.2167132E+05
  0.1175850E+01  0.2174056E+05
  0.1245883E+01  0.2187196E+05
  0.1320088E+01  0.2204241E+05
  0.1398713E+01  0.2212223E+05
  0.1482021E+01  0.2213457E+05
  0.1570290E+01  0.2226635E+05
  0.1663817E+01  0.2239701E+05
  0.1762914E+01  0.2252095E+05
  0.1867914E+01  0.2264260E+05
  0.1979167E+01  0.2278567E+05
  0.2097046E+01  0.2289598E+05
  0.2221947E+01  0.2301829E+05
  0.2354286E+01  0.2306021E+05
  0.2494508E+01  0.2314649E+05
  0.2643081E+01  0.2322607E+05
  0.2800504E+01  0.2330187E+05
  0.2967302E+01  0.2337008E+05
  0.3144035E+01  0.2343355E+05
  0.3331295E+01  0.2348993E+05
  0.3529707E+01  0.2354000E+05
  0.3739937E+01  0.2357793E+05
  0.3962689E+01  0.2361374E+05
  0.4198707E+01  0.2364853E+05
  0.4448783E+01  0.2366981E+05
  0.4713753E+01  0.2368446E+05
  0.4994505E+01  0.2368655E+05
  0.5291979E+01  0.2367629E+05
  0.5607170E+01  0.2365338E+05
  0.5941134E+01  0.2360680E+05
  0.6294989E+01  0.2354666E+05
  0.6669920E+01  0.2344700E+05
  0.7067181E+01  0.2329685E+05
  0.7488104E+01  0.2307092E+05
  0.7934097E+01  0.2271176E+05
  0.8406653E+01  0.2210033E+05
  0.8907355E+01  0.2119766E+05
  0.9437878E+01  0.1898806E+05
  0.1000000E+02  0.9351747E+04
  
  0.1000000E-03  0.9123873E+05
  0.1059560E-03  0.9123707E+05
  0.1122668E-03  0.9121334E+05
  0.1189534E-03  0.9118831E+05
  0.1260383E-03  0.9116124E+05
  0.1335452E-03  0.9113532E+05
  0.1414991E-03  0.9110449E+05
  0.1499268E-03  0.9107160E+05
  0.1588565E-03  0.9103653E+05
  0.1683180E-03  0.9099914E+05
  0.1783431E-03  0.9095929E+05
  0.1889652E-03  0.9091682E+05
  0.2002200E-03  0.9087156E+05
  0.2121452E-03  0.9082332E+05
  0.2247806E-03  0.9077192E+05
  0.2381686E-03  0.9071714E+05
  0.2523539E-03  0.9065877E+05
  0.2673842E-03  0.9059656E+05
  0.2833096E-03  0.9053026E+05
  0.3001836E-03  0.9045929E+05
  0.3180626E-03  0.9038396E+05
  0.3370064E-03  0.9030294E+05
  0.3570786E-03  0.9021730E+05
  0.3783463E-03  0.9012596E+05
  0.4008806E-03  0.9002855E+05
  0.4247572E-03  0.8992462E+05
  0.4500558E-03  0.8981384E+05
  0.4768612E-03  0.8969568E+05
  0.5052631E-03  0.8956960E+05
  0.5353567E-03  0.8943506E+05
  0.5672426E-03  0.8929148E+05
  0.6010277E-03  0.8913824E+05
  0.6368250E-03  0.8897467E+05
  0.6747544E-03  0.8879407E+05
  0.7149429E-03  0.8860748E+05
  0.7575250E-03  0.8841575E+05
  0.8026434E-03  0.8820243E+05
  0.8504489E-03  0.8799530E+05
  0.9011018E-03  0.8775405E+05
  0.9547716E-03  0.8749635E+05
  0.1011638E-02  0.8722157E+05
  0.1071891E-02  0.8692906E+05
  0.1135733E-02  0.8661703E+05
  0.1203378E-02  0.8628258E+05
  0.1275051E-02  0.8592826E+05
  0.1350994E-02  0.8555252E+05
  0.1431459E-02  0.8515303E+05
  0.1516717E-02  0.8472928E+05
  0.1607053E-02  0.8428006E+05
  0.1702769E-02  0.8380846E+05
  0.1804186E-02  0.8329427E+05
  0.1911644E-02  0.8164521E+05
  0.2025502E-02  0.8164521E+05
  0.2146141E-02  0.8164521E+05
  0.2273966E-02  0.8164521E+05
  0.2409404E-02  0.8019283E+05
  0.2552908E-02  0.7951101E+05
  0.2704960E-02  0.7880367E+05
  0.2866068E-02  0.7806975E+05
  0.3036771E-02  0.7730082E+05
  0.3217642E-02  0.7644143E+05
  0.3409285E-02  0.7562913E+05
  0.3612343E-02  0.7481521E+05
  0.3827494E-02  0.7389569E+05
  0.4055461E-02  0.7295099E+05
  0.4297005E-02  0.7188619E+05
  0.4552935E-02  0.7065144E+05
  0.4824109E-02  0.6929850E+05
  0.5111433E-02  0.6803768E+05
  0.5415871E-02  0.6558270E+05
  0.5738442E-02  0.6300357E+05
  0.6080224E-02  0.5983833E+05
  0.6442364E-02  0.5595180E+05
  0.6826072E-02  0.5145391E+05
  0.7232634E-02  0.4724838E+05
  0.7663411E-02  0.4344890E+05
  0.8119845E-02  0.3909350E+05
  0.8603464E-02  0.3341236E+05
  0.9115888E-02  0.2719332E+05
  0.9658832E-02  0.2322882E+05
  0.1023411E-01  0.2144369E+05
  0.1084366E-01  0.2070512E+05
  0.1148951E-01  0.2039682E+05
  0.1217383E-01  0.2028956E+05
  0.1289890E-01  0.2029054E+05
  0.1366716E-01  0.2030831E+05
  0.1448118E-01  0.2023549E+05
  0.1534368E-01  0.1997494E+05
  0.1625756E-01  0.1952245E+05
  0.1722586E-01  0.1894578E+05
  0.1825183E-01  0.1846132E+05
  0.1933892E-01  0.1774040E+05
  0.2049075E-01  0.1671954E+05
  0.2171118E-01  0.1633664E+05
  0.2300430E-01  0.1572393E+05
  0.2437444E-01  0.1524828E+05
  0.2582619E-01  0.1481377E+05
  0.2736440E-01  0.1444139E+05
  0.2899423E-01  0.1413925E+05
  0.3072113E-01  0.1370678E+05
  0.3255089E-01  0.1344893E+05
  0.3448962E-01  0.1332072E+05
  0.3654383E-01  0.1318615E+05
  0.3872039E-01  0.1296017E+05
  0.4102658E-01  0.1291400E+05
  0.4347013E-01  0.1277726E+05
  0.4605922E-01  0.1268788E+05
  0.4880252E-01  0.1264479E+05
  0.5170920E-01  0.1260039E+05
  0.5478901E-01  0.1254897E+05
  0.5805226E-01  0.1245533E+05
  0.6150986E-01  0.1243311E+05
  0.6517340E-01  0.1241244E+05
  0.6905514E-01  0.1239869E+05
  0.7316807E-01  0.1240297E+05
  0.7752597E-01  0.1242250E+05
  0.8214344E-01  0.1244532E+05
  0.8703591E-01  0.1251703E+05
  0.9221979E-01  0.1255194E+05
  0.9771242E-01  0.1258928E+05
  0.1035322E+00  0.1263326E+05
  0.1096986E+00  0.1269626E+05
  0.1162322E+00  0.1265204E+05
  0.1231551E+00  0.1270578E+05
  0.1304902E+00  0.1280980E+05
  0.1382622E+00  0.1291384E+05
  0.1464971E+00  0.1299299E+05
  0.1552225E+00  0.1307810E+05
  0.1644676E+00  0.1338943E+05
  0.1742633E+00  0.1344083E+05
  0.1846425E+00  0.1345179E+05
  0.1956398E+00  0.1376203E+05
  0.2072922E+00  0.1403046E+05
  0.2196385E+00  0.1420998E+05
  0.2327202E+00  0.1434195E+05
  0.2465811E+00  0.1460413E+05
  0.2612675E+00  0.1483772E+05
  0.2768287E+00  0.1503350E+05
  0.2933166E+00  0.1540719E+05
  0.3107866E+00  0.1557676E+05
  0.3292971E+00  0.1582338E+05
  0.3489101E+00  0.1600513E+05
  0.3696913E+00  0.1625985E+05
  0.3917101E+00  0.1652596E+05
  0.4150405E+00  0.1667991E+05
  0.4397604E+00  0.1683362E+05
  0.4659526E+00  0.1702731E+05
  0.4937048E+00  0.1725778E+05
  0.5231099E+00  0.1768882E+05
  0.5542665E+00  0.1790643E+05
  0.5872787E+00  0.1806250E+05
  0.6222571E+00  0.1816899E+05
  0.6593188E+00  0.1839078E+05
  0.6985880E+00  0.1860481E+05
  0.7401960E+00  0.1881745E+05
  0.7842822E+00  0.1898806E+05
  0.8309942E+00  0.1927720E+05
  0.8804884E+00  0.1944251E+05
  0.9329304E+00  0.1953923E+05
  0.9884959E+00  0.1970688E+05
  0.1047371E+01  0.1991810E+05
  0.1109752E+01  0.2024118E+05
  0.1175850E+01  0.2036487E+05
  0.1245883E+01  0.2052559E+05
  0.1320088E+01  0.2063357E+05
  0.1398713E+01  0.2075281E+05
  0.1482021E+01  0.2096848E+05
  0.1570290E+01  0.2103501E+05
  0.1663817E+01  0.2117220E+05
  0.1762914E+01  0.2130181E+05
  0.1867914E+01  0.2150215E+05
  0.1979167E+01  0.2161373E+05
  0.2097046E+01  0.2172600E+05
  0.2221947E+01  0.2183072E+05
  0.2354286E+01  0.2192822E+05
  0.2494508E+01  0.2202468E+05
  0.2643081E+01  0.2211392E+05
  0.2800504E+01  0.2208487E+05
  0.2967302E+01  0.2217110E+05
  0.3144035E+01  0.2225074E+05
  0.3331295E+01  0.2233361E+05
  0.3529707E+01  0.2239748E+05
  0.3739937E+01  0.2244304E+05
  0.3962689E+01  0.2249001E+05
  0.4198707E+01  0.2252846E+05
  0.4448783E+01  0.2255655E+05
  0.4713753E+01  0.2257474E+05
  0.4994505E+01  0.2257782E+05
  0.5291979E+01  0.2256524E+05
  0.5607170E+01  0.2253508E+05
  0.5941134E+01  0.2248087E+05
  0.6294989E+01  0.2240667E+05
  0.6669920E+01  0.2226858E+05
  0.7067181E+01  0.2207990E+05
  0.7488104E+01  0.2194333E+05
  0.7934097E+01  0.2156446E+05
  0.8406653E+01  0.2093417E+05
  0.8907355E+01  0.1963974E+05
  0.9437878E+01  0.1679664E+05
  0.1000000E+02  0.7709247E+04
  
