# Energy_keV Cloudy_normalized_reflectance XSTAR_normalized_reflectance normalized_reflection_XSTAR_over_Cloudy Cloudy_transmittance XSTAR_transmittance transmission_XSTAR_over_Cloudy
5.503649999999999931e-01 1.186005331403636065e+00 1.130127720336944197e+00 9.528858685647215720e-01 9.991181657848324793e-01 9.991526943700560492e-01 1.000034559060585693e+00
5.512190000000000145e-01 1.133753072275210050e+00 1.129578159023617134e+00 9.963176168129672661e-01 9.991189427312775484e-01 9.991516450036844743e-01 1.000032731110389594e+00
5.520750000000000934e-01 1.100160984913283846e+00 1.121462320447226269e+00 1.019362016855761777e+00 9.991189427312775484e-01 9.991505930348628661e-01 1.000031678213906039e+00
5.529319999999999791e-01 1.125406533671950093e+00 1.119962311937646948e+00 9.951624399082348305e-01 9.991189427312775484e-01 9.991495384538982005e-01 1.000030622702975602e+00
5.537910000000000332e-01 1.087947746501654489e+00 1.633541494083781798e+00 1.501488926592760453e+00 9.991197183098591283e-01 9.991484812510488256e-01 1.000028788282988135e+00
5.546510000000000051e-01 1.113547236053201717e+00 1.632035069421632567e+00 1.465618176383906235e+00 9.991197183098591283e-01 9.991536446178642672e-01 1.000033956199025464e+00
5.555119999999998948e-01 1.485406433056223552e+00 1.126443532355615451e+00 7.583402813450579316e-01 1.000000000000000000e+00 9.991463642594554662e-01 9.991463642594554662e-01
5.563740000000000352e-01 1.316850628433653858e+00 1.288335940210693309e+00 9.783463001746236509e-01 9.991204925241864432e-01 9.991453044774816217e-01 1.000024833794803447e+00
5.572380000000000111e-01 1.544017016226792993e+00 1.230853907805788738e+00 7.971763878701935147e-01 9.991204925241864432e-01 9.991504884691302379e-01 1.000030022349824854e+00
5.581029999999999047e-01 1.078721581096463433e+00 1.637226391177861062e+00 1.517746951454987059e+00 9.991212653778558384e-01 9.991556853645875425e-01 1.000034450259367436e+00
5.589700000000000779e-01 1.319519894483640599e+00 1.371862180689007671e+00 1.039667674905234929e+00 9.991212653778558384e-01 9.991546438232642435e-01 1.000033407802000562e+00
5.598370000000000291e-01 1.388501360231958248e+00 1.530421715529460158e+00 1.102211174840904251e+00 9.991212653778558384e-01 9.991535997090891241e-01 1.000032362769519345e+00
5.607069999999999554e-01 3.146907837194541813e+00 1.456034598740096886e+00 4.626873979373183898e-01 9.991220368744512248e-01 9.991525530125171528e-01 1.000030542953652901e+00
5.615769999999999929e-01 1.067197268544933131e+00 1.657490152741605938e+00 1.553124433125195214e+00 9.991220368744512248e-01 9.991514983909894898e-01 1.000029487405392770e+00
5.624489999999999768e-01 1.082529571407936153e+00 1.771444354070189853e+00 1.636393499871095614e+00 9.991220368744512248e-01 9.991504464875682334e-01 1.000028434577627579e+00
5.633219999999999894e-01 1.062369208233635787e+00 1.095738458495908452e+00 1.031410219727428412e+00 9.991228070175438569e-01 9.991493919727805206e-01 1.000026608295847108e+00
5.641969999999999485e-01 1.166030112922046724e+00 1.259386454398003785e+00 1.080063405259756193e+00 9.991228070175438569e-01 9.991483402096975608e-01 1.000025555609354910e+00
5.650729999999999364e-01 1.048127286947474479e+00 1.238632066021890354e+00 1.181757293648211915e+00 9.991228070175438569e-01 9.991536022435857367e-01 1.000030822263114683e+00
5.659500000000000641e-01 1.044574588769567436e+00 1.071355089362677981e+00 1.025637710203783470e+00 9.991235758106923326e-01 9.991525584513322178e-01 1.000029008064008851e+00
5.668289999999999162e-01 1.041686372008810313e+00 1.067270784126722161e+00 1.024560571017718358e+00 9.991235758106923326e-01 9.991578440808469574e-01 1.000034298330040761e+00
5.677089999999999081e-01 1.080319016200412152e+00 1.200411457175148300e+00 1.111163868425748102e+00 1.000000000000000000e+00 9.991568082975135212e-01 9.991568082975135212e-01
5.685900000000000398e-01 2.387712491436005280e+00 2.009170451319747919e+00 8.414624702622397479e-01 9.991243432574430372e-01 9.991494277680096348e-01 1.000025106495238347e+00
5.694730000000000070e-01 1.050426185354337738e+00 1.189159948366514508e+00 1.132073785808545896e+00 9.991243432574430372e-01 9.991547290684225091e-01 1.000030412441839323e+00
5.703570000000000029e-01 1.039832324682947284e+00 1.076801578307358565e+00 1.035553091346418375e+00 9.991251093613298107e-01 9.991536802183886845e-01 1.000028595875322557e+00
5.712430000000000563e-01 1.026819513983734611e+00 1.093806029685422399e+00 1.065236893913129146e+00 9.991251093613298107e-01 9.991526287622009006e-01 1.000027543498420046e+00
5.721300000000000274e-01 1.261294502948504315e+00 1.110607128694501622e+00 8.805295877356607015e-01 9.991251093613298107e-01 9.991515801023207466e-01 1.000026493920273873e+00
5.730180000000000273e-01 1.079559773541843848e+00 1.405760164362951814e+00 1.302160564718804148e+00 9.982517482517482277e-01 9.991122125069458182e-01 1.000861971197851252e+00
5.739079999999999737e-01 7.989364377777834925e+00 5.044764260794122990e+00 6.314349956081581894e-01 9.991258741258741694e-01 9.986890655275392215e-01 9.995628092419114319e-01
5.747989999999999489e-01 1.044845699874875189e+00 1.644937183835724737e+00 1.574335027681803334e+00 9.991258741258741694e-01 9.990844191183532175e-01 9.999585087238810344e-01
5.756910000000000638e-01 1.544428081013148102e+00 1.346456244621163645e+00 8.718154384617803343e-01 9.991266375545851952e-01 9.991473867082075744e-01 1.000020767290994428e+00
5.765850000000000142e-01 1.009913139743349841e+00 1.079278448729530160e+00 1.068684430627180548e+00 9.991266375545851952e-01 9.991527436343446977e-01 1.000026128899759392e+00
5.774799999999999933e-01 1.009779635634863615e+00 1.040489286104733457e+00 1.030412229942191615e+00 9.991266375545851952e-01 9.991516927585408769e-01 1.000025077105357818e+00
5.783769999999999190e-01 1.007729306954513682e+00 1.039545445500160259e+00 1.031572108031470369e+00 9.991273996509598687e-01 9.991506392726383634e-01 1.000023259918291219e+00
5.792749999999999844e-01 3.181324300507666791e+00 1.051399409040461475e+00 3.304911130476959058e-01 9.991273996509598687e-01 9.991560257186666849e-01 1.000028651068639363e+00
5.801739999999999675e-01 4.932809003513310309e+00 1.763391728980894690e+00 3.574822637010572346e-01 9.991281604184829579e-01 9.991549804548914837e-01 1.000026843439581592e+00
5.810750000000000082e-01 1.004112458550669995e+00 2.637030243753305303e+00 2.626229981808590797e+00 9.991281604184829579e-01 9.991603911285634743e-01 1.000032258834609333e+00
5.819769999999999666e-01 1.010070595953424188e+00 1.555020562144958651e+00 1.539516711381095249e+00 9.991281604184829579e-01 9.991593541253079858e-01 1.000031220926464570e+00
5.828799999999999537e-01 9.963579710070418205e-01 1.056768376391898023e+00 1.060631226068074806e+00 9.991289198606271293e-01 9.991518455452467196e-01 1.000022945672138786e+00
5.837849999999999984e-01 1.276868119936409141e+00 1.097944653743152976e+00 8.598731823595322510e-01 9.991289198606271293e-01 9.991572724149331286e-01 1.000028377273185054e+00
5.846919999999999895e-01 1.278507382584812779e+00 1.292888670142432916e+00 1.011248497860485429e+00 9.991289198606271293e-01 9.991562222121257442e-01 1.000027326154769414e+00
5.855990000000000917e-01 1.048026646021122721e+00 1.257204776467010010e+00 1.199592377961038459e+00 9.991296779808529482e-01 9.991551693885375451e-01 1.000025513612743611e+00
5.865090000000000581e-01 9.891145801777266877e-01 1.456962274514988387e+00 1.472996459371974431e+00 9.991296779808529482e-01 9.991541194383353197e-01 1.000024462747950649e+00
5.874190000000000245e-01 9.986009985875523576e-01 1.235006355855547300e+00 1.236736552038675052e+00 9.991296779808529482e-01 9.991595872205139006e-01 1.000029935293005545e+00
5.883310000000000484e-01 9.820990792831949534e-01 1.005337878592726275e+00 1.023662377655921052e+00 9.991304347826086563e-01 9.991585511424788679e-01 1.000028140830157231e+00
5.892450000000000188e-01 9.786592745969471263e-01 1.002188441799384044e+00 1.024042246176154913e+00 9.991304347826086563e-01 9.991575125066941565e-01 1.000027101290424936e+00
5.901589999999999892e-01 9.766016886491593052e-01 9.999238294279417794e-01 1.023880913836061168e+00 1.000000000000000000e+00 9.991564713036769074e-01 9.991564713036769074e-01
5.910760000000000458e-01 9.729547595392522563e-01 9.977403313843234978e-01 1.025474536818966387e+00 9.991311902693310598e-01 9.991619745973550071e-01 1.000030811097004868e+00
5.919930000000001025e-01 9.701903353913547967e-01 2.322208076491763862e+00 2.393559275721946822e+00 9.982623805386620086e-01 9.989905081545964460e-01 1.000729395026928259e+00
5.929130000000000233e-01 1.887626276417309157e+01 1.519533836395933690e+01 8.049971837009970432e-01 9.973958333333333703e-01 9.974075240870546866e-01 1.000011721277882515e+00
5.938329999999999442e-01 2.447666773507280347e+00 2.956201836626554780e+00 1.207763192532368635e+00 9.991319444444444198e-01 9.989091578172641928e-01 9.997770198136302078e-01
5.947550000000000336e-01 9.611978599361470366e-01 9.870733456845957043e-01 1.026920040947830959e+00 9.991319444444444198e-01 9.991578282495986452e-01 1.000025906293255940e+00
5.956780000000000408e-01 9.846783701342716189e-01 9.820606133818389205e-01 9.973415108609771096e-01 9.991326973113616727e-01 9.991567852437417407e-01 1.000024108842043624e+00
5.966029999999999944e-01 1.175234040100675337e+00 9.797146585984616296e-01 8.336336637377651515e-01 9.991326973113616727e-01 9.991557452197370459e-01 1.000023067915240205e+00
5.975300000000000056e-01 9.521710278621933199e-01 9.773042524403238174e-01 1.026395703967762474e+00 9.991326973113616727e-01 9.991547026270257703e-01 1.000022024417500655e+00
5.984570000000000167e-01 9.501994956279935511e-01 9.749466153092382070e-01 1.026044130516917452e+00 9.991334488734835428e-01 9.991536574560794248e-01 1.000020226109553878e+00
5.993859999999999744e-01 9.478840815730820157e-01 1.044878166703611555e+00 1.102326948005668328e+00 9.991334488734835428e-01 9.991393692238434987e-01 1.000005925485095704e+00
6.003169999999999895e-01 1.174762503554389381e+00 1.112909016753785840e+00 9.473480923901995698e-01 1.000000000000000000e+00 9.991515593411327556e-01 9.991515593411327556e-01
6.012490000000000334e-01 9.419277313957162834e-01 1.067869005853644415e+00 1.133705878126459510e+00 9.991341991341990969e-01 9.991571486404874358e-01 1.000022969393208783e+00
6.021819999999999951e-01 9.406522027535111352e-01 1.134308511490242033e+00 1.205874507251301964e+00 9.991341991341990969e-01 9.991627517558956395e-01 1.000028577364002969e+00
6.031170000000000142e-01 9.351565932842322848e-01 1.058941948316062698e+00 1.132368585027135666e+00 9.991349480968858554e-01 9.991617156885573836e-01 1.000026790767075680e+00
6.040539999999999798e-01 9.749834749757112506e-01 1.039704644336135297e+00 1.066381811611767372e+00 9.991349480968858554e-01 9.991606826447821943e-01 1.000025756828890167e+00
6.049919999999999742e-01 9.386730128155892361e-01 9.683307038178317061e-01 1.031595337883724817e+00 9.991349480968858554e-01 9.991596414470174103e-01 1.000024714729655484e+00
6.059309999999999974e-01 1.269968241838194567e+00 9.715313736535292621e-01 7.650044636134382126e-01 9.991356957649092374e-01 9.991585976627712640e-01 1.000022921709192270e+00
6.068719999999999670e-01 2.372808553889819816e+00 1.027908455452347214e+00 4.332032829902203730e-01 9.991356957649092374e-01 9.991508651814607900e-01 1.000015182538884106e+00
6.078139999999999654e-01 9.237278325061294426e-01 9.739205517342126583e-01 1.054337129901030901e+00 9.991356957649092374e-01 9.991631967224089417e-01 1.000027524747255425e+00
6.087580000000000213e-01 9.206128449299907368e-01 9.575945954190234755e-01 1.040170795674532522e+00 9.991364421416234487e-01 9.991621590825306987e-01 1.000025739168168171e+00
6.097029999999999950e-01 1.013403919271312459e+00 9.850167065035125846e-01 9.719882544087536935e-01 9.991364421416234487e-01 9.991544078170299104e-01 1.000017981203215722e+00
6.106489999999999974e-01 9.175033530226670564e-01 1.051114668172559830e+00 1.145624879418388309e+00 9.991364421416234487e-01 9.991600760635116485e-01 1.000023654348787039e+00
6.115969999999999462e-01 9.114959609305546273e-01 1.074473528112264153e+00 1.178802292239807814e+00 9.991371872303710377e-01 9.991657640323199363e-01 1.000028601479670876e+00
6.125470000000000637e-01 9.091405564660272054e-01 1.404363046061722242e+00 1.544714990518851083e+00 9.991371872303710377e-01 9.991579996766718486e-01 1.000020830419052320e+00
6.134980000000000988e-01 4.420925728292058210e+00 1.458590952159320997e+00 3.299288524177085291e-01 9.991379310344827847e-01 9.991636991475126850e-01 1.000025790346086962e+00
6.144500000000000517e-01 9.354537307334509499e-01 9.985626360493911058e-01 1.067463417208736720e+00 9.991379310344827847e-01 9.991626656942784734e-01 1.000024756001175907e+00
6.154039999999999511e-01 9.841519859977270190e-01 1.204603732133453509e+00 1.224001728668193456e+00 9.991379310344827847e-01 9.991616296837180222e-01 1.000023719096732489e+00
6.163600000000000190e-01 8.967217125565714042e-01 1.200399704097591780e+00 1.338653550247187018e+00 9.991386735572782563e-01 9.991605911063273782e-01 1.000021936443487913e+00
6.173170000000000046e-01 8.942349695546550903e-01 1.576715586641796785e+00 1.763200546079101816e+00 9.991386735572782563e-01 9.991595556489382135e-01 1.000020900093463005e+00
6.182750000000000190e-01 8.915745307457201285e-01 1.423361179472571347e+00 1.596457873557761475e+00 9.991386735572782563e-01 9.991652981175097592e-01 1.000026647512438638e+00
6.192349999999999799e-01 8.938115188300375102e-01 9.296645829526690719e-01 1.040112555463104549e+00 9.991394148020653621e-01 9.991642659129206239e-01 1.000024872515774099e+00
6.201969999999999983e-01 8.850929079295023483e-01 9.057643878635697199e-01 1.023355152604740859e+00 9.991394148020653621e-01 9.991632311522918863e-01 1.000023836863878746e+00
6.211590000000000167e-01 8.832062621765205401e-01 9.182645597833543061e-01 1.039694348996618611e+00 1.000000000000000000e+00 9.991621938261177061e-01 9.991621938261177061e-01
6.221240000000000103e-01 1.116698424569495973e+00 9.806184999097242727e-01 8.781408465654166884e-01 9.991401547721410203e-01 9.991611596456411171e-01 1.000021022949983296e+00
6.230900000000000327e-01 8.770101914037983226e-01 9.862600578537741303e-01 1.124570806041721660e+00 9.991401547721410203e-01 9.991601229088425962e-01 1.000019985320984350e+00
6.240569999999999729e-01 8.733983383939255551e-01 9.444252087128395257e-01 1.081322424369988822e+00 9.982817869415807621e-01 9.991590836062324010e-01 1.000878806641699148e+00
6.250259999999999705e-01 6.588379939461242785e+00 4.171409986177283535e+00 6.331465435368313077e-01 9.982817869415807621e-01 9.986925778121555908e-01 1.000411497911660064e+00
6.259959999999999969e-01 1.478820338313766580e+00 2.946131166859327521e+00 1.992217100705194976e+00 9.991408934707903811e-01 9.988897189344043692e-01 9.997486094923875299e-01
6.269679999999999698e-01 8.645872643717602557e-01 1.082840954197830108e+00 1.252436854924830145e+00 9.991416309012876029e-01 9.991628296358309180e-01 1.000021216946514580e+00
6.279420000000000002e-01 8.618227941196309194e-01 8.840365597480196458e-01 1.025775328501354444e+00 9.991416309012876029e-01 9.991618000687049195e-01 1.000020186494880781e+00
6.289170000000000593e-01 8.594691129294671494e-01 8.783558209038513365e-01 1.021974853651237858e+00 9.991416309012876029e-01 9.991607679661005381e-01 1.000019153505590230e+00
6.298930000000000362e-01 9.760474062739434853e-01 8.765033402904387483e-01 8.980130828240057150e-01 9.991423670668954093e-01 9.991597333186401642e-01 1.000017381158398555e+00
6.308709999999999596e-01 8.534243738934881307e-01 9.968468184062007076e-01 1.168055247658783768e+00 9.991423670668954093e-01 9.991586961168998915e-01 1.000016343066356450e+00
6.318510000000000515e-01 8.503182807931338738e-01 1.103971087054095968e+00 1.298303367092575655e+00 9.991431019708654215e-01 9.991438474391372004e-01 1.000000746107609917e+00
6.328310000000000324e-01 8.473785883950416542e-01 1.076239667939089539e+00 1.270081263178382880e+00 9.991431019708654215e-01 9.991358690392245778e-01 9.999927608651587585e-01
6.338139999999999885e-01 1.768461287098592960e+00 1.233402622317835817e+00 6.974439482027930959e-01 9.991431019708654215e-01 9.991209490981076691e-01 9.999778281282090120e-01
6.347979999999999734e-01 1.234805920946240310e+00 9.357801083615363558e-01 7.578357800912078890e-01 9.991438356164383805e-01 9.991545098582764739e-01 1.000010683388574906e+00
6.357840000000000158e-01 8.398219723362436717e-01 8.583544964699386659e-01 1.022067205603278683e+00 9.991438356164383805e-01 9.991603985678203514e-01 1.000016577144142271e+00
6.367709999999999759e-01 8.363458408652442166e-01 8.586760231846924940e-01 1.026699699129664412e+00 9.991438356164383805e-01 9.991663019237583265e-01 1.000022485558654362e+00
6.377589999999999648e-01 8.327660156717784368e-01 8.779822138367828765e-01 1.054296401767222946e+00 9.991445680068434809e-01 9.991583135664550142e-01 1.000013757328070074e+00
6.387500000000000400e-01 8.306102100554338952e-01 8.665017986788120519e-01 1.043211109361372735e+00 9.991445680068434809e-01 9.991642348221561054e-01 1.000019683653339486e+00
6.397410000000000041e-01 8.328139141862457295e-01 1.537193569113294300e+00 1.845782764827251787e+00 9.991445680068434809e-01 9.990376770360452907e-01 9.998930175129596698e-01
6.407340000000000257e-01 3.692239446471968112e+00 2.249181184778235476e+00 6.091644968820717487e-01 9.991452991452991483e-01 9.989457221454205449e-01 9.998002522755705668e-01
6.417289999999999939e-01 8.221467591320079649e-01 8.869565423868167597e-01 1.078829944331633151e+00 9.991452991452991483e-01 9.991611266069668762e-01 1.000015841000984729e+00
6.427260000000000195e-01 8.188091476953114345e-01 1.112292845875936464e+00 1.358427478499341090e+00 9.991460290350128171e-01 9.991600873509155489e-01 1.000014070331557425e+00
6.437229999999999341e-01 8.163053298277188619e-01 8.697481046200190580e-01 1.065469099415998322e+00 9.991460290350128171e-01 9.991590455166614593e-01 1.000013027606846627e+00
6.447229999999999350e-01 8.133302234830041000e-01 8.462984300047313724e-01 1.040534835138111847e+00 9.991460290350128171e-01 9.991650118933179670e-01 1.000018999082970428e+00
6.457240000000000757e-01 1.118777059968047771e+00 8.447283856243334998e-01 7.550462159533901652e-01 9.991467576791809302e-01 9.991639794577810152e-01 1.000017236485498895e+00
6.467260000000000231e-01 8.077229889920385375e-01 9.414393882613194542e-01 1.165547348647518744e+00 9.991467576791809302e-01 9.991559103858193014e-01 1.000009160522784102e+00
6.477300000000000280e-01 8.052028601079701531e-01 2.034419016861787277e+00 2.526591890879511748e+00 9.991467576791809302e-01 9.990069723219945352e-01 9.998600952701772737e-01
6.487359999999999793e-01 1.991712353437413263e+00 1.031269245706371906e+00 5.177802125525542420e-01 9.991474850809889396e-01 9.991397242886859154e-01 9.999922325858605632e-01
6.497430000000000705e-01 8.685983754783233035e-01 8.562626454402668674e-01 9.857981198373030329e-01 9.991474850809889396e-01 9.991598418525839964e-01 1.000012367314915496e+00
6.507519999999999971e-01 8.016736711085388212e-01 8.993258448133564231e-01 1.121810378990975243e+00 9.991482112436116392e-01 9.991588084769484901e-01 1.000010606267636382e+00
6.517619999999999525e-01 9.538797832672920585e-01 1.159038941425803992e+00 1.215078631246159002e+00 9.982964224872231673e-01 9.991365338202716773e-01 1.000841544970135555e+00
6.527739999999999654e-01 1.139146251196212489e+00 3.845712678303458461e+02 3.375960439026237623e+02 8.790459965928449915e-01 9.619320275518014052e-01 1.094290891807960131e+00
6.537880000000000358e-01 1.778173477463652944e+03 1.417428191153277794e+03 7.971259323781310080e-01 9.446808510638298184e-01 8.687323064260932259e-01 9.196040180636572137e-01
6.548030000000000239e-01 3.520108581247158419e+00 7.097262870921376532e+01 2.016205667271447766e+01 9.991489361702127203e-01 9.921998763914837705e-01 9.930450210902840302e-01
6.558189999999999298e-01 9.497091996020871063e-01 1.664088540748560829e+00 1.752208509137099135e+00 9.991489361702127203e-01 9.991535972118495978e-01 1.000004665011859695e+00
6.568379999999999219e-01 1.249917539006412337e+00 2.108438204931380788e+00 1.686861844188078052e+00 9.991496598639455495e-01 9.991596758342710105e-01 1.000010024494555561e+00
6.578570000000000251e-01 1.206236650054450577e+00 8.620901490460468608e-01 7.146940436664159790e-01 9.991496598639455495e-01 9.991657754010695447e-01 1.000016129252474739e+00
6.588789999999999925e-01 1.110922949354285816e+00 8.105206653164972463e-01 7.295921519918238118e-01 9.991496598639455495e-01 9.991647391416088597e-01 1.000015092111091075e+00
6.599019999999999886e-01 1.198555247729115258e+00 8.124975353456198590e-01 6.778974410107893034e-01 9.991503823279523910e-01 9.991637062822098514e-01 1.000013335284150484e+00
6.609260000000000135e-01 8.371831140242252944e-01 1.037235044332443623e+00 1.238958391488089061e+00 9.991503823279523910e-01 9.991412008874257511e-01 9.999908107521259248e-01
6.619519999999999849e-01 4.320249860535292363e+00 2.266518785265010383e+00 5.246267828093122976e-01 9.983022071307300349e-01 9.989968256697979720e-01 1.000695799863114077e+00
6.629800000000000137e-01 6.691127248442041875e+00 3.095955248646237834e+00 4.626956167015203736e-01 9.983022071307300349e-01 9.988951386098834373e-01 1.000593939866022630e+00
6.640089999999999604e-01 9.428223339174283124e-01 1.981359238099565045e+00 2.101519201255038549e+00 9.991511035653650730e-01 9.990230727236157904e-01 9.998718603809849670e-01
6.650399999999999645e-01 8.817413007503536182e-01 1.249058115830369076e+00 1.416581161353599239e+00 9.991518235793045433e-01 9.991225483497435667e-01 9.999706999188010537e-01
6.660730000000000262e-01 2.005328351768683071e+00 1.342495875376652270e+00 6.694643668666938607e-01 9.991518235793045433e-01 9.990998516555528175e-01 9.999479839574675344e-01
6.671070000000000055e-01 8.262641166191176945e-01 9.817454193676098395e-01 1.188173853397731738e+00 9.991518235793045433e-01 9.991492061660922630e-01 9.999973803648749549e-01
6.681430000000000424e-01 9.842976516976654766e-01 9.798551068346115223e-01 9.954865839053952392e-01 9.991525423728813138e-01 9.991409306824908798e-01 9.999883784608475379e-01
6.691799999999999971e-01 9.712285164844972618e-01 1.010182887720241451e+00 1.040108347906366193e+00 9.991525423728813138e-01 9.991326408916452184e-01 9.999800816387968139e-01
6.702190000000000092e-01 1.075893809529077316e+00 1.070969927955180534e+00 9.954234502231665838e-01 9.991532599491955713e-01 9.991315675206252633e-01 9.999782891880156788e-01
6.712599999999999678e-01 9.918878524103609262e-01 1.006761735459976492e+00 1.014995528993999585e+00 9.991532599491955713e-01 9.991304914896854683e-01 9.999772122451852097e-01
6.723020000000000662e-01 9.612010994041210177e-01 9.847355762967078263e-01 1.024484446498424184e+00 9.991532599491955713e-01 9.991366676823517645e-01 9.999833936719131344e-01
6.733460000000000001e-01 9.578300429914751168e-01 9.808798020307833987e-01 1.024064560521947831e+00 9.991539763113367334e-01 9.991428592182585167e-01 9.999888734936338563e-01
6.743909999999999627e-01 9.544240317639978155e-01 9.870735080757886415e-01 1.034208564773297923e+00 9.991539763113367334e-01 9.991417994574427475e-01 9.999878128354761087e-01
6.754379999999999828e-01 9.756577930467512649e-01 1.008140653168331236e+00 1.033293292333722357e+00 9.991539763113367334e-01 9.991407370728261350e-01 9.999867495512959614e-01
6.764869999999999495e-01 2.030993080579815313e+00 1.362735682237666612e+00 6.709701255351534499e-01 9.991546914623837816e-01 9.991396783271847548e-01 9.999849741633329847e-01
6.775370000000000559e-01 2.948419232126798573e+00 2.960433992308799223e+00 1.004074983656016329e+00 9.991546914623837816e-01 9.991386169692456631e-01 9.999839119074599436e-01
6.785890000000001088e-01 9.873864845687243541e-01 1.374916168948034478e+00 1.392480239942293085e+00 9.983108108108108558e-01 9.991448556121591551e-01 1.000835456044667060e+00
6.796420000000000794e-01 9.369405655590244963e-01 9.599049473433945989e-01 1.024509966403971850e+00 9.991554054054053724e-01 9.991364800585437189e-01 9.999810586553811165e-01
6.806980000000000253e-01 1.322108759549772028e+00 9.564319178928750720e-01 7.234139483491329736e-01 9.991554054054053724e-01 9.991427315357561678e-01 9.999873154170205725e-01
6.817539999999999711e-01 9.301907962082837100e-01 9.978401777434235953e-01 1.072726350132572337e+00 9.991561181434599481e-01 9.991416749809260978e-01 9.999855446388491442e-01
6.828130000000000033e-01 9.274459914830579521e-01 9.884806442226397039e-01 1.065809387608633196e+00 9.991561181434599481e-01 9.991406158185450748e-01 9.999844845819052530e-01
6.838730000000000642e-01 9.733246620968634133e-01 1.049533454999074689e+00 1.078297402572778063e+00 9.991561181434599481e-01 9.991469082779314004e-01 9.999907823558688014e-01
6.849349999999999605e-01 9.736418171847714964e-01 9.810007210601021654e-01 1.007558122243155552e+00 9.991568296795952930e-01 9.991458592582229681e-01 9.999890203208881001e-01
6.859979999999999967e-01 9.178005538796475404e-01 9.381948356575967596e-01 1.022220820952591813e+00 9.991568296795952930e-01 9.991448076554459989e-01 9.999879678306826669e-01
6.870629999999999793e-01 9.134543678835186364e-01 9.392846343823002542e-01 1.028277566353566819e+00 9.991575400168491994e-01 9.991437534600480230e-01 9.999862018187832824e-01
6.881300000000000194e-01 9.410385986051995610e-01 9.734780773278377541e-01 1.034471995910390740e+00 9.991575400168491994e-01 9.991426966624293859e-01 9.999851441301043087e-01
6.891979999999999773e-01 9.187770474682488420e-01 9.691451067112937245e-01 1.054820763515846860e+00 9.991575400168491994e-01 9.991416372529432488e-01 9.999840838273554855e-01
6.902679999999999927e-01 1.002518373501398496e+00 9.713717180105574389e-01 9.689315863787532068e-01 9.991582491582491343e-01 9.991479840561886538e-01 9.999897262500018202e-01
6.913400000000000656e-01 9.523865787067400390e-01 9.888132793994095504e-01 1.038247809772932628e+00 9.991582491582491343e-01 9.991395169426147138e-01 9.999812520032235197e-01
6.924130000000000562e-01 9.136022650162719527e-01 9.843212078984704405e-01 1.077406707043287559e+00 9.991582491582491343e-01 9.991458768131550316e-01 9.999876172317002654e-01
6.934880000000001044e-01 9.158317820007895182e-01 9.137120444721029688e-01 9.976854510071100357e-01 9.991589571068124620e-01 9.991448224577058612e-01 9.999858534530405851e-01
6.945650000000000990e-01 8.913079931206586703e-01 9.098893290050694693e-01 1.020847267193637053e+00 9.991589571068124620e-01 9.991437591208267577e-01 9.999847892210967926e-01
6.956430000000000113e-01 1.357731396648312439e+00 9.564156416638411873e-01 7.044218348524922124e-01 9.991596638655462215e-01 9.991426995273665623e-01 9.999830213940842372e-01
6.967240000000000100e-01 8.851975144619019797e-01 1.063388817485845017e+00 1.201301178677916637e+00 9.991596638655462215e-01 9.991341732847673907e-01 9.999744879805493314e-01
6.978049999999998976e-01 1.341333350761689136e+00 1.260297920005523764e+00 9.395859122490701765e-01 9.991596638655462215e-01 9.991106726752311262e-01 9.999509676059924468e-01
6.988889999999999825e-01 1.580656626066656134e+00 1.302452024114875151e+00 8.239942835376763419e-01 9.991603694374475708e-01 9.990871201634204946e-01 9.999266891719611472e-01
6.999740000000000961e-01 1.164390965223536911e+00 9.919255872361293358e-01 8.518836171540560276e-01 9.991603694374475708e-01 9.991309364160116946e-01 9.999705422449326475e-01
7.010599999999999055e-01 9.833729456956177284e-01 8.894378681084916805e-01 9.044766504932894025e-01 9.991603694374475708e-01 9.991448631781084666e-01 9.999844807101908595e-01
7.021490000000000231e-01 8.675557164307474700e-01 8.860128078120615980e-01 1.021274819624553132e+00 9.991610738255033430e-01 9.991513075871599758e-01 9.999902255616244240e-01
7.032390000000000585e-01 8.651029257952032037e-01 8.833463427555204861e-01 1.021088146180465062e+00 9.991610738255033430e-01 9.991427411228587241e-01 9.999816519046579311e-01
7.043310000000000404e-01 8.615825204901002010e-01 8.797522925485146139e-01 1.021088835516392290e+00 9.991610738255033430e-01 9.991492117032330089e-01 9.999881279179292370e-01
7.054239999999999400e-01 8.579002510634611278e-01 8.757844704411679171e-01 1.020846502091049990e+00 9.991617770326907122e-01 9.991406279446685135e-01 9.999788331694542398e-01
7.065200000000000369e-01 8.555646980525415390e-01 8.723822469862165807e-01 1.019656665325200606e+00 9.991617770326907122e-01 9.991471054419200915e-01 9.999853161008478430e-01
7.076169999999999405e-01 8.515875581507253989e-01 8.690650688900349863e-01 1.020523445383893391e+00 9.991624790619765273e-01 9.991460483956289274e-01 9.999835555610905313e-01
7.087149999999999839e-01 9.171310130284943130e-01 8.656276463535094168e-01 9.438429559753807041e-01 9.991624790619765273e-01 9.991449887259575835e-01 9.999824950031797055e-01
7.098150000000000848e-01 1.065329914910247311e+00 8.652811201433086019e-01 8.122189267689976511e-01 9.991624790619765273e-01 9.991439329085826104e-01 9.999814383007943341e-01
7.109170000000000211e-01 1.713859717952643358e+00 9.276866499324395443e-01 5.412850539720036602e-01 9.991631799163179783e-01 9.991428744804150552e-01 9.999796775578693175e-01
7.120209999999999040e-01 8.837662041162928084e-01 9.691564054143734230e-01 1.096620804122584891e+00 9.991631799163179783e-01 9.991418134317590072e-01 9.999786156205628940e-01
7.131269999999999554e-01 1.072964105080402630e+00 9.546490208827079771e-01 8.897306222664096431e-01 9.991631799163179783e-01 9.991331523598786513e-01 9.999699472948534451e-01
7.142340000000000355e-01 8.684278571295255267e-01 8.498800239746988616e-01 9.786420564442346315e-01 9.991638795986621524e-01 9.991473098386740581e-01 9.999834163741039283e-01
7.153429999999999511e-01 8.460193833542076769e-01 8.793769883893062245e-01 1.039428889800190881e+00 9.991638795986621524e-01 9.991462568699642777e-01 9.999823625242487690e-01
7.164530000000000065e-01 8.260277767928146941e-01 9.946267229020989697e-01 1.204108083100905890e+00 9.991645781119464775e-01 9.991528334287349544e-01 9.999882454968191947e-01
7.175660000000000371e-01 1.820459176696592296e+00 1.020991061982734482e+00 5.608426022688551837e-01 9.991645781119464775e-01 9.991441496515466314e-01 9.999795544589475949e-01
7.186799999999999855e-01 8.216262691052126366e-01 9.195341967694697916e-01 1.119163580019031379e+00 9.991645781119464775e-01 9.991354444809988911e-01 9.999708420098292194e-01
7.197960000000001024e-01 8.171945638275688317e-01 8.325191859855164411e-01 1.018752721611571044e+00 9.991652754590985008e-01 9.991420385776225155e-01 9.999767437059245978e-01
7.209130000000000260e-01 9.236046704016984688e-01 8.282314395449517086e-01 8.967380374817002231e-01 9.991652754590985008e-01 9.991486424298204883e-01 9.999833530751253141e-01
7.220320000000000071e-01 8.109251279862964568e-01 8.249845493228006310e-01 1.017337508545846703e+00 9.991659716430358884e-01 9.991552692003471403e-01 9.999892886237197187e-01
7.231530000000000458e-01 8.120933658885403084e-01 8.423820719548746894e-01 1.037297073635362610e+00 9.991659716430358884e-01 9.991465346230143929e-01 9.999805467554209182e-01
7.242759999999999199e-01 8.046875767221028930e-01 8.456221705794129129e-01 1.050870170040473672e+00 9.991659716430358884e-01 9.991454833792667856e-01 9.999794946341743485e-01
7.254009999999999625e-01 8.521473362976825783e-01 8.151997753087920628e-01 9.566418160157417194e-01 9.991666666666666474e-01 9.991521373845750897e-01 9.999854586000751500e-01
7.265270000000000339e-01 8.173778287756293670e-01 8.211922824573064661e-01 1.004666695801366361e+00 9.991666666666666474e-01 9.991510904628871925e-01 9.999844108052249325e-01
7.276549999999999407e-01 8.337181291004019945e-01 8.300075017308188308e-01 9.955493022880682608e-01 9.991666666666666474e-01 9.991500409525723159e-01 9.999833604195886849e-01
7.287850000000000161e-01 9.846727610198735547e-01 8.098907985760392947e-01 8.224974129854023541e-01 9.991673605328892371e-01 9.991489822601483661e-01 9.999816064120318204e-01
7.299160000000000093e-01 7.892690704260145740e-01 8.190220407240619283e-01 1.037696865888825482e+00 9.991673605328892371e-01 9.991479209270620609e-01 9.999805441945013307e-01
7.310489999999999489e-01 8.543054479974951931e-01 8.794481984460941204e-01 1.029430633396443806e+00 9.991680532445923468e-01 9.991468635602158699e-01 9.999787926722559783e-01
7.321839999999999460e-01 8.218513794286852470e-01 1.135432164606360095e+00 1.381554126484112466e+00 9.991680532445923468e-01 9.991535689880102211e-01 9.999855036832542288e-01
7.333210000000000006e-01 2.183522813008581309e+00 8.364899585316396546e-01 3.830919253731434604e-01 9.991680532445923468e-01 9.991447475839119186e-01 9.999766749341066907e-01
7.344600000000000017e-01 7.761913733303197338e-01 1.379853552466289379e+00 1.777723380956814925e+00 9.991687448046550069e-01 9.991514670278770494e-01 9.999827078490317600e-01
7.356000000000000316e-01 9.085116893556915985e-01 2.423158757984605227e+00 2.667174001583939802e+00 9.991687448046550069e-01 9.991504220609669362e-01 9.999816620127647271e-01
7.367420000000000080e-01 7.930157842868806872e-01 1.121729569102008384e+00 1.414511024028006547e+00 9.991687448046550069e-01 9.991493678788824218e-01 9.999806069536568698e-01
7.378859999999999308e-01 7.765445520817587655e-01 7.903931553167979907e-01 1.017833623580146174e+00 9.991694352159468107e-01 9.991483177321810460e-01 9.999788649622161074e-01
7.390309999999999935e-01 7.847234228986034177e-01 7.800911573666676757e-01 9.940969449913638067e-01 9.991694352159468107e-01 9.991550816363252707e-01 9.999856344888907733e-01
7.401789999999999203e-01 7.652377712354280215e-01 7.778451973452803481e-01 1.016475174885184352e+00 9.991701244813278038e-01 9.991540359534719640e-01 9.999838981095795498e-01
7.413279999999999870e-01 7.631079997253286118e-01 7.756193356398699557e-01 1.016395236216950382e+00 9.991701244813278038e-01 9.991529876791077625e-01 9.999828489645554708e-01
7.424790000000000001e-01 1.016365915627869931e+00 7.716920528143469404e-01 7.592659700100496956e-01 9.991701244813278038e-01 9.991519434628974849e-01 9.999818038810560639e-01
7.436319999999999597e-01 7.567561330532117658e-01 7.732828818826308348e-01 1.021838936095225581e+00 9.991708126036483728e-01 9.991508966688418258e-01 9.999800675374467263e-01
7.447859999999999481e-01 8.146033988936570713e-01 7.749168958245766792e-01 9.512811963183800401e-01 9.991708126036483728e-01 9.991498472873830972e-01 9.999790172851320547e-01
7.459430000000000227e-01 8.122005837635599690e-01 7.877951336281742156e-01 9.699514496501636662e-01 9.991708126036483728e-01 9.991487953089163154e-01 9.999779644336540541e-01
7.471010000000000151e-01 7.567167696759001805e-01 7.627263638544341529e-01 1.007941669088565195e+00 9.991714995857498005e-01 9.991556320133836433e-01 9.999841192704428394e-01
7.482609999999999539e-01 9.885327133983732306e-01 7.592218230062783846e-01 7.680290320349936195e-01 9.991714995857498005e-01 9.991466902643679759e-01 9.999751701070416221e-01
7.494220000000000326e-01 7.410841290609423426e-01 8.694896987483956563e-01 1.173267196870294793e+00 9.991721854304635997e-01 9.991535412826618723e-01 9.999813404055141186e-01
