  1.398E-03  1.116E+02
  1.468E-03  1.244E+02
  1.541E-03  1.368E+02
  1.619E-03  1.503E+02
  1.699E-03  1.650E+02
  1.784E-03  1.811E+02
  1.874E-03  1.987E+02
  1.967E-03  2.179E+02
  2.066E-03  2.389E+02
  2.169E-03  2.619E+02
  2.277E-03  2.870E+02
  2.391E-03  3.145E+02
  2.511E-03  3.446E+02
  2.636E-03  3.774E+02
  2.768E-03  4.134E+02
  2.907E-03  4.528E+02
  3.052E-03  4.958E+02
  3.205E-03  5.427E+02
  3.365E-03  5.940E+02
  3.533E-03  6.498E+02
  3.710E-03  7.105E+02
  3.895E-03  7.764E+02
  4.090E-03  8.478E+02
  4.294E-03  9.249E+02
  4.509E-03  1.008E+03
  4.735E-03  1.097E+03
  4.971E-03  1.193E+03
  5.220E-03  1.294E+03
  5.481E-03  1.403E+03
  5.755E-03  1.517E+03
  6.043E-03  1.638E+03
  6.345E-03  1.764E+03
  6.662E-03  1.896E+03
  6.995E-03  2.034E+03
  7.345E-03  2.176E+03
  7.712E-03  2.333E+03
  8.098E-03  2.772E+03
  8.503E-03  2.642E+03
  8.928E-03  2.815E+03
  9.374E-03  2.942E+03
  9.843E-03  3.287E+03
  1.019E-02  3.357E+03
  1.054E-02  4.747E+03
  1.091E-02  1.395E+04
  1.130E-02  5.366E+03
  1.169E-02  3.961E+03
  1.210E-02  4.939E+03
  1.252E-02  4.054E+03
  1.296E-02  4.024E+03
  1.341E-02  4.594E+03
  1.388E-02  4.212E+03
  1.437E-02  4.283E+03
  1.487E-02  4.616E+03
  1.539E-02  5.778E+03
  1.593E-02  1.642E+04
  1.649E-02  7.658E+03
  1.707E-02  1.513E+04
  1.766E-02  7.036E+04
  1.828E-02  1.762E+04
  1.892E-02  1.250E+04
  1.959E-02  1.354E+04
  2.027E-02  1.064E+04
  2.098E-02  1.254E+04
  2.171E-02  3.286E+04
  2.247E-02  1.822E+04
  2.326E-02  1.932E+04
  2.408E-02  1.506E+04
  2.492E-02  7.357E+03
  2.579E-02  7.195E+03
  2.669E-02  9.131E+03
  2.763E-02  1.179E+04
  2.859E-02  2.314E+04
  2.959E-02  3.386E+04
  3.063E-02  1.754E+04
  3.170E-02  2.777E+04
  3.281E-02  5.191E+04
  3.396E-02  2.710E+04
  3.515E-02  3.325E+04
  3.638E-02  2.729E+04
  3.765E-02  1.113E+04
  3.897E-02  2.052E+04
  4.033E-02  1.517E+04
  4.175E-02  1.416E+04
  4.321E-02  2.540E+04
  4.472E-02  2.561E+04
  4.629E-02  9.308E+03
  4.790E-02  2.764E+04
  4.958E-02  3.035E+04
  5.132E-02  1.422E+04
  5.311E-02  1.107E+04
  5.497E-02  8.955E+03
  5.690E-02  3.173E+04
  5.889E-02  1.544E+04
  6.095E-02  1.558E+04
  6.308E-02  1.904E+04
  6.529E-02  1.179E+04
  6.757E-02  3.031E+04
  6.994E-02  1.705E+04
  7.239E-02  3.017E+04
  7.492E-02  8.738E+03
  7.754E-02  3.376E+03
  8.026E-02  3.271E+03
  8.307E-02  6.785E+03
  8.597E-02  5.231E+03
  8.898E-02  3.996E+03
  9.210E-02  3.222E+03
  9.532E-02  5.788E+03
  9.866E-02  1.409E+04
  1.006E-01  3.798E+03
  1.026E-01  2.428E+03
  1.047E-01  3.867E+03
  1.068E-01  4.288E+03
  1.089E-01  2.548E+03
  1.111E-01  4.284E+03
  1.133E-01  1.866E+04
  1.156E-01  3.626E+03
  1.179E-01  2.961E+03
  1.203E-01  1.005E+04
  1.227E-01  3.226E+03
  1.251E-01  5.200E+03
  1.276E-01  1.215E+04
  1.302E-01  3.004E+03
  1.328E-01  1.801E+03
  1.354E-01  1.668E+03
  1.381E-01  1.576E+03
  1.409E-01  1.824E+03
  1.437E-01  1.680E+03
  1.466E-01  1.605E+03
  1.495E-01  1.845E+03
  1.525E-01  1.349E+03
  1.556E-01  1.310E+03
  1.587E-01  1.484E+03
  1.619E-01  2.480E+03
  1.651E-01  1.409E+03
  1.684E-01  1.407E+03
  1.718E-01  1.724E+03
  1.752E-01  1.418E+03
  1.787E-01  1.521E+03
  1.823E-01  1.375E+03
  1.859E-01  1.494E+03
  1.896E-01  3.462E+03
  1.934E-01  1.551E+03
  1.973E-01  1.949E+03
  2.012E-01  1.661E+03
  2.053E-01  1.384E+03
  2.094E-01  1.220E+03
  2.136E-01  1.341E+03
  2.178E-01  1.379E+03
  2.222E-01  1.457E+03
  2.266E-01  1.882E+03
  2.312E-01  1.443E+03
  2.358E-01  2.506E+03
  2.405E-01  1.428E+03
  2.453E-01  1.378E+03
  2.502E-01  1.649E+03
  2.552E-01  2.003E+03
  2.603E-01  1.559E+03
  2.655E-01  1.297E+03
  2.709E-01  3.364E+03
  2.763E-01  1.350E+03
  2.818E-01  1.955E+03
  2.874E-01  1.598E+03
  2.932E-01  1.019E+03
  2.990E-01  9.895E+02
  3.050E-01  1.486E+03
  3.111E-01  1.009E+03
  3.173E-01  1.538E+03
  3.237E-01  1.027E+03
  3.302E-01  2.113E+03
  3.368E-01  9.581E+02
  3.435E-01  9.481E+02
  3.504E-01  1.784E+03
  3.574E-01  1.276E+03
  3.645E-01  7.068E+03
  3.718E-01  1.335E+03
  3.793E-01  1.256E+03
  3.868E-01  8.242E+02
  3.946E-01  7.461E+02
  4.025E-01  7.418E+02
  4.105E-01  8.668E+02
  4.187E-01  7.623E+02
  4.271E-01  1.032E+03
  4.357E-01  1.220E+03
  4.444E-01  7.226E+02
  4.533E-01  6.893E+02
  4.623E-01  6.711E+02
  4.716E-01  6.659E+02
  4.810E-01  7.386E+02
  4.906E-01  1.418E+03
  5.004E-01  2.374E+03
  5.104E-01  1.273E+03
  5.206E-01  1.143E+03
  5.311E-01  1.065E+03
  5.417E-01  1.018E+03
  5.525E-01  1.327E+03
  5.636E-01  7.407E+03
  5.748E-01  2.016E+03
  5.863E-01  9.303E+02
  5.981E-01  8.302E+02
  6.100E-01  7.936E+02
  6.222E-01  8.062E+02
  6.347E-01  1.630E+03
  6.474E-01  1.810E+04
  6.603E-01  1.538E+03
  6.735E-01  9.994E+02
  6.870E-01  9.034E+02
  7.007E-01  8.468E+02
  7.147E-01  9.383E+02
  7.290E-01  3.859E+03
  7.436E-01  1.169E+03
  7.585E-01  1.133E+03
  7.737E-01  5.071E+03
  7.891E-01  9.863E+02
  8.049E-01  9.195E+02
  8.210E-01  4.502E+03
  8.374E-01  8.120E+02
  8.542E-01  6.190E+02
  8.713E-01  6.229E+02
  8.887E-01  1.801E+03
  9.065E-01  3.808E+03
  9.246E-01  1.593E+03
  9.431E-01  1.503E+03
  9.619E-01  1.136E+03
  9.812E-01  1.011E+03
  1.001E+00  1.004E+03
  1.021E+00  2.489E+03
  1.041E+00  7.700E+02
  1.062E+00  6.706E+02
  1.083E+00  5.914E+02
  1.105E+00  5.355E+02
  1.127E+00  4.888E+02
  1.150E+00  4.501E+02
  1.173E+00  4.235E+02
  1.196E+00  6.058E+02
  1.220E+00  5.375E+02
  1.244E+00  4.770E+02
  1.269E+00  4.184E+02
  1.295E+00  3.796E+02
  1.321E+00  4.070E+02
  1.347E+00  2.190E+03
  1.374E+00  9.572E+02
  1.401E+00  7.686E+02
  1.429E+00  6.577E+02
  1.458E+00  1.230E+03
  1.487E+00  5.780E+02
  1.517E+00  4.756E+02
  1.547E+00  4.006E+02
  1.578E+00  3.275E+02
  1.610E+00  2.766E+02
  1.642E+00  2.413E+02
  1.675E+00  2.094E+02
  1.708E+00  1.957E+02
  1.742E+00  1.837E+02
  1.777E+00  3.126E+02
  1.813E+00  3.305E+02
  1.849E+00  2.368E+03
  1.886E+00  2.594E+02
  1.924E+00  1.954E+02
  1.962E+00  2.089E+02
  2.001E+00  1.114E+03
  2.042E+00  3.342E+02
  2.082E+00  2.716E+02
  2.124E+00  2.396E+02
  2.166E+00  2.189E+02
  2.210E+00  2.064E+02
  2.254E+00  1.996E+02
  2.299E+00  1.967E+02
  2.345E+00  1.974E+02
  2.392E+00  2.785E+02
  2.440E+00  2.336E+03
  2.489E+00  5.193E+02
  2.538E+00  3.705E+02
  2.589E+00  3.194E+02
  2.641E+00  6.882E+02
  2.694E+00  4.885E+02
  2.748E+00  3.778E+02
  2.803E+00  3.135E+02
  2.859E+00  2.774E+02
  2.916E+00  2.587E+02
  2.974E+00  2.504E+02
  3.034E+00  2.480E+02
  3.094E+00  2.496E+02
  3.156E+00  2.497E+02
  3.219E+00  2.601E+02
  3.284E+00  4.280E+02
  3.349E+00  3.496E+02
  3.416E+00  3.093E+02
  3.485E+00  2.945E+02
  3.554E+00  3.381E+02
  3.625E+00  3.160E+02
  3.698E+00  3.089E+02
  3.772E+00  3.108E+02
  3.847E+00  3.176E+02
  3.924E+00  3.270E+02
  4.003E+00  3.380E+02
  4.083E+00  3.500E+02
  4.164E+00  3.627E+02
  4.248E+00  3.759E+02
  4.333E+00  3.897E+02
  4.419E+00  4.038E+02
  4.508E+00  4.184E+02
  4.598E+00  4.335E+02
  4.690E+00  4.490E+02
  4.784E+00  4.651E+02
  4.879E+00  4.816E+02
  4.977E+00  4.987E+02
  5.076E+00  5.163E+02
  5.178E+00  5.344E+02
  5.282E+00  5.532E+02
  5.387E+00  5.725E+02
  5.495E+00  5.925E+02
  5.605E+00  6.131E+02
  5.717E+00  6.345E+02
  5.831E+00  6.569E+02
  5.948E+00  6.819E+02
  6.067E+00  7.228E+02
  6.188E+00  8.644E+02
  6.312E+00  1.520E+03
  6.402E+00  3.541E+03
  6.493E+00  9.566E+02
  6.586E+00  8.191E+02
  6.680E+00  8.345E+02
  6.775E+00  8.527E+02
  6.872E+00  8.695E+02
  6.970E+00  8.683E+02
  7.070E+00  8.522E+02
  7.211E+00  8.291E+02
  7.355E+00  7.753E+02
  7.502E+00  7.291E+02
  7.652E+00  6.860E+02
  7.805E+00  6.528E+02
  7.961E+00  6.360E+02
  8.121E+00  6.390E+02
  8.283E+00  6.575E+02
  8.449E+00  6.813E+02
  8.618E+00  7.072E+02
  8.790E+00  7.344E+02
  8.966E+00  7.626E+02
  9.145E+00  7.917E+02
  9.328E+00  8.217E+02
  9.515E+00  8.527E+02
  9.705E+00  8.847E+02
  9.899E+00  9.178E+02
  1.010E+01  9.518E+02
  1.030E+01  9.869E+02
  1.050E+01  1.023E+03
  1.072E+01  1.060E+03
  1.093E+01  1.098E+03
  1.115E+01  1.138E+03
  1.137E+01  1.178E+03
  1.160E+01  1.219E+03
  1.183E+01  1.262E+03
  1.207E+01  1.305E+03
  1.231E+01  1.350E+03
  1.255E+01  1.396E+03
  1.281E+01  1.443E+03
  1.306E+01  1.491E+03
  1.332E+01  1.540E+03
  1.359E+01  1.590E+03
  1.386E+01  1.641E+03
  1.414E+01  1.694E+03
  1.442E+01  1.747E+03
  1.471E+01  1.801E+03
  1.500E+01  1.856E+03
  1.530E+01  1.912E+03
  1.561E+01  1.968E+03
  1.592E+01  2.024E+03
  1.624E+01  2.081E+03
  1.657E+01  2.138E+03
  1.690E+01  2.195E+03
  1.723E+01  2.251E+03
  1.758E+01  2.306E+03
  1.793E+01  2.361E+03
  1.829E+01  2.415E+03
  1.866E+01  2.468E+03
  1.903E+01  2.519E+03
  1.941E+01  2.568E+03
  1.980E+01  2.616E+03
  2.019E+01  2.661E+03
  2.060E+01  2.704E+03
  2.101E+01  2.745E+03
  2.143E+01  2.784E+03
  2.186E+01  2.820E+03
  2.229E+01  2.853E+03
  2.274E+01  2.883E+03
  2.320E+01  2.911E+03
  2.366E+01  2.937E+03
  2.413E+01  2.959E+03
  2.462E+01  2.979E+03
  2.511E+01  2.996E+03
  2.561E+01  3.011E+03
  2.612E+01  3.022E+03
  2.664E+01  3.030E+03
  2.718E+01  3.032E+03
  2.772E+01  3.029E+03
  2.827E+01  3.020E+03
  2.884E+01  3.010E+03
  2.942E+01  2.998E+03
  3.001E+01  2.985E+03
  3.106E+01  3.050E+03
  3.214E+01  3.036E+03
  3.327E+01  3.014E+03
  3.443E+01  2.986E+03
  3.564E+01  2.950E+03
  3.688E+01  2.906E+03
  3.818E+01  2.853E+03
  3.951E+01  2.797E+03
  4.089E+01  2.737E+03
  4.294E+01  2.738E+03
  4.509E+01  2.660E+03
  4.734E+01  2.573E+03
  4.971E+01  2.480E+03
  5.219E+01  2.379E+03
  5.480E+01  2.273E+03
  5.754E+01  2.160E+03
  6.042E+01  2.041E+03
  6.344E+01  1.918E+03
  6.661E+01  1.792E+03
  6.994E+01  1.663E+03
  7.344E+01  1.534E+03
  7.711E+01  1.406E+03
  8.097E+01  1.281E+03
  8.502E+01  1.160E+03
  8.927E+01  1.044E+03
  9.373E+01  9.347E+02
  9.842E+01  8.322E+02
  1.033E+02  7.371E+02
  1.085E+02  6.497E+02
  1.139E+02  5.701E+02
  1.196E+02  4.982E+02
  1.256E+02  4.336E+02
  1.319E+02  3.759E+02
  1.385E+02  3.248E+02
  1.454E+02  2.797E+02
  1.527E+02  2.401E+02
  1.603E+02  2.056E+02
  1.683E+02  1.755E+02
  1.767E+02  1.494E+02
  1.856E+02  1.268E+02
  1.949E+02  1.074E+02
  2.046E+02  9.080E+01
  2.148E+02  7.656E+01
  2.256E+02  6.441E+01
  2.369E+02  5.407E+01
  2.487E+02  4.529E+01
  2.611E+02  3.785E+01
  2.742E+02  3.157E+01
  2.879E+02  2.627E+01
  3.023E+02  2.182E+01
  3.174E+02  1.808E+01
  3.333E+02  1.494E+01
  3.499E+02  1.233E+01
  3.674E+02  1.015E+01
  3.858E+02  8.330E+00
  4.051E+02  6.822E+00
  4.254E+02  5.574E+00
  4.466E+02  4.541E+00
  4.690E+02  3.690E+00
  4.924E+02  2.990E+00
  5.170E+02  2.415E+00
  5.429E+02  1.944E+00
  5.700E+02  1.559E+00
  5.985E+02  1.246E+00
  6.284E+02  9.907E-01
  6.599E+02  7.837E-01
  6.929E+02  6.159E-01
  7.275E+02  4.801E-01
  7.639E+02  3.701E-01
  8.021E+02  2.807E-01
  8.422E+02  2.076E-01
  8.843E+02  1.470E-01
  9.285E+02  9.509E-02
  9.749E+02  4.809E-02
