  1.398E-03  8.144E+02
  1.468E-03  1.021E+03
  1.541E-03  1.154E+03
  1.619E-03  1.276E+03
  1.699E-03  1.404E+03
  1.784E-03  1.542E+03
  1.874E-03  1.691E+03
  1.967E-03  1.853E+03
  2.066E-03  2.026E+03
  2.169E-03  2.213E+03
  2.277E-03  2.415E+03
  2.391E-03  2.631E+03
  2.511E-03  2.864E+03
  2.636E-03  3.113E+03
  2.768E-03  3.381E+03
  2.907E-03  3.668E+03
  3.052E-03  3.974E+03
  3.205E-03  4.302E+03
  3.365E-03  4.652E+03
  3.533E-03  5.025E+03
  3.710E-03  5.424E+03
  3.895E-03  5.849E+03
  4.090E-03  6.301E+03
  4.294E-03  6.783E+03
  4.509E-03  7.296E+03
  4.735E-03  7.841E+03
  4.971E-03  8.420E+03
  5.220E-03  9.036E+03
  5.481E-03  9.690E+03
  5.755E-03  1.038E+04
  6.043E-03  1.112E+04
  6.345E-03  1.190E+04
  6.662E-03  1.272E+04
  6.995E-03  1.360E+04
  7.345E-03  1.453E+04
  7.712E-03  1.552E+04
  8.098E-03  1.657E+04
  8.503E-03  1.764E+04
  8.928E-03  1.875E+04
  9.374E-03  1.988E+04
  9.843E-03  2.126E+04
  1.019E-02  2.237E+04
  1.054E-02  2.333E+04
  1.091E-02  2.434E+04
  1.130E-02  2.552E+04
  1.169E-02  2.685E+04
  1.210E-02  2.821E+04
  1.252E-02  2.926E+04
  1.296E-02  3.029E+04
  1.341E-02  3.148E+04
  1.388E-02  3.292E+04
  1.437E-02  3.480E+04
  1.487E-02  3.738E+04
  1.539E-02  4.094E+04
  1.593E-02  4.547E+04
  1.649E-02  5.045E+04
  1.707E-02  5.618E+04
  1.766E-02  6.125E+04
  1.828E-02  6.315E+04
  1.892E-02  6.337E+04
  1.959E-02  6.336E+04
  2.027E-02  6.274E+04
  2.098E-02  6.167E+04
  2.171E-02  6.130E+04
  2.247E-02  6.157E+04
  2.326E-02  6.277E+04
  2.408E-02  6.487E+04
  2.492E-02  6.646E+04
  2.579E-02  6.936E+04
  2.669E-02  7.454E+04
  2.763E-02  8.236E+04
  2.859E-02  9.209E+04
  2.959E-02  9.949E+04
  3.063E-02  1.069E+05
  3.170E-02  1.151E+05
  3.281E-02  1.232E+05
  3.396E-02  1.307E+05
  3.515E-02  1.369E+05
  3.638E-02  1.393E+05
  3.765E-02  1.357E+05
  3.897E-02  1.331E+05
  4.033E-02  1.342E+05
  4.175E-02  1.410E+05
  4.321E-02  1.526E+05
  4.472E-02  1.637E+05
  4.629E-02  1.737E+05
  4.790E-02  1.836E+05
  4.958E-02  1.868E+05
  5.132E-02  1.827E+05
  5.311E-02  1.778E+05
  5.497E-02  1.783E+05
  5.690E-02  1.878E+05
  5.889E-02  2.114E+05
  6.095E-02  1.734E+05
  6.308E-02  1.533E+05
  6.529E-02  1.444E+05
  6.757E-02  1.424E+05
  6.994E-02  1.378E+05
  7.239E-02  1.301E+05
  7.492E-02  1.151E+05
  7.754E-02  9.996E+04
  8.026E-02  9.192E+04
  8.307E-02  9.333E+04
  8.597E-02  9.574E+04
  8.898E-02  1.005E+05
  9.210E-02  1.215E+05
  9.532E-02  1.092E+05
  9.866E-02  1.094E+05
  1.006E-01  1.050E+05
  1.026E-01  1.020E+05
  1.047E-01  1.021E+05
  1.068E-01  1.025E+05
  1.089E-01  9.990E+04
  1.111E-01  9.883E+04
  1.133E-01  9.748E+04
  1.156E-01  9.413E+04
  1.179E-01  9.174E+04
  1.203E-01  9.199E+04
  1.227E-01  8.897E+04
  1.251E-01  8.725E+04
  1.276E-01  8.384E+04
  1.302E-01  7.811E+04
  1.328E-01  7.205E+04
  1.354E-01  6.692E+04
  1.381E-01  6.301E+04
  1.409E-01  6.020E+04
  1.437E-01  5.823E+04
  1.466E-01  5.686E+04
  1.495E-01  5.592E+04
  1.525E-01  5.530E+04
  1.556E-01  5.496E+04
  1.587E-01  5.483E+04
  1.619E-01  5.482E+04
  1.651E-01  5.465E+04
  1.684E-01  5.454E+04
  1.718E-01  5.455E+04
  1.752E-01  5.472E+04
  1.787E-01  5.511E+04
  1.823E-01  5.580E+04
  1.859E-01  5.689E+04
  1.896E-01  5.843E+04
  1.934E-01  5.725E+04
  1.973E-01  5.628E+04
  2.012E-01  5.550E+04
  2.053E-01  5.489E+04
  2.094E-01  5.448E+04
  2.136E-01  5.431E+04
  2.178E-01  5.439E+04
  2.222E-01  5.452E+04
  2.266E-01  5.471E+04
  2.312E-01  5.496E+04
  2.358E-01  5.522E+04
  2.405E-01  5.521E+04
  2.453E-01  5.521E+04
  2.502E-01  5.533E+04
  2.552E-01  5.562E+04
  2.603E-01  5.613E+04
  2.655E-01  5.696E+04
  2.709E-01  5.811E+04
  2.763E-01  5.703E+04
  2.818E-01  5.611E+04
  2.874E-01  5.540E+04
  2.932E-01  5.496E+04
  2.990E-01  5.479E+04
  3.050E-01  5.485E+04
  3.111E-01  5.504E+04
  3.173E-01  5.541E+04
  3.237E-01  5.601E+04
  3.302E-01  5.694E+04
  3.368E-01  5.755E+04
  3.435E-01  5.904E+04
  3.504E-01  6.162E+04
  3.574E-01  6.538E+04
  3.645E-01  7.010E+04
  3.718E-01  6.722E+04
  3.793E-01  6.161E+04
  3.868E-01  5.724E+04
  3.946E-01  5.411E+04
  4.025E-01  5.200E+04
  4.105E-01  5.068E+04
  4.187E-01  4.995E+04
  4.271E-01  4.972E+04
  4.357E-01  4.986E+04
  4.444E-01  4.877E+04
  4.533E-01  4.801E+04
  4.623E-01  4.772E+04
  4.716E-01  4.809E+04
  4.810E-01  4.948E+04
  4.906E-01  4.838E+04
  5.004E-01  4.888E+04
  5.104E-01  4.693E+04
  5.206E-01  4.572E+04
  5.311E-01  4.526E+04
  5.417E-01  4.551E+04
  5.525E-01  4.636E+04
  5.636E-01  4.754E+04
  5.748E-01  4.838E+04
  5.863E-01  4.970E+04
  5.981E-01  5.273E+04
  6.100E-01  5.878E+04
  6.222E-01  6.945E+04
  6.347E-01  8.650E+04
  6.474E-01  1.110E+05
  6.603E-01  8.779E+04
  6.735E-01  7.046E+04
  6.870E-01  5.941E+04
  7.007E-01  5.310E+04
  7.147E-01  5.007E+04
  7.290E-01  4.890E+04
  7.436E-01  4.825E+04
  7.585E-01  4.829E+04
  7.737E-01  4.872E+04
  7.891E-01  4.856E+04
  8.049E-01  4.853E+04
  8.210E-01  4.825E+04
  8.374E-01  4.602E+04
  8.542E-01  4.346E+04
  8.713E-01  4.151E+04
  8.887E-01  3.937E+04
  9.065E-01  3.978E+04
  9.246E-01  3.958E+04
  9.431E-01  4.008E+04
  9.619E-01  4.052E+04
  9.812E-01  4.380E+04
  1.001E+00  5.160E+04
  1.021E+00  6.230E+04
  1.041E+00  5.582E+04
  1.062E+00  5.956E+04
  1.083E+00  6.304E+04
  1.105E+00  5.129E+04
  1.127E+00  4.122E+04
  1.150E+00  3.660E+04
  1.173E+00  3.523E+04
  1.196E+00  3.578E+04
  1.220E+00  4.046E+04
  1.244E+00  3.457E+04
  1.269E+00  3.232E+04
  1.295E+00  3.196E+04
  1.321E+00  3.117E+04
  1.347E+00  3.132E+04
  1.374E+00  3.042E+04
  1.401E+00  3.073E+04
  1.429E+00  3.273E+04
  1.458E+00  3.803E+04
  1.487E+00  3.182E+04
  1.517E+00  2.877E+04
  1.547E+00  2.722E+04
  1.578E+00  2.633E+04
  1.610E+00  2.575E+04
  1.642E+00  2.533E+04
  1.675E+00  2.502E+04
  1.708E+00  2.481E+04
  1.742E+00  2.479E+04
  1.777E+00  2.508E+04
  1.813E+00  2.597E+04
  1.849E+00  2.764E+04
  1.886E+00  2.599E+04
  1.924E+00  2.600E+04
  1.962E+00  2.846E+04
  2.001E+00  3.641E+04
  2.042E+00  2.703E+04
  2.082E+00  2.251E+04
  2.124E+00  2.079E+04
  2.166E+00  2.031E+04
  2.210E+00  2.003E+04
  2.254E+00  1.996E+04
  2.299E+00  2.017E+04
  2.345E+00  2.096E+04
  2.392E+00  2.259E+04
  2.440E+00  2.574E+04
  2.489E+00  2.320E+04
  2.538E+00  2.307E+04
  2.589E+00  2.583E+04
  2.641E+00  3.383E+04
  2.694E+00  2.639E+04
  2.748E+00  2.331E+04
  2.803E+00  2.172E+04
  2.859E+00  2.078E+04
  2.916E+00  2.017E+04
  2.974E+00  1.975E+04
  3.034E+00  1.945E+04
  3.094E+00  1.924E+04
  3.156E+00  1.912E+04
  3.219E+00  1.909E+04
  3.284E+00  1.915E+04
  3.349E+00  1.915E+04
  3.416E+00  1.925E+04
  3.485E+00  1.970E+04
  3.554E+00  2.074E+04
  3.625E+00  2.060E+04
  3.698E+00  2.011E+04
  3.772E+00  1.963E+04
  3.847E+00  1.927E+04
  3.924E+00  1.903E+04
  4.003E+00  1.890E+04
  4.083E+00  1.887E+04
  4.164E+00  1.891E+04
  4.248E+00  1.901E+04
  4.333E+00  1.916E+04
  4.419E+00  1.934E+04
  4.508E+00  1.956E+04
  4.598E+00  1.980E+04
  4.690E+00  2.006E+04
  4.784E+00  2.033E+04
  4.879E+00  2.061E+04
  4.977E+00  2.090E+04
  5.076E+00  2.119E+04
  5.178E+00  2.150E+04
  5.282E+00  2.182E+04
  5.387E+00  2.217E+04
  5.495E+00  2.255E+04
  5.605E+00  2.301E+04
  5.717E+00  2.359E+04
  5.831E+00  2.441E+04
  5.948E+00  2.567E+04
  6.067E+00  2.770E+04
  6.188E+00  3.111E+04
  6.312E+00  3.702E+04
  6.402E+00  4.425E+04
  6.493E+00  5.555E+04
  6.586E+00  7.411E+04
  6.680E+00  1.072E+05
  6.775E+00  6.432E+04
  6.872E+00  4.676E+04
  6.970E+00  4.185E+04
  7.070E+00  3.259E+04
  7.211E+00  2.812E+04
  7.355E+00  2.661E+04
  7.502E+00  2.601E+04
  7.652E+00  2.563E+04
  7.805E+00  2.524E+04
  7.961E+00  2.473E+04
  8.121E+00  2.405E+04
  8.283E+00  2.319E+04
  8.449E+00  2.218E+04
  8.618E+00  2.121E+04
  8.790E+00  2.075E+04
  8.966E+00  2.218E+04
  9.145E+00  2.002E+04
  9.328E+00  1.920E+04
  9.515E+00  1.689E+04
  9.705E+00  1.535E+04
  9.899E+00  1.460E+04
  1.010E+01  1.437E+04
  1.030E+01  1.444E+04
  1.050E+01  1.468E+04
  1.072E+01  1.502E+04
  1.093E+01  1.541E+04
  1.115E+01  1.583E+04
  1.137E+01  1.628E+04
  1.160E+01  1.673E+04
  1.183E+01  1.719E+04
  1.207E+01  1.767E+04
  1.231E+01  1.815E+04
  1.255E+01  1.863E+04
  1.281E+01  1.912E+04
  1.306E+01  1.962E+04
  1.332E+01  2.012E+04
  1.359E+01  2.063E+04
  1.386E+01  2.114E+04
  1.414E+01  2.166E+04
  1.442E+01  2.217E+04
  1.471E+01  2.269E+04
  1.500E+01  2.321E+04
  1.530E+01  2.373E+04
  1.561E+01  2.424E+04
  1.592E+01  2.475E+04
  1.624E+01  2.525E+04
  1.657E+01  2.575E+04
  1.690E+01  2.624E+04
  1.723E+01  2.671E+04
  1.758E+01  2.718E+04
  1.793E+01  2.762E+04
  1.829E+01  2.806E+04
  1.866E+01  2.847E+04
  1.903E+01  2.886E+04
  1.941E+01  2.924E+04
  1.980E+01  2.959E+04
  2.019E+01  2.992E+04
  2.060E+01  3.022E+04
  2.101E+01  3.050E+04
  2.143E+01  3.076E+04
  2.186E+01  3.099E+04
  2.229E+01  3.120E+04
  2.274E+01  3.138E+04
  2.320E+01  3.154E+04
  2.366E+01  3.167E+04
  2.413E+01  3.178E+04
  2.462E+01  3.186E+04
  2.511E+01  3.192E+04
  2.561E+01  3.196E+04
  2.612E+01  3.196E+04
  2.664E+01  3.194E+04
  2.718E+01  3.187E+04
  2.772E+01  3.177E+04
  2.827E+01  3.163E+04
  2.884E+01  3.147E+04
  2.942E+01  3.130E+04
  3.001E+01  3.111E+04
  3.106E+01  3.149E+04
  3.214E+01  3.125E+04
  3.327E+01  3.094E+04
  3.443E+01  3.057E+04
  3.564E+01  3.013E+04
  3.688E+01  2.962E+04
  3.818E+01  2.905E+04
  3.951E+01  2.843E+04
  4.089E+01  2.778E+04
  4.294E+01  2.770E+04
  4.509E+01  2.688E+04
  4.734E+01  2.597E+04
  4.971E+01  2.500E+04
  5.219E+01  2.396E+04
  5.480E+01  2.287E+04
  5.754E+01  2.172E+04
  6.042E+01  2.053E+04
  6.344E+01  1.929E+04
  6.661E+01  1.802E+04
  6.994E+01  1.673E+04
  7.344E+01  1.544E+04
  7.711E+01  1.416E+04
  8.097E+01  1.291E+04
  8.502E+01  1.170E+04
  8.927E+01  1.054E+04
  9.373E+01  9.438E+03
  9.842E+01  8.409E+03
  1.033E+02  7.454E+03
  1.085E+02  6.576E+03
  1.139E+02  5.774E+03
  1.196E+02  5.048E+03
  1.256E+02  4.396E+03
  1.319E+02  3.814E+03
  1.385E+02  3.297E+03
  1.454E+02  2.840E+03
  1.527E+02  2.439E+03
  1.603E+02  2.088E+03
  1.683E+02  1.783E+03
  1.767E+02  1.518E+03
  1.856E+02  1.289E+03
  1.949E+02  1.092E+03
  2.046E+02  9.232E+02
  2.148E+02  7.784E+02
  2.256E+02  6.549E+02
  2.369E+02  5.497E+02
  2.487E+02  4.604E+02
  2.611E+02  3.848E+02
  2.742E+02  3.208E+02
  2.879E+02  2.670E+02
  3.023E+02  2.217E+02
  3.174E+02  1.836E+02
  3.333E+02  1.518E+02
  3.499E+02  1.252E+02
  3.674E+02  1.030E+02
  3.858E+02  8.456E+01
  4.051E+02  6.924E+01
  4.254E+02  5.656E+01
  4.466E+02  4.607E+01
  4.690E+02  3.743E+01
  4.924E+02  3.032E+01
  5.170E+02  2.448E+01
  5.429E+02  1.971E+01
  5.700E+02  1.580E+01
  5.985E+02  1.262E+01
  6.284E+02  1.004E+01
  6.599E+02  7.938E+00
  6.929E+02  6.238E+00
  7.275E+02  4.861E+00
  7.639E+02  3.747E+00
  8.021E+02  2.842E+00
  8.422E+02  2.102E+00
  8.843E+02  1.487E+00
  9.285E+02  9.625E-01
  9.749E+02  4.868E-01
