# Fe ion fractions at final convergence; hash=fe48cbde iteration=19
# Atomic state from the last accepted-temperature Cloudy pass (preceding outer J); no diagnostic rerun.
# f(X^q+) = n(X^q+)/n_X,gas, linear fractions; no renormalization over ion stages.
# Molecules can make the sum below 1; absent elements have density=0 and all fractions=0.
# depth_index is zero-based; z_cm is the DAO cell midpoint measured inward from the top.
# tau_ref uses n_e,ref=1.21*nH; n_e_cm-3 is the local Cloudy electron density.
# Ion columns run from neutral (I, q=0) to fully stripped; spectroscopic stage = q+1.
# depth_index z_cm tau_ref T_K n_e_cm-3 n_Fe_gas_cm-3 Fe_I Fe_II Fe_III Fe_IV Fe_V Fe_VI Fe_VII Fe_VIII Fe_IX Fe_X Fe_XI Fe_XII Fe_XIII Fe_XIV Fe_XV Fe_XVI Fe_XVII Fe_XVIII Fe_XIX Fe_XX Fe_XXI Fe_XXII Fe_XXIII Fe_XXIV Fe_XXV Fe_XXVI Fe_XXVII
0 6.2115851768001058e+01 5.0000000000000002e-05 1.0540585000000000e+07 1.2119973758010391e+18 3.2399998058496000e+13 0.0000000000000000e+00 0.0000000000000000e+00 0.0000000000000000e+00 0.0000000000000000e+00 0.0000000000000000e+00 0.0000000000000000e+00 0.0000000000000000e+00 0.0000000000000000e+00 0.0000000000000000e+00 0.0000000000000000e+00 0.0000000000000000e+00 0.0000000000000000e+00 0.0000000000000000e+00 0.0000000000000000e+00 0.0000000000000000e+00 0.0000000000000000e+00 0.0000000000000000e+00 3.5949973767639722e-10 1.5353100842842798e-08 4.7530601613606577e-07 9.4332420467492947e-06 1.3223751903517506e-04 2.3171892588528462e-03 2.8711339502196929e-02 3.2176239357033870e-01 4.2985618390936731e-01 2.1721073524405898e-01
1 1.4031113014633468e+02 1.1294309435728921e-04 1.0534012000000000e+07 1.2119973415044180e+18 3.2399998058496000e+13 0.0000000000000000e+00 0.0000000000000000e+00 0.0000000000000000e+00 0.0000000000000000e+00 0.0000000000000000e+00 0.0000000000000000e+00 0.0000000000000000e+00 0.0000000000000000e+00 0.0000000000000000e+00 0.0000000000000000e+00 0.0000000000000000e+00 0.0000000000000000e+00 0.0000000000000000e+00 0.0000000000000000e+00 0.0000000000000000e+00 0.0000000000000000e+00 0.0000000000000000e+00 3.6102702254291957e-10 1.5410815931177801e-08 4.7686024462426152e-07 9.4592124186758873e-06 1.3251749929886589e-04 2.3205199138672437e-03 2.8744746682470391e-02 3.2195123435202500e-01 4.2990346692257103e-01 2.1693755528892381e-01
2 1.7663233408357269e+02 1.4217975690270158e-04 1.0530994000000000e+07 1.2119973334326564e+18 3.2399998058496000e+13 0.0000000000000000e+00 0.0000000000000000e+00 0.0000000000000000e+00 0.0000000000000000e+00 0.0000000000000000e+00 0.0000000000000000e+00 0.0000000000000000e+00 0.0000000000000000e+00 0.0000000000000000e+00 0.0000000000000000e+00 0.0000000000000000e+00 0.0000000000000000e+00 0.0000000000000000e+00 0.0000000000000000e+00 0.0000000000000000e+00 0.0000000000000000e+00 0.0000000000000000e+00 3.6172964708754643e-10 1.5437360107151124e-08 4.7757481256831505e-07 9.4711501971690124e-06 1.3264615510904447e-04 2.3220493401317310e-03 2.8760088984624316e-02 3.2203787133104367e-01 4.2992508571300225e-01 2.1681227634018216e-01
3 2.2235571341541106e+02 1.7898467708846383e-04 1.0527198000000000e+07 1.2119973238916966e+18 3.2399998058496000e+13 0.0000000000000000e+00 0.0000000000000000e+00 0.0000000000000000e+00 0.0000000000000000e+00 0.0000000000000000e+00 0.0000000000000000e+00 0.0000000000000000e+00 0.0000000000000000e+00 0.0000000000000000e+00 0.0000000000000000e+00 0.0000000000000000e+00 0.0000000000000000e+00 0.0000000000000000e+00 0.0000000000000000e+00 0.0000000000000000e+00 0.0000000000000000e+00 0.0000000000000000e+00 3.6261545010765004e-10 1.5470816899279409e-08 4.7847533731363518e-07 9.4861901980702539e-06 1.3280819363727282e-04 2.3239749659261324e-03 2.8779401878621106e-02 3.2214687146004445e-01 4.2995217392795881e-01 2.1665479575000471e-01
4 2.7991513300777171e+02 2.2531698836976251e-04 1.0522428000000000e+07 1.2119972944035261e+18 3.2399998058496000e+13 0.0000000000000000e+00 0.0000000000000000e+00 0.0000000000000000e+00 0.0000000000000000e+00 0.0000000000000000e+00 0.0000000000000000e+00 0.0000000000000000e+00 0.0000000000000000e+00 0.0000000000000000e+00 0.0000000000000000e+00 0.0000000000000000e+00 0.0000000000000000e+00 0.0000000000000000e+00 0.0000000000000000e+00 0.0000000000000000e+00 0.0000000000000000e+00 0.0000000000000000e+00 3.6373169320862819e-10 1.5512961963533262e-08 4.7960928799886884e-07 9.5051215572293681e-06 1.3301207710628024e-04 2.3263964100218499e-03 2.8803680540816699e-02 3.2228370416355251e-01 4.2998605846924853e-01 2.1645711974408530e-01
5 3.5237449257882690e+02 2.8364296918516406e-04 1.0516430000000000e+07 1.2119972785298816e+18 3.2399998058496000e+13 0.0000000000000000e+00 0.0000000000000000e+00 0.0000000000000000e+00 0.0000000000000000e+00 0.0000000000000000e+00 0.0000000000000000e+00 0.0000000000000000e+00 0.0000000000000000e+00 0.0000000000000000e+00 0.0000000000000000e+00 0.0000000000000000e+00 0.0000000000000000e+00 0.0000000000000000e+00 0.0000000000000000e+00 0.0000000000000000e+00 0.0000000000000000e+00 0.0000000000000000e+00 3.6514015720419419e-10 1.5566121688940972e-08 4.8103901030676429e-07 9.5289793364367744e-06 1.3326888304759473e-04 2.3294443904514073e-03 2.8834229623141115e-02 3.2245574831015816e-01 4.3002842223672538e-01 2.1620884347044242e-01
6 4.4359081870982038e+02 3.5706732346406941e-04 1.0508894000000000e+07 1.2119972589739881e+18 3.2399998058496000e+13 0.0000000000000000e+00 0.0000000000000000e+00 0.0000000000000000e+00 0.0000000000000000e+00 0.0000000000000000e+00 0.0000000000000000e+00 0.0000000000000000e+00 0.0000000000000000e+00 0.0000000000000000e+00 0.0000000000000000e+00 0.0000000000000000e+00 0.0000000000000000e+00 0.0000000000000000e+00 0.0000000000000000e+00 0.0000000000000000e+00 0.0000000000000000e+00 0.0000000000000000e+00 3.6691435434795393e-10 1.5633035273197546e-08 4.8283728201946036e-07 9.5589615604556205e-06 1.3359117442493209e-04 2.3332792074713246e-03 2.8872655162233810e-02 3.2267180676063589e-01 4.3008127176483052e-01 2.1589734518017159e-01
7 5.5841957516158823e+02 4.4949844465407278e-04 1.0499429000000000e+07 1.2119971487464302e+18 3.2399998058496000e+13 0.0000000000000000e+00 0.0000000000000000e+00 0.0000000000000000e+00 0.0000000000000000e+00 0.0000000000000000e+00 0.0000000000000000e+00 0.0000000000000000e+00 0.0000000000000000e+00 0.0000000000000000e+00 0.0000000000000000e+00 0.0000000000000000e+00 0.0000000000000000e+00 0.0000000000000000e+00 0.0000000000000000e+00 0.0000000000000000e+00 0.0000000000000000e+00 0.0000000000000000e+00 3.6915902388982368e-10 1.5717660085367282e-08 4.8511076981001540e-07 9.5968568713683944e-06 1.3399854630119487e-04 2.3381046497357879e-03 2.8920979874265375e-02 3.2294298018132989e-01 4.3014700194951000e-01 2.1550683150541283e-01
8 7.0297312020706443e+02 5.6585646030632127e-04 1.0487540000000000e+07 1.2119971009136955e+18 3.2399998058496000e+13 0.0000000000000000e+00 0.0000000000000000e+00 0.0000000000000000e+00 0.0000000000000000e+00 0.0000000000000000e+00 0.0000000000000000e+00 0.0000000000000000e+00 0.0000000000000000e+00 0.0000000000000000e+00 0.0000000000000000e+00 0.0000000000000000e+00 0.0000000000000000e+00 0.0000000000000000e+00 0.0000000000000000e+00 0.0000000000000000e+00 0.0000000000000000e+00 0.0000000000000000e+00 3.7199808189927098e-10 1.5824608394245078e-08 4.8798175763637450e-07 9.6446711952212246e-06 1.3451207917147346e-04 2.3441791192355906e-03 2.8981776654204792e-02 3.2328337904024612e-01 4.3022855786550823e-01 2.1501744746423562e-01
9 8.8494606871662586e+02 7.1233513147484959e-04 1.0472634000000000e+07 1.2119970449359926e+18 3.2399998058496000e+13 0.0000000000000000e+00 0.0000000000000000e+00 0.0000000000000000e+00 0.0000000000000000e+00 0.0000000000000000e+00 0.0000000000000000e+00 0.0000000000000000e+00 0.0000000000000000e+00 0.0000000000000000e+00 0.0000000000000000e+00 0.0000000000000000e+00 0.0000000000000000e+00 0.0000000000000000e+00 0.0000000000000000e+00 0.0000000000000000e+00 0.0000000000000000e+00 0.0000000000000000e+00 3.7558893537444916e-10 1.5959747291231888e-08 4.9160583192761390e-07 9.7049655198218941e-06 1.3515887427195973e-04 2.3518166426562165e-03 2.9058156439522437e-02 3.2370967051863025e-01 4.3032927294907419e-01 2.1440571336733180e-01
10 1.1140248780868551e+03 8.9673154788866998e-04 1.0453959000000000e+07 1.2119969796909389e+18 3.2399998058496000e+13 0.0000000000000000e+00 0.0000000000000000e+00 0.0000000000000000e+00 0.0000000000000000e+00 0.0000000000000000e+00 0.0000000000000000e+00 0.0000000000000000e+00 0.0000000000000000e+00 0.0000000000000000e+00 0.0000000000000000e+00 0.0000000000000000e+00 0.0000000000000000e+00 0.0000000000000000e+00 0.0000000000000000e+00 0.0000000000000000e+00 0.0000000000000000e+00 0.0000000000000000e+00 3.8013722486889444e-10 1.6130705056105814e-08 4.9618484454768090e-07 9.7810465120352139e-06 1.3597382345659638e-04 2.3614187291575279e-03 2.9154087799345002e-02 3.2424308504540883e-01 4.3045296608833811e-01 2.1364217846725753e-01
11 1.4024034603557714e+03 1.1288611686382918e-03 1.0430580000000000e+07 1.2119968341425393e+18 3.2399998058496000e+13 0.0000000000000000e+00 0.0000000000000000e+00 0.0000000000000000e+00 0.0000000000000000e+00 0.0000000000000000e+00 0.0000000000000000e+00 0.0000000000000000e+00 0.0000000000000000e+00 0.0000000000000000e+00 0.0000000000000000e+00 0.0000000000000000e+00 0.0000000000000000e+00 0.0000000000000000e+00 0.0000000000000000e+00 0.0000000000000000e+00 0.0000000000000000e+00 0.0000000000000000e+00 3.8590905432951070e-10 1.6347319652419335e-08 5.0197783872197477e-07 9.8771423202626955e-06 1.3700128425890560e-04 2.3734915634612149e-03 2.9274560774465334e-02 3.2490977229523527e-01 4.3060387689639351e-01 2.1269090314309380e-01
12 1.7654322666432442e+03 1.4210803010775955e-03 1.0401373000000000e+07 1.2119967249708521e+18 3.2399998058496000e+13 0.0000000000000000e+00 0.0000000000000000e+00 0.0000000000000000e+00 0.0000000000000000e+00 0.0000000000000000e+00 0.0000000000000000e+00 0.0000000000000000e+00 0.0000000000000000e+00 0.0000000000000000e+00 0.0000000000000000e+00 0.0000000000000000e+00 0.0000000000000000e+00 0.0000000000000000e+00 0.0000000000000000e+00 0.0000000000000000e+00 0.0000000000000000e+00 0.0000000000000000e+00 3.9324399585773986e-10 1.6622066968265725e-08 5.0931123422314196e-07 9.9985428213645328e-06 1.3829635989206593e-04 2.3886568779502124e-03 2.9425653626976057e-02 3.2574089827886593e-01 4.3078621262287514e-01 2.1150973398984552e-01
13 2.2224353948145754e+03 1.7889438296002421e-03 1.0364948000000000e+07 1.2119965291888699e+18 3.2399998058496000e+13 0.0000000000000000e+00 0.0000000000000000e+00 0.0000000000000000e+00 0.0000000000000000e+00 0.0000000000000000e+00 0.0000000000000000e+00 0.0000000000000000e+00 0.0000000000000000e+00 0.0000000000000000e+00 0.0000000000000000e+00 0.0000000000000000e+00 0.0000000000000000e+00 0.0000000000000000e+00 0.0000000000000000e+00 0.0000000000000000e+00 0.0000000000000000e+00 0.0000000000000000e+00 4.0258796875672831e-10 1.6971227868818112e-08 5.1860836440988311e-07 1.0152058879946387e-05 1.3992941875535576e-04 2.4076979694615816e-03 2.9614994019556463e-02 3.2677449006030801e-01 4.3100395397320679e-01 2.1004824873881220e-01
14 2.7977392151758640e+03 2.2520332053283681e-03 1.0319650000000000e+07 1.2119963632971397e+18 3.2399998058496000e+13 0.0000000000000000e+00 0.0000000000000000e+00 0.0000000000000000e+00 0.0000000000000000e+00 0.0000000000000000e+00 0.0000000000000000e+00 0.0000000000000000e+00 0.0000000000000000e+00 0.0000000000000000e+00 0.0000000000000000e+00 0.0000000000000000e+00 0.0000000000000000e+00 0.0000000000000000e+00 0.0000000000000000e+00 0.0000000000000000e+00 0.0000000000000000e+00 0.0000000000000000e+00 4.1451910461578213e-10 1.7415734068293745e-08 5.3040873548736673e-07 1.0346291978005163e-05 1.4198838579231539e-04 2.4315763866949161e-03 2.9851852060416365e-02 3.2805520921260806e-01 4.3125946347987570e-01 2.0824901843247848e-01
15 3.5219672681580555e+03 2.8349987707746403e-03 1.0263510000000000e+07 1.2119960855911639e+18 3.2399998058496000e+13 0.0000000000000000e+00 0.0000000000000000e+00 0.0000000000000000e+00 0.0000000000000000e+00 0.0000000000000000e+00 0.0000000000000000e+00 0.0000000000000000e+00 0.0000000000000000e+00 0.0000000000000000e+00 0.0000000000000000e+00 0.0000000000000000e+00 0.0000000000000000e+00 0.0000000000000000e+00 0.0000000000000000e+00 0.0000000000000000e+00 0.0000000000000000e+00 0.0000000000000000e+00 4.2979772184223507e-10 1.7982848299807776e-08 5.4540799564542607e-07 1.0592207054469517e-05 1.4458398891081459e-04 2.4614771884866609e-03 3.0147546869246384e-02 3.2963483726973319e-01 4.3155241750829459e-01 2.0604797960428939e-01
16 4.4336703616591340e+03 3.5688719026333443e-03 1.0194349000000000e+07 1.2119957764713833e+18 3.2399998058496000e+13 0.0000000000000000e+00 0.0000000000000000e+00 0.0000000000000000e+00 0.0000000000000000e+00 0.0000000000000000e+00 0.0000000000000000e+00 0.0000000000000000e+00 0.0000000000000000e+00 0.0000000000000000e+00 0.0000000000000000e+00 0.0000000000000000e+00 0.0000000000000000e+00 0.0000000000000000e+00 0.0000000000000000e+00 0.0000000000000000e+00 0.0000000000000000e+00 0.0000000000000000e+00 4.4938982852362561e-10 1.8706756522198848e-08 5.6446639184919003e-07 1.0903158184213741e-05 1.4784881083484746e-04 2.4987763275118591e-03 3.0515017761389786e-02 3.3156855392881707e-01 4.3187669936476358e-01 2.0338161896648849e-01
17 5.5813786384605519e+03 4.4927168183305803e-03 1.0109326000000000e+07 1.2119953284829458e+18 3.2399998058496000e+13 0.0000000000000000e+00 0.0000000000000000e+00 0.0000000000000000e+00 0.0000000000000000e+00 0.0000000000000000e+00 0.0000000000000000e+00 0.0000000000000000e+00 0.0000000000000000e+00 0.0000000000000000e+00 0.0000000000000000e+00 0.0000000000000000e+00 0.0000000000000000e+00 0.0000000000000000e+00 0.0000000000000000e+00 0.0000000000000000e+00 0.0000000000000000e+00 0.0000000000000000e+00 4.7470371541618572e-10 1.9636854957562729e-08 5.8881552911073165e-07 1.1298075738742569e-05 1.5196909947680910e-04 2.5453751569708659e-03 3.0971718754682590e-02 3.3392655553184392e-01 4.3221894294082736e-01 2.0017352639301550e-01
18 7.0261848456876223e+03 5.6557099723352402e-03 1.0006560000000000e+07 1.2119948246780352e+18 3.2399998058496000e+13 0.0000000000000000e+00 0.0000000000000000e+00 0.0000000000000000e+00 0.0000000000000000e+00 0.0000000000000000e+00 0.0000000000000000e+00 0.0000000000000000e+00 0.0000000000000000e+00 0.0000000000000000e+00 0.0000000000000000e+00 0.0000000000000000e+00 0.0000000000000000e+00 0.0000000000000000e+00 0.0000000000000000e+00 0.0000000000000000e+00 0.0000000000000000e+00 0.0000000000000000e+00 5.0715425463625982e-10 2.0821110429761393e-08 6.1960701243732998e-07 1.1793874286970806e-05 1.5710246867330468e-04 2.6026986804058611e-03 3.1530593209900398e-02 3.3674528333334303e-01 4.3254924440061998e-01 1.9640266563569633e-01
19 8.8449963142774359e+03 7.1197577289231762e-03 9.8814890000000000e+06 1.2119942569891891e+18 3.2399998058496000e+13 0.0000000000000000e+00 0.0000000000000000e+00 0.0000000000000000e+00 0.0000000000000000e+00 0.0000000000000000e+00 0.0000000000000000e+00 0.0000000000000000e+00 0.0000000000000000e+00 0.0000000000000000e+00 0.0000000000000000e+00 0.0000000000000000e+00 0.0000000000000000e+00 0.0000000000000000e+00 0.0000000000000000e+00 0.0000000000000000e+00 0.0000000000000000e+00 0.0000000000000000e+00 5.4964382823061463e-10 2.2358961602160906e-08 6.5926090370239755e-07 1.2426774077982456e-05 1.6359676239579532e-04 2.6741233167846025e-03 3.2221795779714367e-02 3.4013011275493749e-01 4.3282543415741703e-01 1.9197184922796645e-01
20 1.1134628751988806e+04 8.9627916506530170e-03 9.7325970000000000e+06 1.2119935239380301e+18 3.2399998058496000e+13 0.0000000000000000e+00 0.0000000000000000e+00 0.0000000000000000e+00 0.0000000000000000e+00 0.0000000000000000e+00 0.0000000000000000e+00 0.0000000000000000e+00 0.0000000000000000e+00 0.0000000000000000e+00 0.0000000000000000e+00 0.0000000000000000e+00 0.0000000000000000e+00 0.0000000000000000e+00 0.0000000000000000e+00 0.0000000000000000e+00 0.0000000000000000e+00 0.0000000000000000e+00 6.0476466847946430e-10 2.4334544282272071e-08 7.0970022771252564e-07 1.3223417088682629e-05 1.7168699497935146e-04 2.7614758316486534e-03 3.3059762589433994e-02 3.4408984665740167e-01 4.3297527697133431e-01 1.8692800418498356e-01
21 1.4016959763396340e+04 1.1282916811435539e-02 9.5581810000000000e+06 1.2119927123879040e+18 3.2399998058496000e+13 0.0000000000000000e+00 0.0000000000000000e+00 0.0000000000000000e+00 0.0000000000000000e+00 0.0000000000000000e+00 0.0000000000000000e+00 0.0000000000000000e+00 0.0000000000000000e+00 0.0000000000000000e+00 0.0000000000000000e+00 0.0000000000000000e+00 0.0000000000000000e+00 0.0000000000000000e+00 0.0000000000000000e+00 0.0000000000000000e+00 0.0000000000000000e+00 0.0000000000000000e+00 6.7614484764050225e-10 2.6863900143715110e-08 7.7353986116761528e-07 1.4219535666891524e-05 1.8168829928236297e-04 2.8671647742781444e-03 3.4063268490554695e-02 3.4862998682871954e-01 4.3290585735235970e-01 1.8133702250872083e-01
22 1.7645416419795660e+04 1.4203633949752650e-02 9.3583020000000000e+06 1.2119917446154337e+18 3.2399998058496000e+13 0.0000000000000000e+00 0.0000000000000000e+00 0.0000000000000000e+00 0.0000000000000000e+00 0.0000000000000000e+00 0.0000000000000000e+00 0.0000000000000000e+00 0.0000000000000000e+00 0.0000000000000000e+00 0.0000000000000000e+00 0.0000000000000000e+00 0.0000000000000000e+00 0.0000000000000000e+00 0.0000000000000000e+00 0.0000000000000000e+00 0.0000000000000000e+00 1.3374180779061037e-11 7.5444231951397476e-10 3.0070732897606425e-08 8.5343233509081150e-07 1.5449086357853794e-05 1.9388309705014841e-04 2.9928839166264228e-03 3.5242876106919285e-02 3.5370337970952243e-01 4.3251076424819068e-01 1.7533987942540363e-01
23 2.2213142213697181e+04 1.7880413438313557e-02 9.1275290000000000e+06 1.2119906142526308e+18 3.2399998058496000e+13 0.0000000000000000e+00 0.0000000000000000e+00 0.0000000000000000e+00 0.0000000000000000e+00 0.0000000000000000e+00 0.0000000000000000e+00 0.0000000000000000e+00 0.0000000000000000e+00 0.0000000000000000e+00 0.0000000000000000e+00 0.0000000000000000e+00 0.0000000000000000e+00 0.0000000000000000e+00 0.0000000000000000e+00 0.0000000000000000e+00 0.0000000000000000e+00 1.5730283173702654e-11 8.7301322987912584e-10 3.4239481218397834e-08 9.5576055109916465e-07 1.6999457808781337e-05 2.0906750092300583e-04 3.1451132827854944e-03 3.6650484290032773e-02 3.5941015784111913e-01 4.3164850461726229e-01 1.6891867794235460e-01
24 2.7963278126572524e+04 2.2508971003902256e-02 8.8883940000000000e+06 1.2119894626824325e+18 3.2399998058496000e+13 0.0000000000000000e+00 0.0000000000000000e+00 0.0000000000000000e+00 0.0000000000000000e+00 0.0000000000000000e+00 0.0000000000000000e+00 0.0000000000000000e+00 0.0000000000000000e+00 0.0000000000000000e+00 0.0000000000000000e+00 0.0000000000000000e+00 0.0000000000000000e+00 0.0000000000000000e+00 0.0000000000000000e+00 0.0000000000000000e+00 0.0000000000000000e+00 1.8542172837967560e-11 1.0125111524936559e-09 3.9075091076063139e-08 1.0727338914418871e-06 1.8744295444201376e-05 2.2597126094827492e-04 3.3095876669622746e-03 3.8152452182504272e-02 3.6513590095953125e-01 4.3034836738972460e-01 1.6280785821025023e-01
25 3.5201905073199538e+04 2.8335685715682145e-02 8.6349610000000000e+06 1.2119881054248410e+18 3.2399998058496000e+13 0.0000000000000000e+00 0.0000000000000000e+00 0.0000000000000000e+00 0.0000000000000000e+00 0.0000000000000000e+00 0.0000000000000000e+00 0.0000000000000000e+00 0.0000000000000000e+00 0.0000000000000000e+00 0.0000000000000000e+00 0.0000000000000000e+00 0.0000000000000000e+00 0.0000000000000000e+00 0.0000000000000000e+00 0.0000000000000000e+00 0.0000000000000000e+00 2.1995991050052205e-11 1.1814614182117924e-09 4.4850245743115170e-08 1.2104166157416266e-06 2.0766527664144953e-05 2.4539537272950918e-04 3.4930475179557325e-03 3.9804222434569665e-02 3.7104731324067414e-01 4.2854857072286312e-01 1.5683940533309670e-01
26 4.4314336651574762e+04 3.5670714793613501e-02 8.3863940000000000e+06 1.2119868552487299e+18 3.2399998058496000e+13 0.0000000000000000e+00 0.0000000000000000e+00 0.0000000000000000e+00 0.0000000000000000e+00 0.0000000000000000e+00 0.0000000000000000e+00 0.0000000000000000e+00 0.0000000000000000e+00 0.0000000000000000e+00 0.0000000000000000e+00 0.0000000000000000e+00 0.0000000000000000e+00 0.0000000000000000e+00 0.0000000000000000e+00 0.0000000000000000e+00 0.0000000000000000e+00 2.5833304342728106e-11 1.3670009499703028e-09 5.1118999976782188e-08 1.3580568715022485e-06 2.2906316434342746e-05 2.6586451765978471e-04 3.6808627825435127e-03 4.1477583159039925e-02 3.7669758477332926e-01 4.2642452456299135e-01 1.5142925448248468e-01
27 5.5785629464815043e+04 4.4904503340927368e-02 8.1306620000000000e+06 1.2119854951265372e+18 3.2399998058496000e+13 0.0000000000000000e+00 0.0000000000000000e+00 0.0000000000000000e+00 0.0000000000000000e+00 0.0000000000000000e+00 0.0000000000000000e+00 0.0000000000000000e+00 0.0000000000000000e+00 0.0000000000000000e+00 0.0000000000000000e+00 0.0000000000000000e+00 0.0000000000000000e+00 0.0000000000000000e+00 0.0000000000000000e+00 0.0000000000000000e+00 0.0000000000000000e+00 3.0320408652501187e-11 1.5817645382639560e-09 5.8300022783633563e-08 1.5253182395497365e-06 2.5301085960560481e-05 2.8875828298226426e-04 3.8854822673975112e-03 4.3277424325657177e-02 3.8245109573933123e-01 4.2387826472053536e-01 1.4619208631878150e-01
28 7.0226402783692552e+04 5.6528567817104011e-02 7.8836225000000000e+06 1.2119840662185516e+18 3.2399998058496000e+13 0.0000000000000000e+00 0.0000000000000000e+00 0.0000000000000000e+00 0.0000000000000000e+00 0.0000000000000000e+00 0.0000000000000000e+00 0.0000000000000000e+00 0.0000000000000000e+00 0.0000000000000000e+00 0.0000000000000000e+00 0.0000000000000000e+00 0.0000000000000000e+00 0.0000000000000000e+00 0.0000000000000000e+00 0.0000000000000000e+00 0.0000000000000000e+00 3.5097981771582176e-11 1.8091025148496841e-09 6.5852843452270344e-08 1.6999849166829480e-06 2.7780683146182328e-05 3.1259182120056391e-04 4.0935337959139579e-03 4.5091104916313594e-02 3.8799751293292356e-01 4.2110798501675423e-01 1.4136771407117230e-01
29 8.8405341935739183e+04 7.1161659559888027e-02 7.6477275000000000e+06 1.2119826675137536e+18 3.2399998058496000e+13 0.0000000000000000e+00 0.0000000000000000e+00 0.0000000000000000e+00 0.0000000000000000e+00 0.0000000000000000e+00 0.0000000000000000e+00 0.0000000000000000e+00 0.0000000000000000e+00 0.0000000000000000e+00 0.0000000000000000e+00 0.0000000000000000e+00 0.0000000000000000e+00 0.0000000000000000e+00 0.0000000000000000e+00 0.0000000000000000e+00 0.0000000000000000e+00 4.0014086962100594e-11 2.0428581953307825e-09 7.3604309966143896e-08 1.8787462854195502e-06 3.0307018112382619e-05 3.3714143254819258e-04 4.3039668198817530e-03 4.6912257420504179e-02 3.9338826189002729e-01 4.1816352517809124e-01 1.3686257498047028e-01
30 1.1129011558299306e+05 8.9582701045986549e-02 7.4333895000000000e+06 1.2119813735450819e+18 3.2399998058496000e+13 0.0000000000000000e+00 0.0000000000000000e+00 0.0000000000000000e+00 0.0000000000000000e+00 0.0000000000000000e+00 0.0000000000000000e+00 0.0000000000000000e+00 0.0000000000000000e+00 0.0000000000000000e+00 0.0000000000000000e+00 0.0000000000000000e+00 0.0000000000000000e+00 0.0000000000000000e+00 0.0000000000000000e+00 0.0000000000000000e+00 0.0000000000000000e+00 4.4622408316941416e-11 2.2637740071798239e-09 8.0972682321258849e-08 2.0494346907094338e-06 3.2724481960947918e-05 3.6106182114206697e-04 4.5067921554924383e-03 4.8662594631562410e-02 3.9851272430870521e-01 4.1518974404581943e-01 1.3273225328704324e-01
31 1.4009888492347911e+05 1.1277224809436727e-01 7.2319610000000000e+06 1.2119800105187794e+18 3.2399998058496000e+13 0.0000000000000000e+00 0.0000000000000000e+00 0.0000000000000000e+00 0.0000000000000000e+00 0.0000000000000000e+00 0.0000000000000000e+00 0.0000000000000000e+00 0.0000000000000000e+00 0.0000000000000000e+00 0.0000000000000000e+00 0.0000000000000000e+00 0.0000000000000000e+00 0.0000000000000000e+00 0.0000000000000000e+00 0.0000000000000000e+00 0.0000000000000000e+00 4.9212714542941457e-11 2.4864461848748522e-09 8.8460113325483447e-08 2.2239727258596278e-06 3.5204857418221340e-05 3.8600870658757553e-04 4.7175505839241764e-03 5.0463382429347496e-02 4.0379427895605580e-01 4.1198126311084166e-01 1.2862002276704596e-01
32 1.7636514666179102e+05 1.4196468505374779e-01 7.0296270000000000e+06 1.2119785575887053e+18 3.2399998058496000e+13 0.0000000000000000e+00 0.0000000000000000e+00 0.0000000000000000e+00 0.0000000000000000e+00 0.0000000000000000e+00 0.0000000000000000e+00 0.0000000000000000e+00 0.0000000000000000e+00 0.0000000000000000e+00 0.0000000000000000e+00 0.0000000000000000e+00 0.0000000000000000e+00 0.0000000000000000e+00 0.0000000000000000e+00 0.0000000000000000e+00 0.0000000000000000e+00 5.4663914055834943e-11 2.7520545630594117e-09 9.7397667873393876e-08 2.4320574296867045e-06 3.8150943520685476e-05 4.1575211577729614e-04 4.9682252932663354e-03 5.2547249355206632e-02 4.0987715284154730e-01 4.0811360324846274e-01 1.2403734082922820e-01
33 2.2201936135340543e+05 1.7871393133481800e-01 6.8426385000000000e+06 1.2119770380549929e+18 3.2399998058496000e+13 0.0000000000000000e+00 0.0000000000000000e+00 0.0000000000000000e+00 0.0000000000000000e+00 0.0000000000000000e+00 0.0000000000000000e+00 0.0000000000000000e+00 0.0000000000000000e+00 0.0000000000000000e+00 0.0000000000000000e+00 0.0000000000000000e+00 0.0000000000000000e+00 0.0000000000000000e+00 0.0000000000000000e+00 0.0000000000000000e+00 0.0000000000000000e+00 6.0941329679222167e-11 3.0599775174678576e-09 1.0777360985317576e-07 2.6734354688421498e-06 4.1554072613499946e-05 4.5004692079530546e-04 5.2574757283768564e-03 5.4876261390076571e-02 4.1674335188212608e-01 4.0358336629551606e-01 1.1904516404810686e-01
34 2.7949171221625002e+05 2.2497615685939132e-01 6.6563710000000000e+06 1.2119752458060841e+18 3.2399998058496000e+13 0.0000000000000000e+00 0.0000000000000000e+00 0.0000000000000000e+00 0.0000000000000000e+00 0.0000000000000000e+00 0.0000000000000000e+00 0.0000000000000000e+00 0.0000000000000000e+00 0.0000000000000000e+00 0.0000000000000000e+00 0.0000000000000000e+00 0.0000000000000000e+00 0.0000000000000000e+00 0.0000000000000000e+00 0.0000000000000000e+00 0.0000000000000000e+00 7.0073653629162536e-11 3.5032795309145438e-09 1.2250908141518122e-07 3.0110293162322675e-06 4.6229960301100399e-05 4.9616753590466835e-04 5.6427627045508135e-03 5.7828945592689175e-02 4.2527963484697878e-01 3.9766567550337961e-01 1.1303743811378512e-01
35 3.5184146428215504e+05 2.8321390938681934e-01 6.4557535000000000e+06 1.2119730555334385e+18 3.2399998058496000e+13 0.0000000000000000e+00 0.0000000000000000e+00 0.0000000000000000e+00 0.0000000000000000e+00 0.0000000000000000e+00 0.0000000000000000e+00 0.0000000000000000e+00 0.0000000000000000e+00 0.0000000000000000e+00 0.0000000000000000e+00 0.0000000000000000e+00 0.0000000000000000e+00 0.0000000000000000e+00 0.0000000000000000e+00 0.0000000000000000e+00 0.0000000000000000e+00 8.5941912574994655e-11 4.2573078361290184e-09 1.4698595016585834e-07 3.5575120650285156e-06 5.3586582964153247e-05 5.6635256332023974e-04 6.2140091032260349e-03 6.1945338862565529e-02 4.3649143730845280e-01 3.8934464190253643e-01 1.0538093150189815e-01
36 4.4291980970236979e+05 3.5652719643662667e-01 6.2405040000000000e+06 1.2119702411575649e+18 3.2399998058496000e+13 0.0000000000000000e+00 0.0000000000000000e+00 0.0000000000000000e+00 0.0000000000000000e+00 0.0000000000000000e+00 0.0000000000000000e+00 0.0000000000000000e+00 0.0000000000000000e+00 0.0000000000000000e+00 0.0000000000000000e+00 0.0000000000000000e+00 0.0000000000000000e+00 0.0000000000000000e+00 0.0000000000000000e+00 0.0000000000000000e+00 0.0000000000000000e+00 1.1562440912765867e-10 5.6328871045145941e-09 1.9037096819771593e-07 4.4956940965558050e-06 6.5768422706470858e-05 6.7791812852409752e-04 7.0852339179015428e-03 6.7788953743102620e-02 4.5102534880850365e-01 3.7758576753469991e-01 9.5766330455639315e-02
37 5.5757486749617732e+05 4.4881849932500789e-01 6.0017980000000000e+06 1.2119665924336640e+18 3.2399998058496000e+13 0.0000000000000000e+00 0.0000000000000000e+00 0.0000000000000000e+00 0.0000000000000000e+00 0.0000000000000000e+00 0.0000000000000000e+00 0.0000000000000000e+00 0.0000000000000000e+00 0.0000000000000000e+00 0.0000000000000000e+00 0.0000000000000000e+00 0.0000000000000000e+00 0.0000000000000000e+00 0.0000000000000000e+00 0.0000000000000000e+00 0.0000000000000000e+00 1.7834728874318194e-10 8.4458328749264910e-09 2.7577659059942448e-07 6.2660344495534240e-06 8.7676623525448008e-05 8.6849825648743328e-04 8.4835315384818033e-03 7.6374243075336370e-02 4.6956394705519389e-01 3.6075094357282100e-01 8.3864579508377057e-02
38 7.0190974992129859e+05 5.6500050304621841e-01 5.7296285000000000e+06 1.2119616689430346e+18 3.2399998058496000e+13 0.0000000000000000e+00 0.0000000000000000e+00 0.0000000000000000e+00 0.0000000000000000e+00 0.0000000000000000e+00 0.0000000000000000e+00 0.0000000000000000e+00 0.0000000000000000e+00 0.0000000000000000e+00 0.0000000000000000e+00 0.0000000000000000e+00 0.0000000000000000e+00 0.0000000000000000e+00 0.0000000000000000e+00 0.0000000000000000e+00 0.0000000000000000e+00 3.3398072148983311e-10 1.5116328066308995e-08 4.6791286754489829e-07 1.0022945785789794e-05 1.3119219354043731e-04 1.2220545680439454e-03 1.0854308616842086e-02 8.9345873332141057e-02 4.9216580990882375e-01 3.3663239958929475e-01 6.9637837685991993e-02
39 8.8360743239195179e+05 7.1125759950308010e-01 5.4137955000000000e+06 1.2119548844427538e+18 3.2399998058496000e+13 0.0000000000000000e+00 0.0000000000000000e+00 0.0000000000000000e+00 0.0000000000000000e+00 0.0000000000000000e+00 0.0000000000000000e+00 0.0000000000000000e+00 0.0000000000000000e+00 0.0000000000000000e+00 0.0000000000000000e+00 0.0000000000000000e+00 0.0000000000000000e+00 0.0000000000000000e+00 0.0000000000000000e+00 0.0000000000000000e+00 0.0000000000000000e+00 8.1962198457603681e-10 3.4620727383218542e-08 9.8890079999860675e-07 1.9397577458656610e-05 2.3005694218075537e-04 1.9520632004302011e-03 1.5160625832914065e-02 1.0946091183527155e-01 5.1708816511681299e-01 3.0251645956965789e-01 5.3571277734594136e-02
40 1.1123397198369743e+06 8.9537508395722876e-01 5.0456055000000000e+06 1.2119452157433252e+18 3.2399998058496000e+13 0.0000000000000000e+00 0.0000000000000000e+00 0.0000000000000000e+00 0.0000000000000000e+00 0.0000000000000000e+00 0.0000000000000000e+00 0.0000000000000000e+00 0.0000000000000000e+00 0.0000000000000000e+00 0.0000000000000000e+00 0.0000000000000000e+00 0.0000000000000000e+00 0.0000000000000000e+00 0.0000000000000000e+00 0.0000000000000000e+00 2.3614457213402007e-11 2.9185628195648576e-09 1.1214165795442832e-07 2.8434833802664925e-06 4.8965731329233435e-05 5.0221368737808278e-04 3.6993458572313204e-03 2.3739664972180694e-02 1.4141698743708786e-01 5.3813609649954885e-01 2.5558913695911517e-01 3.6864649478174825e-02
41 1.4002820788611877e+06 1.1271535678937130e+00 4.6099170000000000e+06 1.2119305213027021e+18 3.2399998058496000e+13 0.0000000000000000e+00 0.0000000000000000e+00 0.0000000000000000e+00 0.0000000000000000e+00 0.0000000000000000e+00 0.0000000000000000e+00 0.0000000000000000e+00 0.0000000000000000e+00 0.0000000000000000e+00 0.0000000000000000e+00 0.0000000000000000e+00 0.0000000000000000e+00 0.0000000000000000e+00 0.0000000000000000e+00 0.0000000000000000e+00 1.6175014933612434e-10 1.8478284286285889e-08 6.0963954270424726e-07 1.2928145959877997e-05 1.8299868750903345e-04 1.5077206236804204e-03 8.9105987285173788e-03 4.3249296434588955e-02 1.9300731809001481e-01 5.3817881626507169e-01 1.9362604269400421e-01 2.1323666028394535e-02
42 1.7627617403316170e+06 1.4189306675817837e+00 4.0613112500000000e+06 1.2119036211794063e+18 3.2399998058496000e+13 0.0000000000000000e+00 0.0000000000000000e+00 0.0000000000000000e+00 0.0000000000000000e+00 0.0000000000000000e+00 0.0000000000000000e+00 0.0000000000000000e+00 0.0000000000000000e+00 0.0000000000000000e+00 0.0000000000000000e+00 0.0000000000000000e+00 0.0000000000000000e+00 0.0000000000000000e+00 0.0000000000000000e+00 0.0000000000000000e+00 2.9902445949289412e-09 3.0418384538809111e-07 7.9241960303968600e-06 1.2648289943108194e-04 1.3058443212130239e-03 7.5381610284990675e-03 3.0735827572152229e-02 9.6000706623757898e-02 2.6972311701791701e-01 4.6960763772447861e-01 1.1603219076731366e-01 8.9217873830149969e-03
43 2.2190735710222470e+06 1.7862377379210321e+00 3.2676892500000000e+06 1.2118285208230689e+18 3.2399998058496000e+13 0.0000000000000000e+00 0.0000000000000000e+00 0.0000000000000000e+00 0.0000000000000000e+00 0.0000000000000000e+00 0.0000000000000000e+00 0.0000000000000000e+00 0.0000000000000000e+00 0.0000000000000000e+00 0.0000000000000000e+00 0.0000000000000000e+00 0.0000000000000000e+00 0.0000000000000000e+00 0.0000000000000000e+00 9.4009103653019394e-10 3.7170307782910530e-07 3.2059581180364352e-05 5.5425602531142867e-04 5.2082144987583108e-03 2.9237676545094630e-02 8.3569845489728067e-02 1.5881767029312166e-01 2.1698538848092591e-01 2.6177165793403462e-01 2.1169548406122313e-01 3.0702125075317860e-02 1.4252635876282394e-03
44 2.7935071433324022e+06 2.2486266096502892e+00 2.2743575000000000e+06 1.2115893446222710e+18 3.2399998058496000e+13 0.0000000000000000e+00 0.0000000000000000e+00 0.0000000000000000e+00 0.0000000000000000e+00 0.0000000000000000e+00 0.0000000000000000e+00 0.0000000000000000e+00 0.0000000000000000e+00 0.0000000000000000e+00 0.0000000000000000e+00 0.0000000000000000e+00 0.0000000000000000e+00 0.0000000000000000e+00 3.8325211399775123e-09 1.7669075132857409e-06 3.9846617301307619e-04 2.7297527648588244e-02 1.7109562217551960e-01 3.1804836304654843e-01 2.7843610446743244e-01 1.3452194446391647e-01 4.8488066589499237e-02 1.5126321578018947e-02 4.8338183321258530e-03 1.6346655320280763e-03 1.1467927600772448e-04 2.6397529976879938e-06
45 3.5166396742106602e+06 2.8307103373105917e+00 1.6382130000000000e+06 1.2113210026347384e+18 3.2399998058496000e+13 0.0000000000000000e+00 0.0000000000000000e+00 0.0000000000000000e+00 0.0000000000000000e+00 0.0000000000000000e+00 0.0000000000000000e+00 0.0000000000000000e+00 0.0000000000000000e+00 0.0000000000000000e+00 0.0000000000000000e+00 0.0000000000000000e+00 0.0000000000000000e+00 1.0716901022077993e-09 3.6281073161723726e-07 9.0571059254446724e-05 1.0882312110865818e-02 5.5668715467784990e-01 3.4708945382973960e-01 7.2978588076796941e-02 1.0771705945225623e-02 1.3314837657123783e-03 1.4848002469983215e-04 1.7144056335964628e-05 2.2996574217529037e-06 4.8224695890465935e-07 0.0000000000000000e+00 0.0000000000000000e+00
46 4.4269636566885682e+06 3.5634733571898920e+00 1.1493781250000000e+06 1.2110216331303706e+18 3.2399998058496000e+13 0.0000000000000000e+00 0.0000000000000000e+00 0.0000000000000000e+00 0.0000000000000000e+00 0.0000000000000000e+00 0.0000000000000000e+00 0.0000000000000000e+00 0.0000000000000000e+00 0.0000000000000000e+00 0.0000000000000000e+00 0.0000000000000000e+00 9.5854154097921438e-11 3.1781749589641786e-08 5.0274896839781279e-06 5.7375538845519695e-04 3.0957286674805431e-02 9.1087006375536639e-01 4.9390719862354326e-02 7.8380954504226434e-03 3.3220865990692724e-04 3.1422401882923423e-05 1.4081535807382170e-06 0.0000000000000000e+00 0.0000000000000000e+00 0.0000000000000000e+00 0.0000000000000000e+00 0.0000000000000000e+00
47 5.5729358231847743e+06 4.4859207952257929e+00 8.1056625000000000e+05 1.2104907751111956e+18 3.2399998058496000e+13 0.0000000000000000e+00 0.0000000000000000e+00 0.0000000000000000e+00 0.0000000000000000e+00 0.0000000000000000e+00 0.0000000000000000e+00 0.0000000000000000e+00 0.0000000000000000e+00 0.0000000000000000e+00 0.0000000000000000e+00 9.5783196766882184e-11 2.1404356992489034e-08 2.5945374394229882e-06 1.4481132324542479e-04 5.5361109490241218e-03 9.4572434372245662e-02 8.8996495231600359e-01 7.6910369053141640e-03 2.0684832844434743e-03 1.7261265231877022e-05 2.3106265950631247e-06 0.0000000000000000e+00 0.0000000000000000e+00 0.0000000000000000e+00 0.0000000000000000e+00 0.0000000000000000e+00 0.0000000000000000e+00
