# O ion fractions at final convergence; hash=fe48cbde iteration=19
# Atomic state from the last accepted-temperature Cloudy pass (preceding outer J); no diagnostic rerun.
# f(X^q+) = n(X^q+)/n_X,gas, linear fractions; no renormalization over ion stages.
# Molecules can make the sum below 1; absent elements have density=0 and all fractions=0.
# depth_index is zero-based; z_cm is the DAO cell midpoint measured inward from the top.
# tau_ref uses n_e,ref=1.21*nH; n_e_cm-3 is the local Cloudy electron density.
# Ion columns run from neutral (I, q=0) to fully stripped; spectroscopic stage = q+1.
# depth_index z_cm tau_ref T_K n_e_cm-3 n_O_gas_cm-3 O_I O_II O_III O_IV O_V O_VI O_VII O_VIII O_IX
0 6.2115851768001058e+01 5.0000000000000002e-05 1.0540585000000000e+07 1.2119973758010391e+18 7.4099997016064000e+14 0.0000000000000000e+00 0.0000000000000000e+00 0.0000000000000000e+00 0.0000000000000000e+00 0.0000000000000000e+00 0.0000000000000000e+00 1.4709969496609599e-07 9.6203349545271764e-04 9.9903783454811557e-01
1 1.4031113014633468e+02 1.1294309435728921e-04 1.0534012000000000e+07 1.2119973415044180e+18 7.4099997016064000e+14 0.0000000000000000e+00 0.0000000000000000e+00 0.0000000000000000e+00 0.0000000000000000e+00 0.0000000000000000e+00 0.0000000000000000e+00 1.4725299684343786e-07 9.6257104987112563e-04 9.9903729115648232e-01
2 1.7663233408357269e+02 1.4217975690270158e-04 1.0530994000000000e+07 1.2119973334326564e+18 7.4099997016064000e+14 0.0000000000000000e+00 0.0000000000000000e+00 0.0000000000000000e+00 0.0000000000000000e+00 0.0000000000000000e+00 0.0000000000000000e+00 1.4732334792642782e-07 9.6281771641817070e-04 9.9903701946066570e-01
3 2.2235571341541106e+02 1.7898467708846383e-04 1.0527198000000000e+07 1.2119973238916966e+18 7.4099997016064000e+14 0.0000000000000000e+00 0.0000000000000000e+00 0.0000000000000000e+00 0.0000000000000000e+00 0.0000000000000000e+00 0.0000000000000000e+00 1.4741186980052133e-07 9.6312806167223345e-04 9.9903674776484908e-01
4 2.7991513300777171e+02 2.2531698836976251e-04 1.0522428000000000e+07 1.2119972944035261e+18 7.4099997016064000e+14 0.0000000000000000e+00 0.0000000000000000e+00 0.0000000000000000e+00 0.0000000000000000e+00 0.0000000000000000e+00 0.0000000000000000e+00 1.4752323742347090e-07 9.6351818219536558e-04 9.9903629493848811e-01
5 3.5237449257882690e+02 2.8364296918516406e-04 1.0516430000000000e+07 1.2119972785298816e+18 7.4099997016064000e+14 0.0000000000000000e+00 0.0000000000000000e+00 0.0000000000000000e+00 0.0000000000000000e+00 0.0000000000000000e+00 0.0000000000000000e+00 1.4766344294512887e-07 9.6400930422323975e-04 9.9903584211212704e-01
6 4.4359081870982038e+02 3.5706732346406941e-04 1.0508894000000000e+07 1.2119972589739881e+18 7.4099997016064000e+14 0.0000000000000000e+00 0.0000000000000000e+00 0.0000000000000000e+00 0.0000000000000000e+00 0.0000000000000000e+00 0.0000000000000000e+00 1.4783991447445329e-07 9.6462698768131163e-04 9.9903520815522162e-01
7 5.5841957516158823e+02 4.4949844465407278e-04 1.0499429000000000e+07 1.2119971487464302e+18 7.4099997016064000e+14 0.0000000000000000e+00 0.0000000000000000e+00 0.0000000000000000e+00 0.0000000000000000e+00 0.0000000000000000e+00 0.0000000000000000e+00 1.4806192634977245e-07 9.6540377946427924e-04 9.9903448363304403e-01
8 7.0297312020706443e+02 5.6585646030632127e-04 1.0487540000000000e+07 1.2119971009136955e+18 7.4099997016064000e+14 0.0000000000000000e+00 0.0000000000000000e+00 0.0000000000000000e+00 0.0000000000000000e+00 0.0000000000000000e+00 0.0000000000000000e+00 1.4834148447081270e-07 9.6638107073170401e-04 9.9903348741504983e-01
9 8.8494606871662586e+02 7.1233513147484959e-04 1.0472634000000000e+07 1.2119970449359926e+18 7.4099997016064000e+14 0.0000000000000000e+00 0.0000000000000000e+00 0.0000000000000000e+00 0.0000000000000000e+00 0.0000000000000000e+00 0.0000000000000000e+00 1.4869300238964103e-07 9.6760874313741652e-04 9.9903221950123888e-01
10 1.1140248780868551e+03 8.9673154788866998e-04 1.0453959000000000e+07 1.2119969796909389e+18 7.4099997016064000e+14 0.0000000000000000e+00 0.0000000000000000e+00 0.0000000000000000e+00 0.0000000000000000e+00 0.0000000000000000e+00 0.0000000000000000e+00 1.4913519073744276e-07 9.6915109448697490e-04 9.9903067989161143e-01
11 1.4024034603557714e+03 1.1288611686382918e-03 1.0430580000000000e+07 1.2119968341425393e+18 7.4099997016064000e+14 0.0000000000000000e+00 0.0000000000000000e+00 0.0000000000000000e+00 0.0000000000000000e+00 0.0000000000000000e+00 0.0000000000000000e+00 1.4969127316081773e-07 9.7108781160680003e-04 9.9902877802089518e-01
12 1.7654322666432442e+03 1.4210803010775955e-03 1.0401373000000000e+07 1.2119967249708521e+18 7.4099997016064000e+14 0.0000000000000000e+00 0.0000000000000000e+00 0.0000000000000000e+00 0.0000000000000000e+00 0.0000000000000000e+00 0.0000000000000000e+00 1.5039015235425566e-07 9.7351706583687742e-04 9.9902633275854569e-01
13 2.2224353948145754e+03 1.7889438296002421e-03 1.0364948000000000e+07 1.2119965291888699e+18 7.4099997016064000e+14 0.0000000000000000e+00 0.0000000000000000e+00 0.0000000000000000e+00 0.0000000000000000e+00 0.0000000000000000e+00 0.0000000000000000e+00 1.5126815913306546e-07 9.7656143868821632e-04 9.9902325353929089e-01
14 2.7977392151758640e+03 2.2520332053283681e-03 1.0319650000000000e+07 1.2119963632971397e+18 7.4099997016064000e+14 0.0000000000000000e+00 0.0000000000000000e+00 0.0000000000000000e+00 0.0000000000000000e+00 0.0000000000000000e+00 0.0000000000000000e+00 1.5237014289789928e-07 9.8037092889290286e-04 9.9901944979785828e-01
15 3.5219672681580555e+03 2.8349987707746403e-03 1.0263510000000000e+07 1.2119960855911639e+18 7.4099997016064000e+14 0.0000000000000000e+00 0.0000000000000000e+00 0.0000000000000000e+00 0.0000000000000000e+00 0.0000000000000000e+00 0.0000000000000000e+00 1.5375131787565461e-07 9.8512763986447816e-04 9.9901474040370375e-01
16 4.4336703616591340e+03 3.5688719026333443e-03 1.0194349000000000e+07 1.2119957764713833e+18 7.4099997016064000e+14 0.0000000000000000e+00 0.0000000000000000e+00 0.0000000000000000e+00 0.0000000000000000e+00 0.0000000000000000e+00 0.0000000000000000e+00 1.5547616186367080e-07 9.9104073846696542e-04 9.9900876309573838e-01
17 5.5813786384605519e+03 4.4927168183305803e-03 1.0109326000000000e+07 1.2119953284829458e+18 7.4099997016064000e+14 0.0000000000000000e+00 0.0000000000000000e+00 0.0000000000000000e+00 0.0000000000000000e+00 0.0000000000000000e+00 0.0000000000000000e+00 1.5763371514545318e-07 9.9839474470102599e-04 9.9900142730868990e-01
18 7.0261848456876223e+03 5.6557099723352402e-03 1.0006560000000000e+07 1.2119948246780352e+18 7.4099997016064000e+14 0.0000000000000000e+00 0.0000000000000000e+00 0.0000000000000000e+00 0.0000000000000000e+00 0.0000000000000000e+00 0.0000000000000000e+00 1.6029168379292221e-07 1.0073940495276569e-03 9.9899246134674180e-01
19 8.8449963142774359e+03 7.1197577289231762e-03 9.8814890000000000e+06 1.2119942569891891e+18 7.4099997016064000e+14 0.0000000000000000e+00 0.0000000000000000e+00 0.0000000000000000e+00 0.0000000000000000e+00 0.0000000000000000e+00 0.0000000000000000e+00 1.6361058229659313e-07 1.0185329589100832e-03 9.9898132181826083e-01
20 1.1134628751988806e+04 8.9627916506530170e-03 9.7325970000000000e+06 1.2119935239380301e+18 7.4099997016064000e+14 0.0000000000000000e+00 0.0000000000000000e+00 0.0000000000000000e+00 0.0000000000000000e+00 0.0000000000000000e+00 0.0000000000000000e+00 1.6753439931172556e-07 1.0320450498833519e-03 9.9896782759270264e-01
21 1.4016959763396340e+04 1.1282916811435539e-02 9.5581810000000000e+06 1.2119927123879040e+18 7.4099997016064000e+14 0.0000000000000000e+00 0.0000000000000000e+00 0.0000000000000000e+00 0.0000000000000000e+00 0.0000000000000000e+00 0.0000000000000000e+00 1.7207222691990847e-07 1.0482157268746105e-03 9.9895161640897823e-01
22 1.7645416419795660e+04 1.4203633949752650e-02 9.3583020000000000e+06 1.2119917446154337e+18 7.4099997016064000e+14 0.0000000000000000e+00 0.0000000000000000e+00 0.0000000000000000e+00 0.0000000000000000e+00 0.0000000000000000e+00 0.0000000000000000e+00 1.7744874236279867e-07 1.0671764156597319e-03 9.9893268826708781e-01
23 2.2213142213697181e+04 1.7880413438313557e-02 9.1275290000000000e+06 1.2119906142526308e+18 7.4099997016064000e+14 0.0000000000000000e+00 0.0000000000000000e+00 0.0000000000000000e+00 0.0000000000000000e+00 0.0000000000000000e+00 0.0000000000000000e+00 1.8393583928482217e-07 1.0897470680342174e-03 9.9891004694903707e-01
24 2.7963278126572524e+04 2.2508971003902256e-02 8.8883940000000000e+06 1.2119894626824325e+18 7.4099997016064000e+14 0.0000000000000000e+00 0.0000000000000000e+00 0.0000000000000000e+00 0.0000000000000000e+00 0.0000000000000000e+00 0.0000000000000000e+00 1.9078536974080010e-07 1.1134140554811913e-03 9.9888640941299212e-01
25 3.5201905073199538e+04 2.8335685715682145e-02 8.6349610000000000e+06 1.2119881054248410e+18 7.4099997016064000e+14 0.0000000000000000e+00 0.0000000000000000e+00 0.0000000000000000e+00 0.0000000000000000e+00 0.0000000000000000e+00 0.0000000000000000e+00 1.9822305945099326e-07 1.1389090640328173e-03 9.9886087000623092e-01
26 4.4314336651574762e+04 3.5670714793613501e-02 8.3863940000000000e+06 1.2119868552487299e+18 7.4099997016064000e+14 0.0000000000000000e+00 0.0000000000000000e+00 0.0000000000000000e+00 0.0000000000000000e+00 0.0000000000000000e+00 0.0000000000000000e+00 2.0541792587493134e-07 1.1636600045814708e-03 9.9883614568691947e-01
27 5.5785629464815043e+04 4.4904503340927368e-02 8.1306620000000000e+06 1.2119854951265372e+18 7.4099997016064000e+14 0.0000000000000000e+00 0.0000000000000000e+00 0.0000000000000000e+00 0.0000000000000000e+00 0.0000000000000000e+00 0.0000000000000000e+00 2.1279291704916254e-07 1.1890970831982400e-03 9.9881069684543045e-01
28 7.0226402783692552e+04 5.6528567817104011e-02 7.8836225000000000e+06 1.2119840662185516e+18 7.4099997016064000e+14 0.0000000000000000e+00 0.0000000000000000e+00 0.0000000000000000e+00 0.0000000000000000e+00 0.0000000000000000e+00 0.0000000000000000e+00 2.1950100479373874e-07 1.2127766295013205e-03 9.9878696874411321e-01
29 8.8405341935739183e+04 7.1161659559888027e-02 7.6477275000000000e+06 1.2119826675137536e+18 7.4099997016064000e+14 0.0000000000000000e+00 0.0000000000000000e+00 0.0000000000000000e+00 0.0000000000000000e+00 0.0000000000000000e+00 0.0000000000000000e+00 2.2523182267165187e-07 1.2339931364825445e-03 9.9876577647041775e-01
30 1.1129011558299306e+05 8.9582701045986549e-02 7.4333895000000000e+06 1.2119813735450819e+18 7.4099997016064000e+14 0.0000000000000000e+00 0.0000000000000000e+00 0.0000000000000000e+00 0.0000000000000000e+00 0.0000000000000000e+00 0.0000000000000000e+00 2.2923566455570560e-07 1.2507835311127936e-03 9.9874902189506021e-01
31 1.4009888492347911e+05 1.1277224809436727e-01 7.2319610000000000e+06 1.2119800105187794e+18 7.4099997016064000e+14 0.0000000000000000e+00 0.0000000000000000e+00 0.0000000000000000e+00 0.0000000000000000e+00 0.0000000000000000e+00 0.0000000000000000e+00 2.3187741428857176e-07 1.2643670837461599e-03 9.9873543710422974e-01
32 1.7636514666179102e+05 1.4196468505374779e-01 7.0296270000000000e+06 1.2119785575887053e+18 7.4099997016064000e+14 0.0000000000000000e+00 0.0000000000000000e+00 0.0000000000000000e+00 0.0000000000000000e+00 0.0000000000000000e+00 0.0000000000000000e+00 2.3408930092039198e-07 1.2773690375220978e-03 9.9872239570503252e-01
33 2.2201936135340543e+05 1.7871393133481800e-01 6.8426385000000000e+06 1.2119770380549929e+18 7.4099997016064000e+14 0.0000000000000000e+00 0.0000000000000000e+00 0.0000000000000000e+00 0.0000000000000000e+00 0.0000000000000000e+00 0.0000000000000000e+00 2.3498403001135039e-07 1.2876612854291344e-03 9.9871207126400141e-01
34 2.7949171221625002e+05 2.2497615685939132e-01 6.6563710000000000e+06 1.2119752458060841e+18 7.4099997016064000e+14 0.0000000000000000e+00 0.0000000000000000e+00 0.0000000000000000e+00 0.0000000000000000e+00 0.0000000000000000e+00 0.0000000000000000e+00 2.3580395641816768e-07 1.2989898158502359e-03 9.9870075060497598e-01
35 3.5184146428215504e+05 2.8321390938681934e-01 6.4557535000000000e+06 1.2119730555334385e+18 7.4099997016064000e+14 0.0000000000000000e+00 0.0000000000000000e+00 0.0000000000000000e+00 0.0000000000000000e+00 0.0000000000000000e+00 0.0000000000000000e+00 2.3813830602623627e-07 1.3161090402481126e-03 9.9868363376852964e-01
36 4.4291980970236979e+05 3.5652719643662667e-01 6.2405040000000000e+06 1.2119702411575649e+18 7.4099997016064000e+14 0.0000000000000000e+00 0.0000000000000000e+00 0.0000000000000000e+00 0.0000000000000000e+00 0.0000000000000000e+00 0.0000000000000000e+00 2.4292238732933645e-07 1.3419555198854168e-03 9.9865782266595182e-01
37 5.5757486749617732e+05 4.4881849932500789e-01 6.0017980000000000e+06 1.2119665924336640e+18 7.4099997016064000e+14 0.0000000000000000e+00 0.0000000000000000e+00 0.0000000000000000e+00 0.0000000000000000e+00 0.0000000000000000e+00 0.0000000000000000e+00 2.5211079390992664e-07 1.3823887571195624e-03 9.9861733998927704e-01
38 7.0190974992129859e+05 5.6500050304621841e-01 5.7296285000000000e+06 1.2119616689430346e+18 7.4099997016064000e+14 0.0000000000000000e+00 0.0000000000000000e+00 0.0000000000000000e+00 0.0000000000000000e+00 0.0000000000000000e+00 0.0000000000000000e+00 2.6862626617833823e-07 1.4457572957685188e-03 9.9855394429873501e-01
39 8.8360743239195179e+05 7.1125759950308010e-01 5.4137955000000000e+06 1.2119548844427538e+18 7.4099997016064000e+14 0.0000000000000000e+00 0.0000000000000000e+00 0.0000000000000000e+00 0.0000000000000000e+00 0.0000000000000000e+00 0.0000000000000000e+00 2.9722041730844682e-07 1.5445431352768943e-03 9.9845513758676152e-01
40 1.1123397198369743e+06 8.9537508395722876e-01 5.0456055000000000e+06 1.2119452157433252e+18 7.4099997016064000e+14 0.0000000000000000e+00 0.0000000000000000e+00 0.0000000000000000e+00 0.0000000000000000e+00 0.0000000000000000e+00 0.0000000000000000e+00 3.4650636865011807e-07 1.6989445424121698e-03 9.9830072379765544e-01
41 1.4002820788611877e+06 1.1271535678937130e+00 4.6099170000000000e+06 1.2119305213027021e+18 7.4099997016064000e+14 0.0000000000000000e+00 0.0000000000000000e+00 0.0000000000000000e+00 0.0000000000000000e+00 0.0000000000000000e+00 1.2572911812735558e-11 4.3123758821572693e-07 1.9485679040863956e-03 9.9805103534219186e-01
42 1.7627617403316170e+06 1.4189306675817837e+00 4.0613112500000000e+06 1.2119036211794063e+18 7.4099997016064000e+14 0.0000000000000000e+00 0.0000000000000000e+00 0.0000000000000000e+00 0.0000000000000000e+00 0.0000000000000000e+00 1.8335274141746808e-11 6.0162533056965567e-07 2.3910944111264869e-03 9.9760826172639150e-01
43 2.2190735710222470e+06 1.7862377379210321e+00 3.2676892500000000e+06 1.2118285208230689e+18 7.4099997016064000e+14 0.0000000000000000e+00 0.0000000000000000e+00 0.0000000000000000e+00 0.0000000000000000e+00 0.0000000000000000e+00 3.6103497055794934e-11 1.0578421370652259e-06 3.3337515373454956e-03 9.9666520554694182e-01
44 2.7935071433324022e+06 2.2486266096502892e+00 2.2743575000000000e+06 1.2115893446222710e+18 7.4099997016064000e+14 0.0000000000000000e+00 0.0000000000000000e+00 0.0000000000000000e+00 0.0000000000000000e+00 0.0000000000000000e+00 9.8458710770860890e-11 2.4487126492145996e-06 5.3855130856629739e-03 9.9461200026082797e-01
45 3.5166396742106602e+06 2.8307103373105917e+00 1.6382130000000000e+06 1.2113210026347384e+18 7.4099997016064000e+14 0.0000000000000000e+00 0.0000000000000000e+00 0.0000000000000000e+00 0.0000000000000000e+00 0.0000000000000000e+00 2.4161816130178765e-10 5.5267631483334344e-06 8.1805424078679485e-03 9.9181389561084465e-01
46 4.4269636566885682e+06 3.5634733571898920e+00 1.1493781250000000e+06 1.2110216331303706e+18 7.4099997016064000e+14 0.0000000000000000e+00 0.0000000000000000e+00 0.0000000000000000e+00 0.0000000000000000e+00 0.0000000000000000e+00 1.7693296854635560e-09 2.7713313245543227e-05 2.1308699598161888e-02 9.7866354639115505e-01
47 5.5729358231847743e+06 4.4859207952257929e+00 8.1056625000000000e+05 1.2104907751111956e+18 7.4099997016064000e+14 0.0000000000000000e+00 0.0000000000000000e+00 0.0000000000000000e+00 0.0000000000000000e+00 0.0000000000000000e+00 2.6353957123922643e-07 1.6165980686616082e-03 3.6069209075364794e-01 6.3769104744171223e-01
