# Depth profile  iter=19
# Fixed-T Cloudy: heating/cooling are diagnostics, not the temperature residual; see thermal_budget files.
# Col 1: depth index
# Col 2: tau_mid [reference Thomson depth, n_e,ref = 1.21*nH]
# Col 3: T_K [K]
# Col 4: n_e [cm^-3]
# Col 5: Cloudy heating diagnostic [erg cm^-3 s^-1]
# Col 6: cooling [erg cm^-3 s^-1]
# Col 7: log_xi = log10(4piJ) [erg cm^-2 s^-1] / nh
# Col 8: line_heat_Pdest [erg cm^-3 s^-1]
# Col 9: heating_plus_new_line_heat = heating + newly computed line_heat_Pdest [erg cm^-3 s^-1]
0  5.000000e-05  1.054058e+07  1.211997e+18  7.030753e+12  7.512298e+12  3.442493e+00  0.000000e+00  7.030753e+12
1  1.129431e-04  1.053401e+07  1.211997e+18  7.031288e+12  7.514172e+12  3.442521e+00  0.000000e+00  7.031288e+12
2  1.421798e-04  1.053099e+07  1.211997e+18  7.031529e+12  7.515072e+12  3.442534e+00  0.000000e+00  7.031529e+12
3  1.789847e-04  1.052720e+07  1.211997e+18  7.031832e+12  7.516203e+12  3.442551e+00  0.000000e+00  7.031832e+12
4  2.253170e-04  1.052243e+07  1.211997e+18  7.032213e+12  7.517630e+12  3.442571e+00  0.000000e+00  7.032213e+12
5  2.836430e-04  1.051643e+07  1.211997e+18  7.032693e+12  7.519421e+12  3.442597e+00  0.000000e+00  7.032693e+12
6  3.570673e-04  1.050889e+07  1.211997e+18  7.033296e+12  7.521673e+12  3.442630e+00  0.000000e+00  7.033296e+12
7  4.494984e-04  1.049943e+07  1.211997e+18  7.034054e+12  7.524500e+12  3.442671e+00  0.000000e+00  7.034054e+12
8  5.658565e-04  1.048754e+07  1.211997e+18  7.035011e+12  7.528038e+12  3.442723e+00  0.000000e+00  7.035011e+12
9  7.123351e-04  1.047263e+07  1.211997e+18  7.036211e+12  7.532502e+12  3.442788e+00  0.000000e+00  7.036211e+12
10  8.967315e-04  1.045396e+07  1.211997e+18  7.037719e+12  7.538073e+12  3.442870e+00  0.000000e+00  7.037719e+12
11  1.128861e-03  1.043058e+07  1.211997e+18  7.039616e+12  7.545049e+12  3.442973e+00  0.000000e+00  7.039616e+12
12  1.421080e-03  1.040137e+07  1.211997e+18  7.041995e+12  7.553743e+12  3.443103e+00  0.000000e+00  7.041995e+12
13  1.788944e-03  1.036495e+07  1.211997e+18  7.044979e+12  7.564577e+12  3.443266e+00  0.000000e+00  7.044979e+12
14  2.252033e-03  1.031965e+07  1.211996e+18  7.048717e+12  7.578024e+12  3.443471e+00  0.000000e+00  7.048717e+12
15  2.834999e-03  1.026351e+07  1.211996e+18  7.053389e+12  7.594646e+12  3.443728e+00  0.000000e+00  7.053389e+12
16  3.568872e-03  1.019435e+07  1.211996e+18  7.059185e+12  7.615218e+12  3.444050e+00  0.000000e+00  7.059185e+12
17  4.492717e-03  1.010933e+07  1.211995e+18  7.066428e+12  7.640133e+12  3.444454e+00  0.000000e+00  7.066428e+12
18  5.655710e-03  1.000656e+07  1.211995e+18  7.075191e+12  7.671228e+12  3.444960e+00  0.000000e+00  7.075191e+12
19  7.119758e-03  9.881489e+06  1.211994e+18  7.086234e+12  7.706968e+12  3.445593e+00  0.000000e+00  7.086234e+12
20  8.962792e-03  9.732597e+06  1.211994e+18  7.099653e+12  7.749147e+12  3.446383e+00  0.000000e+00  7.099653e+12
21  1.128292e-02  9.558181e+06  1.211993e+18  7.115777e+12  7.797971e+12  3.447366e+00  0.000000e+00  7.115777e+12
22  1.420363e-02  9.358302e+06  1.211992e+18  7.134795e+12  7.853539e+12  3.448588e+00  0.000000e+00  7.134795e+12
23  1.788041e-02  9.127529e+06  1.211991e+18  7.158725e+12  7.905854e+12  3.450100e+00  0.000000e+00  7.158725e+12
24  2.250897e-02  8.888394e+06  1.211989e+18  7.182959e+12  7.975615e+12  3.451962e+00  0.000000e+00  7.182959e+12
25  2.833569e-02  8.634961e+06  1.211988e+18  7.210607e+12  8.044220e+12  3.454242e+00  0.000000e+00  7.210607e+12
26  3.567071e-02  8.386394e+06  1.211987e+18  7.238355e+12  8.122701e+12  3.457014e+00  0.000000e+00  7.238355e+12
27  4.490450e-02  8.130662e+06  1.211985e+18  7.270892e+12  8.185498e+12  3.460351e+00  0.000000e+00  7.270892e+12
28  5.652857e-02  7.883622e+06  1.211984e+18  7.304906e+12  8.244964e+12  3.464322e+00  0.000000e+00  7.304906e+12
29  7.116166e-02  7.647728e+06  1.211983e+18  7.339881e+12  8.300513e+12  3.468978e+00  0.000000e+00  7.339881e+12
30  8.958270e-02  7.433390e+06  1.211981e+18  7.372035e+12  8.362998e+12  3.474336e+00  0.000000e+00  7.372035e+12
31  1.127722e-01  7.231961e+06  1.211980e+18  7.402074e+12  8.422442e+12  3.480358e+00  0.000000e+00  7.402074e+12
32  1.419647e-01  7.029627e+06  1.211979e+18  7.431202e+12  8.464305e+12  3.486927e+00  0.000000e+00  7.431202e+12
33  1.787139e-01  6.842638e+06  1.211977e+18  7.449798e+12  8.509059e+12  3.493814e+00  0.000000e+00  7.449798e+12
34  2.249762e-01  6.656371e+06  1.211975e+18  7.455766e+12  8.541891e+12  3.500659e+00  0.000000e+00  7.455766e+12
35  2.832139e-01  6.455754e+06  1.211973e+18  7.445184e+12  8.548662e+12  3.506949e+00  0.000000e+00  7.445184e+12
36  3.565272e-01  6.240504e+06  1.211970e+18  7.407181e+12  8.532517e+12  3.512015e+00  0.000000e+00  7.407181e+12
37  4.488185e-01  6.001798e+06  1.211967e+18  7.332126e+12  8.487525e+12  3.515046e+00  0.000000e+00  7.332126e+12
38  5.650005e-01  5.729628e+06  1.211962e+18  7.210880e+12  8.408156e+12  3.515104e+00  0.000000e+00  7.210880e+12
39  7.112576e-01  5.413796e+06  1.211955e+18  7.037383e+12  8.293252e+12  3.511120e+00  0.000000e+00  7.037383e+12
40  8.953751e-01  5.045606e+06  1.211945e+18  6.813653e+12  8.154971e+12  3.501838e+00  0.000000e+00  6.813653e+12
41  1.127154e+00  4.609917e+06  1.211931e+18  6.565575e+12  8.034310e+12  3.485627e+00  0.000000e+00  6.565575e+12
42  1.418931e+00  4.061311e+06  1.211904e+18  6.398835e+12  8.065439e+12  3.460065e+00  0.000000e+00  6.398835e+12
43  1.786238e+00  3.267689e+06  1.211829e+18  6.702260e+12  8.788027e+12  3.420699e+00  0.000000e+00  6.702260e+12
44  2.248627e+00  2.274358e+06  1.211589e+18  6.631197e+12  7.996828e+12  3.360201e+00  0.000000e+00  6.631197e+12
45  2.830710e+00  1.638213e+06  1.211321e+18  5.039427e+12  4.091811e+12  3.273358e+00  0.000000e+00  5.039427e+12
46  3.563473e+00  1.149378e+06  1.211022e+18  4.570303e+12  2.662776e+12  3.141335e+00  0.000000e+00  4.570303e+12
47  4.485921e+00  8.105662e+05  1.210491e+18  5.044312e+12  3.629128e+12  2.896755e+00  0.000000e+00  5.044312e+12
