# Depth profile  iter=19
# Fixed-T Cloudy: heating/cooling are diagnostics, not the temperature residual; see thermal_budget files.
# Col 1: depth index
# Col 2: tau_mid [reference Thomson depth, n_e,ref = 1.21*nH]
# Col 3: T_K [K]
# Col 4: n_e [cm^-3]
# Col 5: Cloudy heating diagnostic [erg cm^-3 s^-1]
# Col 6: cooling [erg cm^-3 s^-1]
# Col 7: log_xi = log10(4piJ) [erg cm^-2 s^-1] / nh
# Col 8: line_heat_Pdest [erg cm^-3 s^-1]
# Col 9: heating_plus_new_line_heat = heating + newly computed line_heat_Pdest [erg cm^-3 s^-1]
0  5.000000e-05  1.055253e+07  1.211998e+18  7.032924e+12  7.520519e+12  3.441877e+00  0.000000e+00  7.032924e+12
1  1.129431e-04  1.054603e+07  1.211998e+18  7.033440e+12  7.522449e+12  3.441905e+00  0.000000e+00  7.033440e+12
2  1.421798e-04  1.054305e+07  1.211998e+18  7.033671e+12  7.523392e+12  3.441918e+00  0.000000e+00  7.033671e+12
3  1.789847e-04  1.053931e+07  1.211998e+18  7.033961e+12  7.524577e+12  3.441934e+00  0.000000e+00  7.033961e+12
4  2.253170e-04  1.053460e+07  1.211998e+18  7.034326e+12  7.526088e+12  3.441955e+00  0.000000e+00  7.034326e+12
5  2.836430e-04  1.052867e+07  1.211998e+18  7.034787e+12  7.527957e+12  3.441981e+00  0.000000e+00  7.034787e+12
6  3.570673e-04  1.052123e+07  1.211998e+18  7.035365e+12  7.530311e+12  3.442014e+00  0.000000e+00  7.035365e+12
7  4.494984e-04  1.051189e+07  1.211997e+18  7.036093e+12  7.533265e+12  3.442055e+00  0.000000e+00  7.036093e+12
8  5.658565e-04  1.050016e+07  1.211997e+18  7.037007e+12  7.536973e+12  3.442106e+00  0.000000e+00  7.037007e+12
9  7.123351e-04  1.048544e+07  1.211997e+18  7.038160e+12  7.541614e+12  3.442172e+00  0.000000e+00  7.038160e+12
10  8.967315e-04  1.046700e+07  1.211997e+18  7.039606e+12  7.547456e+12  3.442253e+00  0.000000e+00  7.039606e+12
11  1.128861e-03  1.044393e+07  1.211997e+18  7.041423e+12  7.554734e+12  3.442356e+00  0.000000e+00  7.041423e+12
12  1.421080e-03  1.041510e+07  1.211997e+18  7.043703e+12  7.563848e+12  3.442486e+00  0.000000e+00  7.043703e+12
13  1.788944e-03  1.037916e+07  1.211997e+18  7.046562e+12  7.575199e+12  3.442648e+00  0.000000e+00  7.046562e+12
14  2.252033e-03  1.033448e+07  1.211997e+18  7.050142e+12  7.589263e+12  3.442853e+00  0.000000e+00  7.050142e+12
15  2.834999e-03  1.027910e+07  1.211996e+18  7.054615e+12  7.606685e+12  3.443109e+00  0.000000e+00  7.054615e+12
16  3.568872e-03  1.021092e+07  1.211996e+18  7.060159e+12  7.628294e+12  3.443431e+00  0.000000e+00  7.060159e+12
17  4.492717e-03  1.012712e+07  1.211996e+18  7.067087e+12  7.654451e+12  3.443834e+00  0.000000e+00  7.067087e+12
18  5.655710e-03  1.002593e+07  1.211995e+18  7.075447e+12  7.687168e+12  3.444339e+00  0.000000e+00  7.075447e+12
19  7.119758e-03  9.902781e+06  1.211995e+18  7.085995e+12  7.724890e+12  3.444971e+00  0.000000e+00  7.085995e+12
20  8.962792e-03  9.756264e+06  1.211994e+18  7.098802e+12  7.769473e+12  3.445759e+00  0.000000e+00  7.098802e+12
21  1.128292e-02  9.584678e+06  1.211993e+18  7.114189e+12  7.821100e+12  3.446741e+00  0.000000e+00  7.114189e+12
22  1.420363e-02  9.388441e+06  1.211992e+18  7.132251e+12  7.880362e+12  3.447960e+00  0.000000e+00  7.132251e+12
23  1.788041e-02  9.169275e+06  1.211991e+18  7.153173e+12  7.945895e+12  3.449469e+00  0.000000e+00  7.153173e+12
24  2.250897e-02  8.924744e+06  1.211990e+18  7.178697e+12  8.007761e+12  3.451327e+00  0.000000e+00  7.178697e+12
25  2.833569e-02  8.672677e+06  1.211989e+18  7.205825e+12  8.077197e+12  3.453603e+00  0.000000e+00  7.205825e+12
26  3.567071e-02  8.419819e+06  1.211987e+18  7.234516e+12  8.149819e+12  3.456369e+00  0.000000e+00  7.234516e+12
27  4.490450e-02  8.189103e+06  1.211986e+18  7.260079e+12  8.241730e+12  3.459700e+00  0.000000e+00  7.260079e+12
28  5.652857e-02  7.953572e+06  1.211985e+18  7.290647e+12  8.313156e+12  3.463663e+00  0.000000e+00  7.290647e+12
29  7.116166e-02  7.735955e+06  1.211984e+18  7.320121e+12  8.388219e+12  3.468308e+00  0.000000e+00  7.320121e+12
30  8.958270e-02  7.520114e+06  1.211982e+18  7.352299e+12  8.447210e+12  3.473654e+00  0.000000e+00  7.352299e+12
31  1.127722e-01  7.325961e+06  1.211981e+18  7.379749e+12  8.513593e+12  3.479661e+00  0.000000e+00  7.379749e+12
32  1.419647e-01  7.131272e+06  1.211980e+18  7.405965e+12  8.563049e+12  3.486211e+00  0.000000e+00  7.405965e+12
33  1.787139e-01  6.951712e+06  1.211978e+18  7.421652e+12  8.615086e+12  3.493076e+00  0.000000e+00  7.421652e+12
34  2.249762e-01  6.773004e+06  1.211977e+18  7.424451e+12  8.655450e+12  3.499895e+00  0.000000e+00  7.424451e+12
35  2.832139e-01  6.580778e+06  1.211975e+18  7.409975e+12  8.670972e+12  3.506153e+00  0.000000e+00  7.409975e+12
36  3.565272e-01  6.376781e+06  1.211972e+18  7.366531e+12  8.666730e+12  3.511182e+00  0.000000e+00  7.366531e+12
37  4.488185e-01  6.156538e+06  1.211969e+18  7.282512e+12  8.641276e+12  3.514169e+00  0.000000e+00  7.282512e+12
38  5.650005e-01  5.903138e+06  1.211964e+18  7.150183e+12  8.580959e+12  3.514173e+00  0.000000e+00  7.150183e+12
39  7.112576e-01  5.616780e+06  1.211958e+18  6.957858e+12  8.494173e+12  3.510130e+00  0.000000e+00  6.957858e+12
40  8.953751e-01  5.295153e+06  1.211950e+18  6.700310e+12  8.395123e+12  3.500789e+00  0.000000e+00  6.700310e+12
41  1.127154e+00  4.941264e+06  1.211939e+18  6.381892e+12  8.326620e+12  3.484558e+00  0.000000e+00  6.381892e+12
42  1.418931e+00  4.560164e+06  1.211922e+18  6.030306e+12  8.403409e+12  3.459166e+00  0.000000e+00  6.030306e+12
43  1.786238e+00  4.147663e+06  1.211890e+18  5.737465e+12  8.977454e+12  3.420989e+00  0.000000e+00  5.737465e+12
44  2.248627e+00  3.626609e+06  1.211789e+18  5.652511e+12  1.093847e+13  3.363200e+00  0.000000e+00  5.652511e+12
45  2.830710e+00  2.301024e+06  1.211514e+18  4.787195e+12  7.554718e+12  3.276009e+00  0.000000e+00  4.787195e+12
46  3.563473e+00  1.381311e+06  1.211176e+18  3.810059e+12  3.565838e+12  3.142852e+00  0.000000e+00  3.810059e+12
47  4.485921e+00  9.860981e+05  1.210860e+18  3.156438e+12  3.787518e+12  2.898336e+00  0.000000e+00  3.156438e+12
