# E_keV F_E_erg_cm-2_s-1_keV-1 E_F_E_erg_cm-2_s-1
1.3979999999999999e-03 7.0229888506094426e+17 9.8181384131520000e+14
1.4679999999999999e-03 9.1743166113106278e+17 1.3467896785404000e+15
1.5410000000000001e-03 1.0906445743452303e+18 1.6806832890660000e+15
1.6190000000000000e-03 1.2290941194737492e+18 1.9899033794280000e+15
1.6990000000000000e-03 1.3654807333914066e+18 2.3199517660320000e+15
1.7840000000000000e-03 1.5132666077858744e+18 2.6996676282900000e+15
1.8740000000000000e-03 1.6748473991494131e+18 3.1386640260060000e+15
1.9670000000000000e-03 1.8546803231408236e+18 3.6481561956180000e+15
2.0660000000000001e-03 2.0511893499177149e+18 4.2377571969299995e+15
2.1689999999999999e-03 2.2677188872199171e+18 4.9186822663800000e+15
2.2769999999999999e-03 2.5063474617075098e+18 5.7069531703080000e+15
2.3909999999999999e-03 2.7681270075508157e+18 6.6185916750540000e+15
2.5110000000000002e-03 3.0550464849032253e+18 7.6712217235920000e+15
2.6359999999999999e-03 3.3702843078641879e+18 8.8840694355299990e+15
2.7680000000000001e-03 3.7142946027377167e+18 1.0281167460378000e+16
2.9069999999999999e-03 4.0905933875294121e+18 1.1891354977548000e+16
3.0520000000000000e-03 4.5025783059692006e+18 1.3741868989818000e+16
3.2049999999999999e-03 4.9515006426739466e+18 1.5869559559769998e+16
3.3649999999999999e-03 5.4421631282674596e+18 1.8312878926620000e+16
3.5330000000000001e-03 5.9769850088083784e+18 2.1116688036120000e+16
3.7100000000000002e-03 6.5555367396549857e+18 2.4321041304120000e+16
3.8950000000000000e-03 7.1820292759024394e+18 2.7974004029640000e+16
4.0899999999999999e-03 7.8659429855061125e+18 3.2171706810720000e+16
4.2940000000000001e-03 8.6041437307964600e+18 3.6946193180040000e+16
4.5090000000000000e-03 9.4019946186826342e+18 4.2393593735640000e+16
4.7349999999999996e-03 1.0259344359636748e+19 4.8577995542880000e+16
4.9709999999999997e-03 1.1183972882679542e+19 5.5595529199800000e+16
5.2199999999999998e-03 1.2178997861517240e+19 6.3574368837119992e+16
5.4809999999999998e-03 1.3241853953694583e+19 7.2578601520200000e+16
5.7549999999999997e-03 1.4382006066453520e+19 8.2768444912440000e+16
6.0429999999999998e-03 1.5597559387426775e+19 9.4256051378220000e+16
6.3449999999999999e-03 1.6890401110836879e+19 1.0716959504826000e+17
6.6620000000000004e-03 1.8265583211092765e+19 1.2168531535230000e+17
6.9950000000000003e-03 1.9723149385809863e+19 1.3796342995373998e+17
7.3450000000000000e-03 2.1259106160604492e+19 1.5614813474964000e+17
7.7120000000000001e-03 2.2873398262889005e+19 1.7639964740340000e+17
8.0979999999999993e-03 2.4572775740034580e+19 1.9899033794280000e+17
8.5030000000000001e-03 2.6341796240526873e+19 2.2398429343320000e+17
8.9280000000000002e-03 2.8156531571975807e+19 2.5138151387460000e+17
9.3740000000000004e-03 3.0047221277704286e+19 2.8166265225720000e+17
9.8429999999999993e-03 3.2131430209448342e+19 3.1626966755160000e+17
1.0189999999999999e-02 3.3725896760843969e+19 3.4366688799300000e+17
1.0540000000000001e-02 3.5296528881859580e+19 3.7202541441480000e+17
1.0910000000000000e-02 3.6801600777305227e+19 4.0150546448040000e+17
1.1299999999999999e-02 3.8282096564601774e+19 4.3258769118000000e+17
1.1690000000000001e-02 3.9841980111531221e+19 4.6575274750380000e+17
1.2100000000000000e-02 4.1431493287487603e+19 5.0132106877860000e+17
1.2520000000000000e-02 4.3074493211214053e+19 5.3929265500439994e+17
1.2959999999999999e-02 4.4715068558472217e+19 5.7950728851779994e+17
1.3410000000000000e-02 4.6392631393154367e+19 6.2212518698220006e+17
1.3880000000000000e-02 4.8065299020000002e+19 6.6714635039760000e+17
1.4370000000000001e-02 4.9748866672985383e+19 7.1489121409080000e+17
1.4870000000000000e-02 5.1448509935104246e+19 7.6503934273500006e+17
1.5389999999999999e-02 5.3145625188888895e+19 8.1791117165700006e+17
1.5930000000000000e-02 5.4844125456384180e+19 8.7366691852019994e+17
1.6490000000000001e-02 5.6527978511898116e+19 9.3214636566120000e+17
1.7069999999999998e-02 5.8202093189420040e+19 9.9350973074339994e+17
1.7659999999999999e-02 5.9904712991517557e+19 1.0579172314301999e+18
1.8280000000000001e-02 6.1554083701214437e+19 1.1252086500581999e+18
1.8919999999999999e-02 6.3189439973086675e+19 1.1955442042907999e+18
1.9590000000000000e-02 6.4774062997856051e+19 1.2689238941280000e+18
2.0270000000000000e-02 6.6379276627192889e+19 1.3455079372331999e+18
2.0979999999999999e-02 6.7935954890676838e+19 1.4252963336064000e+18
2.1710000000000000e-02 6.9467013615117451e+19 1.5081288655841999e+18
2.2470000000000000e-02 7.0953536648571429e+19 1.5943259684934001e+18
2.3259999999999999e-02 7.2394137675580400e+19 1.6838876423340001e+18
2.4080000000000001e-02 7.3787952122342179e+19 1.7768138871059999e+18
2.4920000000000001e-02 7.5093993118459068e+19 1.8713423085120000e+18
2.5790000000000000e-02 7.6412456759209001e+19 1.9706772598200000e+18
2.6689999999999998e-02 7.7677653218284012e+19 2.0732165643960003e+18
2.7629999999999998e-02 7.8862114449511416e+19 2.1789602222400003e+18
2.8590000000000001e-02 8.0024772065477444e+19 2.2879082333520000e+18
2.9590000000000002e-02 8.1110530508009472e+19 2.4000605977320003e+18
3.0630000000000001e-02 8.2122667821743374e+19 2.5154173153799997e+18
3.1699999999999999e-02 8.3040258979873800e+19 2.6323762096619996e+18
3.2809999999999999e-02 8.3942140623163671e+19 2.7541416338460001e+18
3.3959999999999997e-02 8.4779487965194355e+19 2.8791114112979999e+18
3.5150000000000001e-02 8.5555776444324315e+19 3.0072855420179999e+18
3.6380000000000003e-02 8.6274437218416706e+19 3.1386640260060001e+18
3.7650000000000003e-02 8.6981382201752977e+19 3.2748490398960000e+18
3.8969999999999998e-02 8.7570855284064682e+19 3.4126362304200003e+18
4.0329999999999998e-02 8.8153482540193415e+19 3.5552299508460001e+18
4.1750000000000002e-02 8.8685753321532932e+19 3.7026302011740001e+18
4.3209999999999998e-02 8.9211686679102063e+19 3.8548369814039997e+18
4.4720000000000003e-02 8.9674600064892666e+19 4.0102481149020001e+18
4.6289999999999998e-02 9.0163537082955284e+19 4.1736701315699999e+18
4.7899999999999998e-02 9.0678514713444680e+19 4.3435008547740001e+18
4.9579999999999999e-02 9.1192869325292470e+19 4.5213424611480003e+18
5.1319999999999998e-02 9.1847304310756049e+19 4.7136036572280003e+18
5.3109999999999997e-02 9.2763945576162689e+19 4.9266931495500001e+18
5.4969999999999998e-02 9.4113668386137915e+19 5.1734283511860009e+18
5.6899999999999999e-02 9.6243229086326882e+19 5.4762397350119997e+18
5.8889999999999998e-02 9.9547704258889466e+19 5.8623643038060001e+18
6.0949999999999997e-02 9.7550081850270712e+19 5.9456774887739996e+18
6.3079999999999997e-02 9.6415068209638556e+19 6.0818625026639995e+18
6.5290000000000001e-02 9.5875388406157148e+19 6.2597041090380001e+18
6.7570000000000005e-02 9.5770185359271854e+19 6.4711914247259996e+18
6.9940000000000002e-02 9.5686185304804098e+19 6.6922918002179994e+18
7.2389999999999996e-02 9.5856154190551187e+19 6.9390270018540001e+18
7.4920000000000000e-02 9.6340172666444202e+19 7.2178057361699994e+18
7.7539999999999998e-02 9.7217449870647411e+19 7.5382410629700004e+18
8.0259999999999998e-02 9.8514100283952169e+19 7.9067416887900006e+18
8.3070000000000005e-02 1.0019631170855905e+20 8.3233076136300001e+18
8.5970000000000005e-02 1.0210917503415145e+20 8.7783257776860006e+18
8.8980000000000004e-02 1.0420090111213756e+20 9.2717961809580012e+18
9.2100000000000001e-02 1.0632468606957655e+20 9.7925035870080000e+18
9.5320000000000002e-02 1.0664929440547629e+20 1.0165810742730000e+19
9.8659999999999998e-02 1.0685508059720252e+20 1.0542322251719999e+19
1.0059999999999999e-01 1.0707190368172963e+20 1.0771433510382000e+19
1.0260000000000000e-01 1.0732709557000000e+20 1.1011760005482000e+19
1.0470000000000000e-01 1.0753099529243553e+20 1.1258495207118000e+19
1.0680000000000001e-01 1.0775687979421349e+20 1.1508434762022001e+19
1.0890000000000000e-01 1.0794462776545454e+20 1.1755169963657998e+19
1.1110000000000000e-01 1.0799910721895591e+20 1.1998700812026001e+19
1.1330000000000000e-01 1.0803732995375112e+20 1.2240629483760001e+19
1.1559999999999999e-01 1.0798060688143599e+20 1.2482558155494001e+19
1.1790000000000000e-01 1.0791250763862594e+20 1.2722884650593999e+19
1.2030000000000000e-01 1.0767745707306733e+20 1.2953598085890001e+19
1.2270000000000000e-01 1.0645921839447433e+20 1.3062546097002000e+19
1.2509999999999999e-01 1.0507000084201441e+20 1.3144257105336001e+19
1.2759999999999999e-01 1.0348855656291538e+20 1.3205139817428001e+19
1.3020000000000001e-01 1.0175421341433179e+20 1.3248398586546000e+19
1.3280000000000000e-01 9.9991264627951813e+19 1.3278839942592000e+19
1.3539999999999999e-01 9.8248689749645509e+19 1.3302872592102001e+19
1.3810000000000000e-01 9.6490246668921078e+19 1.3325303064978000e+19
1.4090000000000000e-01 9.4754704692136264e+19 1.3350937891122000e+19
1.4369999999999999e-01 9.3153693646972862e+19 1.3386185777070000e+19
1.4660000000000001e-01 9.1606033739345150e+19 1.3429444546187999e+19
1.4949999999999999e-01 9.0204152029284286e+19 1.3485520728377999e+19
1.5250000000000000e-01 8.8870899324629500e+19 1.3552812147005999e+19
1.5559999999999999e-01 8.7615173385000010e+19 1.3632920978706000e+19
1.5870000000000001e-01 8.6479174838336487e+19 1.3724245046844000e+19
1.6189999999999999e-01 8.5413134824298971e+19 1.3828386528054002e+19
1.6510000000000000e-01 8.4417532036135682e+19 1.3937334539166001e+19
1.6839999999999999e-01 8.3476827712090259e+19 1.4057497786716000e+19
1.7180000000000001e-01 8.2580175169208386e+19 1.4187274094070002e+19
1.7519999999999999e-01 8.1773193271849320e+19 1.4326663461227999e+19
1.7870000000000000e-01 8.1014370816026870e+19 1.4477268064824001e+19
1.8229999999999999e-01 8.0284605329621500e+19 1.4635883551589999e+19
1.8590000000000001e-01 7.9634814944378700e+19 1.4804112098160001e+19
1.8959999999999999e-01 7.8984941972563296e+19 1.4975544997998000e+19
1.9339999999999999e-01 7.7971491619482943e+19 1.5079686479208002e+19
1.9730000000000000e-01 7.6933712268200706e+19 1.5179021430516001e+19
2.0119999999999999e-01 7.5944128024145134e+19 1.5279958558458001e+19
2.0530000000000001e-01 7.4934729857126154e+19 1.5384100039668001e+19
2.0940000000000000e-01 7.3987813040974217e+19 1.5493048050780000e+19
2.1360000000000001e-01 7.3073056031966282e+19 1.5608404768427999e+19
2.1779999999999999e-01 7.2230359822066115e+19 1.5731772369245999e+19
2.2220000000000001e-01 7.1384107455445541e+19 1.5861548676600001e+19
2.2660000000000000e-01 7.0591930776063549e+19 1.5996131513856000e+19
2.3119999999999999e-01 6.9783385399567475e+19 1.6133918704380000e+19
2.3580000000000001e-01 6.9101511313740456e+19 1.6294136367780000e+19
2.4049999999999999e-01 6.8350653907858629e+19 1.6438332264839999e+19
2.4529999999999999e-01 6.7666326654056260e+19 1.6598549928239999e+19
2.5019999999999998e-01 6.7045521015107912e+19 1.6774789357979998e+19
2.5519999999999998e-01 6.6485307813714739e+19 1.6967050554059999e+19
2.6029999999999998e-01 6.5921289858394169e+19 1.7159311750140000e+19
2.6550000000000001e-01 6.5414669350508470e+19 1.7367594712559999e+19
2.7089999999999997e-01 6.4938720713621266e+19 1.7591899441319999e+19
2.7629999999999999e-01 6.4249428536807817e+19 1.7752117104719999e+19
2.8179999999999999e-01 6.3677708661462032e+19 1.7944378300800000e+19
2.8739999999999999e-01 6.3050166077035487e+19 1.8120617730539999e+19
2.9320000000000002e-01 6.2513303864120058e+19 1.8328900692960002e+19
2.9899999999999999e-01 6.1997269750434791e+19 1.8537183655380001e+19
3.0499999999999999e-01 6.1513076669311484e+19 1.8761488384140001e+19
3.1109999999999999e-01 6.1130943894503383e+19 1.9017836645580001e+19
3.1730000000000003e-01 6.0744358358083822e+19 1.9274184907019997e+19
3.2369999999999999e-01 6.0434280819091759e+19 1.9562576701140001e+19
3.3019999999999999e-01 6.0118014825136284e+19 1.9850968495260000e+19
3.3679999999999999e-01 5.9796200384144892e+19 2.0139360289380000e+19
3.4350000000000003e-01 5.9469438379912667e+19 2.0427752083500003e+19
3.5039999999999999e-01 5.9121415175856161e+19 2.0716143877619999e+19
3.5740000000000000e-01 5.8680727865304982e+19 2.0972492139059999e+19
3.6449999999999999e-01 5.8197033289876546e+19 2.1212818634160001e+19
3.7180000000000002e-01 5.7269842565519090e+19 2.1292927465859998e+19
3.7930000000000003e-01 5.5968469286844187e+19 2.1228840400500003e+19
3.8679999999999998e-01 5.4593298955842814e+19 2.1116688036119998e+19
3.9460000000000001e-01 5.3148738314901160e+19 2.0972492139059999e+19
4.0250000000000002e-01 5.1707514225242235e+19 2.0812274475660001e+19
4.1049999999999998e-01 5.0270487322582221e+19 2.0636035045920002e+19
4.1870000000000002e-01 4.8826782540816818e+19 2.0443773849840001e+19
4.2709999999999998e-01 4.7453838492390539e+19 2.0267534420099998e+19
4.3569999999999998e-01 4.6149453194170302e+19 2.0107316756700000e+19
4.4440000000000002e-01 4.4849408926552654e+19 1.9931077326960001e+19
4.5329999999999998e-01 4.3615397448841830e+19 1.9770859663559999e+19
4.6229999999999999e-01 4.2523701707073331e+19 1.9658707299179999e+19
4.7160000000000002e-01 4.1481290714885497e+19 1.9562576701140001e+19
4.8099999999999998e-01 4.0570709775717253e+19 1.9514511402119999e+19
4.9059999999999998e-01 3.9548224699836932e+19 1.9402359037739999e+19
5.0039999999999996e-01 3.8677645361151091e+19 1.9354293738720002e+19
5.1039999999999996e-01 3.7857073287695925e+19 1.9322250206039998e+19
5.2059999999999995e-01 3.7146123650364965e+19 1.9338271972380000e+19
5.3110000000000002e-01 3.6562569768555827e+19 1.9418380804080001e+19
5.4169999999999996e-01 3.6083727034890162e+19 1.9546554934799999e+19
5.5249999999999999e-01 3.5697365365683253e+19 1.9722794364539998e+19
5.6359999999999999e-01 3.5392297894428672e+19 1.9947099093299999e+19
5.7479999999999998e-01 3.5120782164926935e+19 2.0187425588400001e+19
5.8630000000000004e-01 3.4896461907180618e+19 2.0459795616179999e+19
5.9809999999999997e-01 3.4743740081892663e+19 2.0780230942980002e+19
6.0999999999999999e-01 3.4643786561409839e+19 2.1132709802460000e+19
6.2219999999999998e-01 3.4582501116393439e+19 2.1517232194619998e+19
6.3470000000000004e-01 3.4532497799149199e+19 2.1917776353119998e+19
6.4739999999999998e-01 3.4449024938646897e+19 2.2302298745280000e+19
6.6030000000000000e-01 3.2344410921126760e+19 2.1357014531220001e+19
6.7349999999999999e-01 3.0092849918485520e+19 2.0267534420099998e+19
6.8700000000000006e-01 2.7938975364366811e+19 1.9194076075320001e+19
7.0069999999999999e-01 2.5883601394148708e+19 1.8136639496880001e+19
7.1470000000000000e-01 2.3964276224233943e+19 1.7127268217459999e+19
7.2899999999999998e-01 2.2219486652592591e+19 1.6198005769739999e+19
7.4360000000000004e-01 2.0647738950540612e+19 1.5353658683621999e+19
7.5849999999999995e-01 1.9232456496466715e+19 1.4587818252570001e+19
7.7370000000000005e-01 1.7964175132415664e+19 1.3898882299950000e+19
7.8910000000000002e-01 1.6823768330153337e+19 1.3275635589323999e+19
8.0489999999999995e-01 1.5786883941177788e+19 1.2706862884254001e+19
8.2099999999999995e-01 1.4833306449493303e+19 1.2178144595034001e+19
8.3740000000000003e-01 1.3943949496766181e+19 1.1676663308592001e+19
8.5419999999999996e-01 1.3103261490428471e+19 1.1192805965124000e+19
8.7129999999999996e-01 1.2296287331066225e+19 1.0713755151558001e+19
8.8870000000000005e-01 1.1442573529872849e+19 1.0169015095998001e+19
9.0649999999999997e-01 1.0901517350813016e+19 9.8822254785119990e+18
9.2459999999999998e-01 1.0556413643011033e+19 9.7604600543280005e+18
9.4310000000000005e-01 1.0381615322207611e+19 9.7909014103739986e+18
9.6189999999999998e-01 1.0375255487250235e+19 9.9799582531860009e+18
9.8119999999999996e-01 1.0528775923391767e+19 1.0330834936032000e+19
1.0009999999999999e+00 1.0835899912267733e+19 1.0846735812179999e+19
1.0209999999999999e+00 1.1262313126560236e+19 1.1498821702218000e+19
1.0409999999999999e+00 1.1045938234599424e+19 1.1498821702218000e+19
1.0620000000000001e+00 1.0892387285762712e+19 1.1567715297479999e+19
1.0830000000000000e+00 1.0737394284000000e+19 1.1628598009572000e+19
1.1050000000000000e+00 1.0184333644539367e+19 1.1253688677216000e+19
1.1270000000000000e+00 9.4964861713575875e+18 1.0702539915120001e+19
1.1499999999999999e+00 8.9150680704052183e+18 1.0252328280966001e+19
1.1730000000000000e+00 8.4862092302148321e+18 9.9543234270419988e+18
1.1960000000000000e+00 8.1555613275852841e+18 9.7540513477919990e+18
1.2200000000000000e+00 7.9872444983508204e+18 9.7444382879880008e+18
1.2440000000000000e+00 7.3746490404212224e+18 9.1740634062840003e+18
1.2689999999999999e+00 6.9023637967517737e+18 8.7590996580780001e+18
1.2949999999999999e+00 6.5732544065189192e+18 8.5123644564420004e+18
1.3210000000000000e+00 6.1370278334897807e+18 8.1070137680400005e+18
1.3470000000000000e+00 5.7985234526726062e+18 7.8106110907500001e+18
1.3740000000000001e+00 5.4805168703056763e+18 7.5302301797999995e+18
1.4010000000000000e+00 5.2959885739143465e+18 7.4196799920539996e+18
1.4290000000000000e+00 5.2045513891028685e+18 7.4373039350279997e+18
1.4580000000000000e+00 5.1867446587654318e+18 7.5622737124800000e+18
1.4870000000000001e+00 4.8636350543887012e+18 7.2322253258759997e+18
1.5169999999999999e+00 4.5889633979762688e+18 6.9614574747299994e+18
1.5469999999999999e+00 4.3632644854828703e+18 6.7499701590419999e+18
1.5780000000000001e+00 4.1770308442813691e+18 6.5913546722760008e+18
1.6100000000000001e+00 4.0223589780298132e+18 6.4759979546279997e+18
1.6419999999999999e+00 3.8961579169074304e+18 6.3974912995620004e+18
1.6750000000000000e+00 3.7907020898758211e+18 6.3494260005420001e+18
1.7080000000000000e+00 3.7062060192822011e+18 6.3301998809339996e+18
1.7420000000000000e+00 3.6384677176257172e+18 6.3382107641039995e+18
1.7769999999999999e+00 3.5875412643140127e+18 6.3750608266860001e+18
1.8129999999999999e+00 3.5543047004677335e+18 6.4439544219480003e+18
1.8490000000000000e+00 3.5414255831032991e+18 6.5480959031579996e+18
1.8859999999999999e+00 3.4957353387645814e+18 6.5929568489100001e+18
1.9239999999999999e+00 3.4799876057619543e+18 6.6954961534860001e+18
1.9620000000000000e+00 3.5048634623486244e+18 6.8765421131280005e+18
2.0009999999999999e+00 3.5654635438290857e+18 7.1344925512019999e+18
2.0419999999999998e+00 3.2247531663761024e+18 6.5849459657400003e+18
2.0819999999999999e+00 2.9419410527291064e+18 6.1251212717819996e+18
2.1240000000000001e+00 2.7374289099745761e+18 5.8142990047859999e+18
2.1659999999999999e+00 2.5955853225789476e+18 5.6220378087059999e+18
2.2100000000000000e+00 2.4931608345366513e+18 5.5098854443259996e+18
2.2540000000000000e+00 2.4238785811623782e+18 5.4634223219400008e+18
2.2989999999999999e+00 2.3827063556528927e+18 5.4778419116460001e+18
2.3450000000000002e+00 2.3673953248656717e+18 5.5515420368100004e+18
2.3919999999999999e+00 2.3684350241739131e+18 5.6652965778240000e+18
2.4399999999999999e+00 2.3842226877270492e+18 5.8175033580539996e+18
2.4889999999999999e+00 2.3585275962137405e+18 5.8703751869760000e+18
2.5379999999999998e+00 2.3616007832127662e+18 5.9937427877939999e+18
2.5890000000000000e+00 2.4004801712190034e+18 6.2148431632859996e+18
2.6410000000000000e+00 2.4781868799280573e+18 6.5448915498899999e+18
2.6940000000000000e+00 2.2498270996369710e+18 6.0610342064219996e+18
2.7480000000000002e+00 2.0837624781353710e+18 5.7261792899160003e+18
2.8029999999999999e+00 1.9588509899100964e+18 5.4906593247180001e+18
2.8590000000000000e+00 1.8627615010199373e+18 5.3256351314160005e+18
2.9159999999999999e+00 1.7878884660617285e+18 5.2134827670360003e+18
2.9740000000000002e+00 1.7277002236846001e+18 5.1381804652380006e+18
3.0339999999999998e+00 1.6766350734838497e+18 5.0869108129499996e+18
3.0939999999999999e+00 1.6327288064001290e+18 5.0516629270019994e+18
3.1560000000000001e+00 1.5925310839220534e+18 5.0260281008580004e+18
3.2189999999999999e+00 1.5553904881174277e+18 5.0068019812499999e+18
3.2839999999999998e+00 1.5192381358940316e+18 4.9891780382759997e+18
3.3490000000000002e+00 1.4873595566157061e+18 4.9811671551059999e+18
3.4159999999999999e+00 1.4577180850327869e+18 4.9795649784720005e+18
3.4849999999999999e+00 1.4306954619822095e+18 4.9859736850080000e+18
3.5539999999999998e+00 1.3993124006572877e+18 4.9731562719360000e+18
3.6250000000000000e+00 1.3732311177484140e+18 4.9779628018380001e+18
3.6980000000000000e+00 1.3461229858945377e+18 4.9779628018380001e+18
3.7719999999999998e+00 1.3192896673393426e+18 4.9763606252039997e+18
3.8470000000000000e+00 1.2931527030335324e+18 4.9747584485699994e+18
3.9239999999999999e+00 1.2681856843027523e+18 4.9763606252039997e+18
4.0030000000000001e+00 1.2443585198865851e+18 4.9811671551059999e+18
4.0830000000000002e+00 1.2219392697222630e+18 4.9891780382759997e+18
4.1639999999999997e+00 1.2016324755000000e+18 5.0035976279820001e+18
4.2480000000000002e+00 1.1820201438220339e+18 5.0212215709560003e+18
4.3330000000000002e+00 1.1640092415951995e+18 5.0436520438319995e+18
4.4189999999999996e+00 1.1478821505417517e+18 5.0724912232440003e+18
4.5080000000000000e+00 1.1323280292644188e+18 5.1045347559239997e+18
4.5979999999999999e+00 1.1188754179586778e+18 5.1445891717740001e+18
4.6900000000000004e+00 1.1064925623722812e+18 5.1894501175259996e+18
4.7839999999999998e+00 1.0958030824515050e+18 5.2423219464480000e+18
4.8789999999999996e+00 1.0869450007255587e+18 5.3032046585400003e+18
4.9770000000000003e+00 1.0800286532188063e+18 5.3753026070699991e+18
5.0759999999999996e+00 1.0756930592340426e+18 5.4602179686720000e+18
5.1779999999999999e+00 1.0739967355376595e+18 5.5611550966140006e+18
5.2820000000000000e+00 1.0762064932661871e+18 5.6845226974320005e+18
5.3869999999999996e+00 1.0834842171267868e+18 5.8367294776620001e+18
5.4950000000000001e+00 1.0965944168287533e+18 6.0257863204739994e+18
5.6050000000000004e+00 1.1176646991864406e+18 6.2645106389400003e+18
5.7169999999999996e+00 1.1495764479041457e+18 6.5721285526680003e+18
5.8310000000000004e+00 1.1949693330931228e+18 6.9678661812659999e+18
5.9480000000000004e+00 1.2584682639623401e+18 7.4853692340480000e+18
6.0670000000000002e+00 1.3460185105485412e+18 8.1662943034979994e+18
6.1879999999999997e+00 1.4652096916299290e+18 9.0667175718060001e+18
6.3120000000000003e+00 1.6262905091948667e+18 1.0265145694038000e+19
6.4020000000000001e+00 1.7758583872014996e+18 1.1369045394864001e+19
6.4930000000000003e+00 1.9597238298518405e+18 1.2724486827228000e+19
6.5860000000000003e+00 2.1828622740482842e+18 1.4376330936882000e+19
6.6799999999999997e+00 2.4416404392395213e+18 1.6310158134120002e+19
6.7750000000000004e+00 2.1550753750025091e+18 1.4600635665642000e+19
6.8719999999999999e+00 1.9530607775055299e+18 1.3421433663018000e+19
6.9699999999999998e+00 1.8499738235913917e+18 1.2894317550432000e+19
7.0700000000000003e+00 1.5516412182458276e+18 1.0970103412998001e+19
7.2110000000000003e+00 1.2788973381367355e+18 9.2221287053040005e+18
7.3550000000000004e+00 1.1055127692114208e+18 8.1310464175500001e+18
7.5019999999999998e+00 9.9137615769501466e+17 7.4373039350279997e+18
7.6520000000000001e+00 9.1226915765002611e+17 6.9806835943379999e+18
7.8049999999999997e+00 8.5394680300320307e+17 6.6650547974400000e+18
7.9610000000000003e+00 8.0742779243914074e+17 6.4279326556079995e+18
8.1210000000000004e+00 7.6725340840118208e+17 6.2308649296260004e+18
8.2829999999999995e+00 7.3077668999782694e+17 6.0530233232519997e+18
8.4489999999999998e+00 6.9688710260977638e+17 5.8879991299500001e+18
8.6180000000000003e+00 6.6611729863332570e+17 5.7405988796220006e+18
8.7899999999999991e+00 6.3831883643549491e+17 5.6108225722679992e+18
8.9659999999999993e+00 6.0774065717532915e+17 5.4490027322340004e+18
9.1449999999999996e+00 5.8831155133646810e+17 5.3801091369720003e+18
9.3279999999999994e+00 5.6783833104674112e+17 5.2967959520040008e+18
9.5150000000000006e+00 5.3832461365191795e+17 5.1221586988979999e+18
9.7050000000000001e+00 5.0483834588068000e+17 4.8994561467719997e+18
9.8989999999999991e+00 4.7358004152783117e+17 4.6879688310840003e+18
1.0100000000000000e+01 4.4702314402099014e+17 4.5149337546120003e+18
1.0300000000000001e+01 4.2589899261087373e+17 4.3867596238919997e+18
1.0500000000000000e+01 4.0985204180228570e+17 4.3034464389239997e+18
1.0720000000000001e+01 3.9740556621324621e+17 4.2601876698059996e+18
1.0930000000000000e+01 3.8874404696870995e+17 4.2489724333679995e+18
1.1150000000000000e+01 3.8279807650008973e+17 4.2681985529760005e+18
1.1369999999999999e+01 3.7891406937783642e+17 4.3082529688259999e+18
1.1600000000000000e+01 3.7664962766534483e+17 4.3691356809180001e+18
1.1830000000000000e+01 3.7582757052831782e+17 4.4460401593500001e+18
1.2070000000000000e+01 3.7578807380729082e+17 4.5357620508540001e+18
1.2310000000000000e+01 3.7666118430511782e+17 4.6366991787960003e+18
1.2550000000000001e+01 3.7813921831936250e+17 4.7456471899079997e+18
1.2810000000000000e+01 3.7959454209133491e+17 4.8626060841900001e+18
1.3060000000000000e+01 3.8177440160857581e+17 4.9859736850080000e+18
1.3320000000000000e+01 3.8406531474189190e+17 5.1157499923620004e+18
1.3590000000000000e+01 3.8622006276556294e+17 5.2487306529840005e+18
1.3859999999999999e+01 3.8863765104675322e+17 5.3865178435079997e+18
1.4140000000000001e+01 3.9091296939886842e+17 5.5275093872999997e+18
1.4420000000000000e+01 3.9332214177253818e+17 5.6717052843600005e+18
1.4710000000000001e+01 3.9547949408932691e+17 5.8175033580539996e+18
1.5000000000000000e+01 3.9766024055880000e+17 5.9649036083820001e+18
1.5300000000000001e+01 3.9960170165647059e+17 6.1139060353440000e+18
1.5609999999999999e+01 4.0131394227674573e+17 6.2645106389400003e+18
1.5920000000000000e+01 4.0295950015929645e+17 6.4151152425359995e+18
1.6239999999999998e+01 4.0419443777697050e+17 6.5641176694980004e+18
1.6570000000000000e+01 4.0513700038986118e+17 6.7131200964600003e+18
1.6899999999999999e+01 4.0604275286520717e+17 6.8621225234220001e+18
1.7230000000000000e+01 4.0672783500383053e+17 7.0079205971160003e+18
1.7579999999999998e+01 4.0683256508395910e+17 7.1521164941760000e+18
1.7930000000000000e+01 4.0684384911332966e+17 7.2947102146020004e+18
1.8289999999999999e+01 4.0645705750464736e+17 7.4340995817600000e+18
1.8660000000000000e+01 4.0560999030096467e+17 7.5686824190160005e+18
1.9030000000000001e+01 4.0471166997572250e+17 7.7016630796379996e+18
1.9410000000000000e+01 4.0330937834744979e+17 7.8282350337240003e+18
1.9800000000000001e+01 4.0167701066545453e+17 7.9532048111760005e+18
2.0190000000000001e+01 3.9979028638395238e+17 8.0717658820919992e+18
2.0600000000000001e+01 3.9735536034495136e+17 8.1855204231059988e+18
2.1010000000000002e+01 3.9478669368005702e+17 8.2944684342179994e+18
2.1430000000000000e+01 3.9190900211983206e+17 8.3986099154280008e+18
2.1859999999999999e+01 3.8867075435050317e+17 8.4963426901019996e+18
2.2289999999999999e+01 3.8534180955020186e+17 8.5892689348739994e+18
2.2739999999999998e+01 3.8159140939947226e+17 8.6773886497439990e+18
2.3199999999999999e+01 3.7761645839275866e+17 8.7607018347120005e+18
2.3660000000000000e+01 3.7352520342958579e+17 8.8376063131439995e+18
2.4129999999999999e+01 3.6917124264566931e+17 8.9081020850400000e+18
2.4620000000000001e+01 3.6449193042380179e+17 8.9737913270340004e+18
2.5109999999999999e+01 3.5980382473620070e+17 9.0346740391259996e+18
2.5609999999999999e+01 3.5490621025700902e+17 9.0891480446820004e+18
2.6120000000000001e+01 3.4975540455849920e+17 9.1356111670680003e+18
2.6640000000000001e+01 3.4449203301621619e+17 9.1772677595520000e+18
2.7180000000000000e+01 3.3888570525629133e+17 9.2109134688659988e+18
2.7719999999999999e+01 3.3332441011103898e+17 9.2397526482779996e+18
2.8270000000000000e+01 3.2763293672281568e+17 9.2621831211539988e+18
2.8840000000000000e+01 3.2171306822101242e+17 9.2782048874939986e+18
2.9420000000000002e+01 3.1580633244615904e+17 9.2910223005659996e+18
3.0010000000000002e+01 3.0997126081319558e+17 9.3022375370039992e+18
3.1059999999999999e+01 3.0207167961056019e+17 9.3823463687040000e+18
3.2140000000000001e+01 2.9266891780379590e+17 9.4063790182140006e+18
3.3270000000000003e+01 2.8277671159747517e+17 9.4079811948480000e+18
3.4430000000000000e+01 2.7273764890717395e+17 9.3903572518739988e+18
3.5640000000000001e+01 2.6248903944797981e+17 9.3551093659260006e+18
3.6880000000000003e+01 2.5227331110732099e+17 9.3038397136379986e+18
3.8180000000000000e+01 2.4192111825589312e+17 9.2365482950099988e+18
3.9509999999999998e+01 2.3179047430888384e+17 9.1580416399440005e+18
4.0890000000000001e+01 2.2181271521335293e+17 9.0699219250740009e+18
4.2939999999999998e+01 2.1189476256371683e+17 9.0987611044859996e+18
4.5090000000000003e+01 1.9912614453173651e+17 8.9785978569360005e+18
4.7340000000000003e+01 1.8641294676958176e+17 8.8247889000720005e+18
4.9710000000000001e+01 1.7385115195727216e+17 8.6421407637959997e+18
5.2189999999999998e+01 1.6159911479931021e+17 8.4338578013760000e+18
5.4799999999999997e+01 1.4954623143996352e+17 8.1951334829100001e+18
5.7539999999999999e+01 1.3777493891261733e+17 7.9275699850320005e+18
6.0420000000000002e+01 1.2630200774150944e+17 7.6311673077420001e+18
6.3439999999999998e+01 1.1518801430759773e+17 7.3075276276739994e+18
6.6609999999999999e+01 1.0448664311809038e+17 6.9598552980960000e+18
6.9939999999999998e+01 9.4197173563168432e+16 6.5881503190080000e+18
7.3439999999999998e+01 8.4428425566176480e+16 6.2004235735800003e+18
7.7109999999999999e+01 7.5236436152431584e+16 5.8014815917139999e+18
8.0969999999999999e+01 6.6623795562282336e+16 5.3945287266780006e+18
8.5019999999999996e+01 5.8644715184756528e+16 4.9859736850080000e+18
8.9269999999999996e+01 5.1312008475478888e+16 4.5806229966060001e+18
9.3730000000000004e+01 4.4648302229894376e+16 4.1848853680080000e+18
9.8420000000000002e+01 3.8646284587644792e+16 3.8035673291160003e+18
1.0330000000000000e+02 3.3268817811519844e+16 3.4366688799299999e+18
1.0850000000000000e+02 2.8484780893880184e+16 3.0905987269859999e+18
1.1390000000000001e+02 2.4292880130974540e+16 2.7669590469180001e+18
1.1959999999999999e+02 2.0603241330200672e+16 2.4641476630920003e+18
1.2559999999999999e+02 1.7412190329697452e+16 2.1869711054099999e+18
1.3190000000000001e+02 1.4649166191084154e+16 1.9322250206040000e+18
1.3850000000000000e+02 1.2273714142050542e+16 1.6999094086740001e+18
1.4540000000000001e+02 1.0252167402156808e+16 1.4906651402736000e+18
1.5269999999999999e+02 8.5313020373634590e+15 1.3027298211054001e+18
1.6030000000000001e+02 7.0793618831079230e+15 1.1348217098622001e+18
1.6830000000000001e+02 5.8556081258074870e+15 9.8549884757340006e+17
1.7669999999999999e+02 4.8291979358709680e+15 8.5331927526840000e+17
1.8559999999999999e+02 3.9691854327219830e+15 7.3668081631320000e+17
1.9490000000000001e+02 3.2544983550569525e+15 6.3430172940060006e+17
2.0459999999999999e+02 2.6624636146627570e+15 5.4474005556000006e+17
2.1480000000000001e+02 2.1727842340977652e+15 4.6671405348420000e+17
2.2559999999999999e+02 1.7676496640186170e+15 3.9878176420260000e+17
2.3690000000000001e+02 1.4351282470865342e+15 3.3998188173480000e+17
2.4869999999999999e+02 1.1628181843063932e+15 2.8919288243700000e+17
2.6110000000000002e+02 9.3946090641669850e+14 2.4529324266540000e+17
2.7419999999999999e+02 7.5726510491028450e+14 2.0764209176640000e+17
2.8789999999999998e+02 6.0937249539076075e+14 1.7543834142300000e+17
3.0230000000000001e+02 4.8886792166774725e+14 1.4778477272016000e+17
3.1739999999999998e+02 3.9140761247750475e+14 1.2423277620036000e+17
3.3330000000000001e+02 3.1259989951701169e+14 1.0418954650902000e+17
3.4989999999999998e+02 2.4909519545470138e+14 8.7158408889600000e+16
3.6739999999999998e+02 1.9798263250843769e+14 7.2738819183600000e+16
3.8580000000000001e+02 1.5697842603732503e+14 6.0562276765200000e+16
4.0510000000000002e+02 1.2410837515408541e+14 5.0276302774920000e+16
4.2539999999999998e+02 9.7885685749083219e+13 4.1640570717660000e+16
4.4660000000000002e+02 7.7023583367622031e+13 3.4398732331980000e+16
4.6900000000000000e+02 6.0397618100469086e+13 2.8326482889120000e+16
4.9239999999999998e+02 4.7212800486068242e+13 2.3247582959340000e+16
5.1700000000000000e+02 3.6815973717446805e+13 1.9033858411920000e+16
5.4289999999999998e+02 2.8587741855881379e+13 1.5520285053558000e+16
5.7000000000000000e+02 2.2124091730200000e+13 1.2610732286214000e+16
5.9850000000000000e+02 1.7049729293142857e+13 1.0204262981946000e+16
6.2839999999999998e+02 1.3076963647017822e+13 8.2175639557859990e+15
6.5989999999999998e+02 9.9738469654068809e+12 6.5817416124720000e+15
6.9289999999999998e+02 7.5565207676605576e+12 5.2359132399120000e+15
7.2750000000000000e+02 5.6775413916865977e+12 4.1304113624520000e+15
7.6389999999999998e+02 4.2177997263699438e+12 3.2219772109740000e+15
8.0210000000000002e+02 3.0801101728313179e+12 2.4705563696280000e+15
8.4220000000000005e+02 2.1934334588007598e+12 1.8473096590020000e+15
8.8429999999999995e+02 1.4936496857057561e+12 1.3208344170696000e+15
9.2850000000000000e+02 9.2955579185331177e+11 8.6309255273580000e+14
9.7489999999999998e+02 4.5194232675146167e+11 4.4059857435000000e+14
