# Cell-volume averages; R=4pi integral[kappa_tot*J-j_material-j_Compton] dE
# j_Compton is angular averaged; directional mode evaluates it from full I(E,mu)
# depth tau T absorption emission Q_Compton R relative_R dr
0 5e-05 10552531 12131517512905.3 15623029361725.5 3517504521242.08 25992672421.9023 0.000831179000471097 124.231703536002
1 0.000112943094357289 10546031 12128486317572.5 15620536022188.1 3518198186411.47 26148481795.7949 0.000836290573826588 32.1588532206651
2 0.000142179756902702 10543053 12127032839485.3 15619392178827.7 3518516242184.32 26156902841.9668 0.000836620885484136 40.4835546538109
3 0.000178984677088464 10539307 12125204773801.5 15617954028033.6 3518916328580.34 26167074348.2832 0.000837022949984045 50.9632040098658
4 0.000225316988369763 10534597 12122886019436.1 15616147122920.6 3519419533640.8 26158430156.2388 0.00083684341088083 64.1556351748555
5 0.000283642969185164 10528673 12120001081832.6 15613875704001.7 3520052574985.55 26177952816.4536 0.000837589172044093 80.7630839672548
6 0.000357067323464069 10521233 12116370624743.7 15611023372589.9 3520847826187.31 26195078341.1646 0.000838289670475066 101.669568294732
7 0.000449498444654073 10511887 12111813557839.2 15607442205498.5 3521847239192.46 26218591533.208 0.00083923386223222 127.987944608803
8 0.000565856460306321 10500157 12106090657798.8 15602948796419 3523101937876.34 26243799256.1289 0.000840281776605049 161.119145482149
9 0.00071233513147485 10485438 12098923838694.2 15597316517565.8 3524677527271.76 26284848400.2114 0.000841898643027276 202.826751536974
10 0.00089673154788867 10467001 12089916418152.3 15590268692687 3526652640222.83 26300365688.1357 0.000842775737097575 255.330867203485
11 0.00112886116863829 10443926 12078674992782.7 15581459290265 3529126957898.88 26342660416.5986 0.000844606745029757 321.426297334347
12 0.0014210803010776 10415102 12064604489586.3 15570471274774.7 3532221221354.63 26354436166.2651 0.000845579781215666 404.631315240599
13 0.00178894382960024 10379164 12047072736808.3 15556802322716.9 3536085245856.89 26355659948.3423 0.000846361385495637 509.374941102063
14 0.00225203320532837 10334475 12025308399529.5 15539850631522.5 3540899020082.81 26356788089.793 0.000847320095862528 641.232699620513
15 0.00283499877077464 10279103 11998327948853.2 15518922763214.3 3546877769083.3 26282954722.2368 0.00084608698223048 807.22340634387
16 0.00356887190263334 10210919 11964900204097 15493271602985.7 3554262612207.7 25891213318.9897 0.000834865556471274 1016.18278065829
17 0.00449271681833058 10127120 11924204186050.2 15461942498514.4 3563371481594.45 25633169130.2505 0.000828225143688292 1279.23377294455
18 0.00565570997233524 10025926 11873727511390.1 15424394899328.7 3574427700745.27 23760312806.6177 0.000769625856005806 1610.37864150959
19 0.00711975772892318 9902781 11814483611636.2 15379194128541.6 3587953718459.45 23243201554.0391 0.000755099728397177 2027.24429567004
20 0.00896279165065302 9756264 11744155814782.8 15326116590976.9 3604165504315.42 22204728121.3188 0.00072388378187773 2552.0205797527
21 0.0112829168114355 9584678 11662255690577.2 15264950369861.1 3623323984324.06 20629305040.1787 0.000675251951764924 3212.64144306237
22 0.0142036339497527 9388441 11568255175722.6 15196320360728.5 3645486507267.71 17421322261.8057 0.000572880194613218 4044.27186973627
23 0.0178804134383136 9169275 11464006864737.8 15121346777008.7 3670584971031.22 13245058760.2915 0.000437767240666526 5091.17971806678
24 0.0225089710039023 8924744 11360672377394.3 15040026356601.3 3698123827669.13 18769848462.1211 0.000623607399381371 6409.09210768391
25 0.0283356857156821 8672677 11249065824612.5 14958247763704.7 3726799185121.22 17617246028.998 0.000588534096946093 8068.16178557012
26 0.0356707147936135 8419819 11135728942723.3 14878088891344.7 3756264663015.88 13904714394.439 0.00046707006592276 10156.7013711803
27 0.0449045033409274 8189103 11006249842141.5 14805916527360.2 3784010426614.89 -15656258603.8628 -0.000528995981870101 12785.8842553002
28 0.056528567817104 7953572 10901779560763.8 14733612003798.9 3812641548195.51 -19190894839.5557 -0.00065168681270062 16095.6623824548
29 0.071161659559888 7735955 10798447336235.7 14667201984636.1 3839223839055.29 -29530809345.1206 -0.00100770985030239 20262.2159216385
30 0.0895827010459865 7520113.5 10715972057414.7 14601350974388 3864614624148.65 -20764292824.6919 -0.000711546062139478 25507.3313728693
31 0.112772248094367 7325961 10628926577845.7 14540337914538.2 3885087203707.24 -26324132985.3271 -0.000906030644244892 32110.2073081029
32 0.141964685053748 7131272 10560909191207.6 14476841735762.2 3900514358519.45 -15418186035.1973 -0.000532795794187724 40422.316168521
33 0.178713931334818 6951711.5 10488388064983.7 14412935444070.4 3905296967313.08 -19250411773.6611 -0.000668263456640256 50886.1132147079
34 0.224976156859391 6773003.5 10422278121878.8 14341731022496.7 3896453695194.42 -22999205423.4917 -0.000802471528538539 64058.5885109813
35 0.283213909386819 6580778 10371866742125.5 14255269341123.6 3868877714614.33 -14524884383.7881 -0.000509716358464044 80640.9156208287
36 0.356527196436627 6376781 10325799119770.2 14148526266452.8 3813769764807.93 -8957381874.75195 -0.000316648463847716 101515.775219601
37 0.448818499325008 6156538.5 10279524424276.3 14013321976894.5 3721522177782.03 -12275374836.2432 -0.000438181385443242 127794.340368014
38 0.565000503046218 5903138 10244515187840.8 13836447727722.2 3583417771815.87 -8514768065.57275 -0.000307788132392835 160875.424482228
39 0.71125759950308 5616780.5 10213210276392.4 13608659580769.3 3389043157706.7 -6406146670.15332 -0.00023542564215515 202519.940459078
40 0.895375083957229 5295153 10186631085183.3 13322160128943.1 3130239433182.28 -5289610577.43604 -0.000198566180859529 254944.634430967
41 1.12715356789371 4941264 10169798397184.2 12980083613823.8 2805421649601.71 -4863567037.83447 -0.000187382397887932 320940.08361746
42 1.41893066758178 4560164 10189975528373.4 12616328612064.8 2419360197241.44 -6992886449.96387 -0.000277213172916067 404019.239323399
43 1.78623773792103 4147663 10379761038511 12371459581712.6 1985024411549.89 -6674131651.67212 -0.000269811834540742 508604.422057861
44 2.24862660965029 3626608.75 11291943379245.1 12836393936888.7 1537868885469.28 -6581672174.24731 -0.000256433386475179 640262.72256245
45 2.83071033731059 2301023.5 10595275105531.8 11789141899598.5 1166099492543.62 -27767301523.0693 -0.00117905276199832 806002.339194065
46 3.56347335718989 1381310.75 9319261625866.51 10126035180361.6 790246316159.996 -16527238335.0977 -0.000816743006853733 1014645.62576175
47 4.48592079522579 986098.0625 9306669734069.87 9744127171514.22 426152288224.028 -11305149220.3158 -0.000580437372805275 1277298.70723066
# Fin 7.95774715459476e+19 Fout 7.9655380368398e+19 closure 0.000979031137040101 volume_R -7.78958641573812e+16 identity_error 1.62838712671462e-07
