# Cell-volume averages; R=4pi integral[kappa_tot*J-j_material-j_Compton] dE
# j_Compton is angular averaged; directional mode evaluates it from full I(E,mu)
# depth tau T absorption emission Q_Compton R relative_R dr
0 5e-05 10540585 12145775428363 15626139363408.5 3507891695331.66 27527760286.147 0.000880048931808346 124.231703536002
1 0.000112943094357289 10534012 12142800141418.7 15623779644916.5 3508592495433.11 27612991935.3203 0.000882904550822161 32.1588532206651
2 0.000142179756902702 10530994 12141389660443.3 15622696788458.3 3508914502362.28 27607374347.2842 0.000882786221581605 40.4835546538109
3 0.000178984677088464 10527198 12139616285127.4 15621335136231.2 3509319580910.99 27600729807.1899 0.000882650802904351 50.9632040098658
4 0.000225316988369763 10522428 12137381526504.5 15619624197744.4 3509828658688.65 27585987448.7651 0.000882276315885019 64.1556351748555
5 0.000283642969185164 10516430 12134575397479.3 15617474424685.8 3510469001665.11 27569974458.5664 0.000881885897100233 80.7630839672548
6 0.000357067323464069 10508894 12131047625224 15614774665301.1 3511273790366.24 27546750289.1768 0.000881295889352214 101.669568294732
7 0.000449498444654073 10499429 12126616137850.3 15611384457166.1 3512284719857.46 27516400541.6704 0.000880516778148382 127.987944608803
8 0.000565856460306321 10487540 12121065071929.3 15607131076574.8 3513555383226.9 27489378581.3906 0.000879892363060078 161.119145482149
9 0.00071233513147485 10472634 12114075317559 15601804380658.3 3515149497570.58 27420434471.2983 0.000877986898843428 202.826751536974
10 0.00089673154788867 10453959 12105340102888.9 15595140061818.4 3517148231142.06 27348272212.5439 0.000876052205688379 255.330867203485
11 0.00112886116863829 10430580 12094398888133.9 15586810085768.9 3519652590916.56 27241393281.5938 0.000873097469600321 321.426297334347
12 0.0014210803010776 10401373 12080752801394 15576427831673.2 3522785241368.1 27110211088.8696 0.000869475329063703 404.631315240599
13 0.00178894382960024 10364948 12063731145102.5 15563515580839.2 3526697773474.31 26913337737.6289 0.000863882187956436 509.374941102063
14 0.00225203320532837 10319650 12042581063458.2 15547518113363.5 3531572859034.05 26635809128.7388 0.000855860478770268 641.232699620513
15 0.00283499877077464 10263510 12016394738978.6 15527783668450.2 3537629001537.58 26240072065.9854 0.000844226068346841 807.22340634387
16 0.00356887190263334 10194349 11983991705968 15503620600654.1 3545112783803.52 25483889117.4429 0.000821194047354396 1016.18278065829
17 0.00449271681833058 10109326 11944518999697.4 15474148747270.3 3554346381739.9 24716634166.9961 0.000798005452885105 1279.23377294455
18 0.00565570997233524 10006560 11895627387644.1 15438888325265.1 3565563471156.37 22302533535.3184 0.000721762989747264 1610.37864150959
19 0.00711975772892318 9881489 11838317863936.1 15396535439631.9 3579288975849.72 21071400153.8887 0.000683822381386332 2027.24429567004
20 0.00896279165065302 9732597 11770320431817.8 15346947700814.6 3595748294126.33 19121025129.5166 0.000622570732351037 2552.0205797527
21 0.0112829168114355 9558181 11691129103753.8 15290048055963.4 3615204714314.08 16285762104.5049 0.000532277384023874 3212.64144306237
22 0.0142036339497527 9358302 11600711128930.8 15226452899319.5 3637753899146.14 12012128757.4888 0.000394293816451956 4044.27186973627
23 0.0178804134383136 9127529 11509472020194.4 15155165018919.8 3664095624483.91 18402625758.5215 0.000606771999431717 5091.17971806678
24 0.0225089710039023 8888394 11398317054199.5 15083763192610.2 3690831828906.18 5385690495.39355 0.000178494222959942 6409.09210768391
25 0.0283356857156821 8634961 11287659179625.4 15010676773234.1 3719578725685.62 -3438867923.05664 -0.000114560520272067 8068.16178557012
26 0.0356707147936135 8386394 11168690060767.4 14941444096890.6 3748497453083.46 -24256583039.6816 -0.000812380934126784 10156.7013711803
27 0.0449045033409274 8130662 11068752677834.4 14872390113160.7 3778780529398.15 -24856905928.1113 -0.000836371805544162 12785.8842553002
28 0.056528567817104 7883622.5 10976965614074.4 14807674222882.1 3808522788117 -22185820690.6777 -0.000749694142926121 16095.6623824548
29 0.071161659559888 7647727.5 10894474492899.4 14747335180615.9 3836950880255.71 -15909807460.8604 -0.000539704083956987 20262.2159216385
30 0.0895827010459865 7433389.5 10809381262841.9 14692859347270.2 3861979322208.34 -21498762220.0278 -0.000732141438443753 25507.3313728693
31 0.112772248094367 7231961 10730846427340.4 14641035929206 3883008518349.22 -27180983516.3579 -0.000929109037958596 32110.2073081029
32 0.141964685053748 7029627 10672505818169.5 14587251658671.3 3898531623778.43 -16214216723.2925 -0.000556075724036502 40422.316168521
33 0.178713931334818 6842638.5 10609578546147.9 14533480544316.7 3903634735037.96 -20267263130.8223 -0.000697747676640154 50886.1132147079
34 0.224976156859391 6656371 10553859910253.3 14473685899013.7 3894998147153.04 -24827841607.3809 -0.000858425235511477 64058.5885109813
35 0.283213909386819 6455753.5 10516066385815.8 14401196701426.6 3867559109847.68 -17571205763.0503 -0.000610433013716048 80640.9156208287
36 0.356527196436627 6240504 10487437220481.4 14311965249151 3812707786280.15 -11820242389.4243 -0.000413120258649281 101515.775219601
37 0.448818499325008 6001798 10469708766066.9 14199526733026.6 3721316645751.74 -8501321207.89795 -0.000299441911679816 127794.340368014
38 0.565000503046218 5729628.5 10467350059204.8 14057737334215.9 3583731459576.2 -6655815434.90039 -0.000236787446306758 160875.424482228
39 0.71125759950308 5413795.5 10489505446633.8 13884727787693.3 3389504454099.42 -5717886960.07422 -0.000205948025595191 202519.940459078
40 0.895375083957229 5045605.5 10553795538617.3 13692258681648.7 3132878446037.91 -5584696993.49756 -0.000203977892840608 254944.634430967
41 1.12715356789371 4609917 10714747648332.5 13534841510432.7 2813355742019.21 -6738120080.93311 -0.000248979558789176 320940.08361746
42 1.41893066758178 4061311.25 11178749618816.9 13622724881697 2438076553478.34 -5898709401.81104 -0.000216549435419073 404019.239323399
43 1.78623773792103 3267689.25 12868025600343.9 14911963955859.6 2034781393218.13 -9156962297.59717 -0.000307128379860144 508604.422057861
44 2.24862660965029 2274357.5 14065257373963.5 15691825077171.7 1622351521257.51 -4216181950.73022 -0.000134361313031955 640262.72256245
45 2.83071033731059 1638213 10978258138785.5 12180743514763.9 1192271128173.12 -10214247805.314 -0.000419454370901735 806002.339194065
46 3.56347335718989 1149378.125 10844365140566.2 11642014733656.4 790825061651.78 -6824531438.46631 -0.000293185176539323 1014645.62576175
47 4.48592079522579 810566.25 12426386448569.9 12858816659380.5 425278209981.507 -7152000829.12817 -0.000278174521149084 1277298.70723066
# Fin 7.95774715459476e+19 Fout 7.96264847504433e+19 closure 0.000615918092690702 volume_R -4.90005995248757e+16 identity_error 1.58398735321692e-07
