# iteration max_dlogT max_relative_L1_dJ max_local_R abs_volume_R/Fin Fout/Fin identity_error
1 0.130288344570976 0.116406193034492 0.462952870041295 0.378009261435949 1.37658169556803 -2.52918515180455e-07
2 0.130288344570976 0.126505942240239 0.435649656998407 0.339902999916763 1.33948471946502 4.34078358723111e-08
3 0.130288344570976 0.166747784242108 0.422326879576297 0.320297380266745 1.32013894645594 -8.35700478470236e-08
4 0.130288344570976 0.168545134709423 0.392085730751856 0.304101807110822 1.30404674192853 -9.61234546572814e-08
5 0.130288344570976 0.139083397583853 0.320209807604658 0.251016628220205 1.25100212118787 7.03965823102766e-08
6 0.130288344570976 0.144103206105541 0.223463315813392 0.178929404046011 1.17892756308412 1.99571468617348e-07
7 0.130288344570976 0.14258690239777 0.115071336085875 0.115356437692842 1.11535664943174 2.11738901865852e-07
8 0.0624349326303697 0.09983744882037 0.0601916085341515 0.0736447420220171 1.07364437627625 1.95091275353578e-07
9 0.0264974487357224 0.0687330960098232 0.0343925778366555 0.0464554866898297 1.04645347417999 1.89865070912942e-07
10 0.0141210454174117 0.0477042093398284 0.0202185839122439 0.0289349868629101 1.02893050468474 1.81311963074036e-07
11 0.00696491159490245 0.0312293286026117 0.0132527133628055 0.0180042831367499 1.01799750258525 1.91593052357548e-07
12 0.00477853526139878 0.0198370429869887 0.00836631578246688 0.0112959264770777 1.0112873322105 1.91526249853061e-07
13 0.00301252830244536 0.0126337451081398 0.00506340522968191 0.00716684525532575 1.0071567440989 1.76829276352003e-07
14 0.00221556940763283 0.00813014172319606 0.00322488764457651 0.00459881833442647 1.00458772467509 1.81294455579152e-07
15 0.00199368609244229 0.00528550727534963 0.00220792488514485 0.00298116337161781 1.00296934308455 1.742549898116e-07
16 0.00153809617915616 0.00344447329537656 0.00149059137028276 0.00196104146590601 1.00194872614325 1.70269007011017e-07
17 0.00109690601442425 0.00224117123616216 0.000989184566056034 0.00130863849596143 1.00129605355512 1.70065978844099e-07
18 0.000747068207085914 0.00145150854675857 0.000938022575527053 0.000890043153371228 1.00087727817699 1.56662832099883e-07
19 0.000494232958840016 0.000933412552097116 0.000929109037958596 0.000628825550924126 1.00061591809269 1.58398735321692e-07
