# E_keV Fhat_E; complete spectrum, no continuum subtraction
5.000000000000000000e+00 1.089016715601934804e+00
5.000350000000000072e+00 1.089094043931308153e+00
5.014185910000000135e+00 1.091588670717986043e+00
5.028059479999999581e+00 1.094899243577978076e+00
5.041971679999999623e+00 1.098136686627593228e+00
5.055922510000000258e+00 1.101068412390303619e+00
5.069911959999999773e+00 1.104113394394505621e+00
5.083940029999999943e+00 1.107379875642397149e+00
5.098006729999999820e+00 1.110261592527210794e+00
5.112112520000000160e+00 1.113214774499368120e+00
5.126257419999999954e+00 1.116993291603802341e+00
5.140441420000000150e+00 1.123958718527840794e+00
5.154664519999999861e+00 1.128519495140251516e+00
5.168927189999999783e+00 1.129715662472422055e+00
5.183229449999999794e+00 1.131131442980070512e+00
5.197570800000000268e+00 1.133620078003167553e+00
5.211952209999999752e+00 1.135972654383396341e+00
5.226373200000000274e+00 1.138984120783705034e+00
5.240834239999999866e+00 1.141603945376933771e+00
5.255335330000000305e+00 1.144229666206921125e+00
5.269876000000000005e+00 1.147705189376648338e+00
5.284457680000000046e+00 1.151282202730299797e+00
5.299079419999999985e+00 1.153839950560875183e+00
5.313741209999999882e+00 1.157360605560421751e+00
5.328444000000000180e+00 1.161089604263306541e+00
5.343187330000000124e+00 1.164463302408271339e+00
5.357971670000000408e+00 1.167326332587280913e+00
5.372797010000000206e+00 1.170681546020786890e+00
5.387662889999999649e+00 1.174995947929629914e+00
5.402570250000000129e+00 1.178716576965151974e+00
5.417518620000000062e+00 1.182441443314656171e+00
5.432508470000000145e+00 1.186140308225735795e+00
5.447539810000000315e+00 1.189950343221959583e+00
5.462612629999999747e+00 1.194345306232760473e+00
5.477727409999999963e+00 1.198677231628657802e+00
5.492883680000000268e+00 1.202505570322788486e+00
5.508082390000000217e+00 1.205483499838426065e+00
5.523322580000000315e+00 1.208763051544274658e+00
5.538605210000000056e+00 1.212265733220295072e+00
5.553930280000000330e+00 1.215030581009046706e+00
5.569297309999999612e+00 1.218838321035442540e+00
5.584707260000000062e+00 1.221847628864826341e+00
5.600159650000000156e+00 1.225496093113996654e+00
5.615654949999999701e+00 1.228636191510261710e+00
5.631193159999999587e+00 1.231502219153643329e+00
5.646774289999999752e+00 1.234747087978590674e+00
5.662398340000000196e+00 1.238067544145114107e+00
5.678065779999999840e+00 1.241397304902586374e+00
5.693776609999999572e+00 1.244851130316054100e+00
5.709530830000000279e+00 1.248294166766039437e+00
5.725328450000000124e+00 1.251786876640217150e+00
5.741169929999999866e+00 1.255288873857051346e+00
5.757055280000000330e+00 1.258363203847517653e+00
5.772984980000000377e+00 1.262147063254974722e+00
5.788958069999999623e+00 1.265997462916753635e+00
5.804975989999999975e+00 1.269550183087801098e+00
5.821037770000000222e+00 1.273470873387775759e+00
5.837143900000000052e+00 1.277902429014572405e+00
5.853294850000000160e+00 1.282171238921899992e+00
5.869490619999999659e+00 1.286193573315202565e+00
5.885731220000000263e+00 1.290880047127034080e+00
5.902016640000000258e+00 1.295999928487575614e+00
5.918346879999999643e+00 1.301505946492135468e+00
5.934722419999999943e+00 1.307291067103395932e+00
5.951143260000000268e+00 1.313270424998916441e+00
5.967609880000000366e+00 1.320740042076157028e+00
5.984121799999999602e+00 1.329735433135917466e+00
6.000679489999999561e+00 1.339708312313804495e+00
6.017282490000000372e+00 1.350963456905859950e+00
6.033932209999999685e+00 1.364064649632109605e+00
6.050627229999999912e+00 1.379609943443234510e+00
6.067368980000000356e+00 1.399334385834507755e+00
6.084156990000000320e+00 1.424274369559667131e+00
6.100991249999999866e+00 1.452741807887604875e+00
6.117872239999999628e+00 1.486966257183447215e+00
6.134799959999999608e+00 1.527688304411418452e+00
6.151774409999999804e+00 1.576292586581899746e+00
6.168796060000000026e+00 1.639116961162127240e+00
6.185864450000000403e+00 1.726207964403879691e+00
6.202980519999999665e+00 1.818039478247319041e+00
6.220143799999999779e+00 1.929606179485241713e+00
6.237354279999999918e+00 2.067071913286696816e+00
6.254612449999999768e+00 2.245549040333552959e+00
6.271918770000000087e+00 2.489939256454369865e+00
6.289272310000000310e+00 2.885139441073602651e+00
6.306674479999999861e+00 3.226139962265921923e+00
6.324124340000000011e+00 3.442833260996978950e+00
6.341622830000000377e+00 3.484129984967869742e+00
6.359169480000000263e+00 3.338273229543043286e+00
6.376765250000000052e+00 3.302699948965434729e+00
6.394409180000000248e+00 6.983596367803753147e+00
6.412101749999999711e+00 1.693949912414469594e+01
6.429843899999999834e+00 1.331988224664043763e+01
6.447634700000000052e+00 7.085991858499247620e+00
6.465474610000000233e+00 4.232625554654537936e+00
6.483364110000000125e+00 6.319014831525990417e+00
6.501303199999999727e+00 1.825192187803631239e+00
6.519291879999999928e+00 3.628508173746647802e+00
6.537330149999999840e+00 2.493948956914535220e+00
6.555418490000000098e+00 2.847719906297044190e+00
6.573556899999999814e+00 3.356909853436191860e+00
6.591745379999999876e+00 2.792645709640993790e+00
6.609983920000000346e+00 1.691303405341908039e+00
6.628273489999999768e+00 1.560484735935160128e+00
6.646613119999999597e+00 1.482138011127014821e+00
6.665003780000000155e+00 1.459897914204942637e+00
6.683445449999999788e+00 1.460398185030568730e+00
6.701938150000000149e+00 1.463626572951341798e+00
6.720481870000000413e+00 1.467615179499347722e+00
6.739077090000000325e+00 1.472106538159641431e+00
6.757723330000000139e+00 1.476733501848790375e+00
6.776421550000000238e+00 1.482823094492135452e+00
6.795171260000000046e+00 1.487643248044918876e+00
6.813972950000000139e+00 1.492163461073614306e+00
6.832826609999999690e+00 1.498865016654082893e+00
6.851732730000000160e+00 1.506489005780239365e+00
6.870690820000000087e+00 1.513007175809454763e+00
6.889701839999999855e+00 1.525010079006542618e+00
6.908764839999999907e+00 1.541658954875974930e+00
6.927880759999999860e+00 1.561658322184013015e+00
6.947049619999999592e+00 1.582163381846759087e+00
6.966271879999999861e+00 1.596520792709142933e+00
6.985547069999999970e+00 1.589742021553940177e+00
7.004875179999999979e+00 1.564765753064406573e+00
7.024257180000000211e+00 1.520703855923470460e+00
7.043693069999999778e+00 1.547027316380560125e+00
7.063182349999999943e+00 1.833604570227504116e+00
7.082725520000000330e+00 2.742578275419591094e+00
7.102323059999999799e+00 1.699573492254973228e+00
7.121974469999999613e+00 1.495142201275878602e+00
7.141680240000000346e+00 1.384254812538203483e+00
7.161440849999999969e+00 1.287221065137076570e+00
7.181256290000000320e+00 1.177769128270860888e+00
7.201126099999999752e+00 1.068755681321849282e+00
7.221051219999999660e+00 8.992141279295192691e-01
7.241031170000000294e+00 9.746698002225948620e-01
7.261066439999999567e+00 9.770877954969855450e-01
7.281157490000000010e+00 8.714260516166326687e-01
7.301303859999999979e+00 7.916282987134521942e-01
7.321506020000000170e+00 8.882748140765114320e-01
7.341763969999999695e+00 8.954446879582214081e-01
7.362078190000000077e+00 8.979641776420063115e-01
7.382448199999999794e+00 7.641233717672013537e-01
7.402874950000000176e+00 7.030268280772857814e-01
7.423357959999999700e+00 7.651338378108037963e-01
7.443898199999999576e+00 9.001384290906305763e-01
7.464494710000000310e+00 8.735576729969524168e-01
7.485148429999999742e+00 7.025953961202722198e-01
7.505859380000000414e+00 8.354532457914582988e-01
7.526627539999999783e+00 9.023944698531185526e-01
7.547452930000000393e+00 8.054546274027259978e-01
7.568336010000000336e+00 6.646217905209598209e-01
7.589277270000000186e+00 8.820639293832736039e-01
7.610276220000000258e+00 8.977023177473584248e-01
7.631333350000000237e+00 9.144031752037276028e-01
7.652448650000000185e+00 8.955293447408028129e-01
7.673622130000000041e+00 8.579228871672787138e-01
7.694854740000000248e+00 8.387812234267602030e-01
7.716145520000000424e+00 8.806308395490116681e-01
7.737495420000000124e+00 8.976197443993708669e-01
7.758904460000000114e+00 7.928501759935554505e-01
7.780373100000000264e+00 8.368505695514287801e-01
7.801900859999999938e+00 8.703836700142371097e-01
7.823487759999999902e+00 8.805040745969602289e-01
7.845134739999999773e+00 9.002007456896673476e-01
7.866841789999999612e+00 8.952336218866819850e-01
7.888608930000000186e+00 7.355849047912250693e-01
7.910435679999999969e+00 8.404398261939073356e-01
7.932323460000000104e+00 8.866693424714767735e-01
7.954271789999999953e+00 8.927952556761544756e-01
7.976280209999999649e+00 9.104883374794281448e-01
7.998350140000000330e+00 9.106240032854978628e-01
8.000000000000000000e+00 9.109832843980650852e-01
