# E_keV Fhat_E; complete spectrum, no continuum subtraction
5.000000000000000000e+00 1.129544464737188614e+00
5.001503470000000284e+00 1.129594905016298334e+00
5.017652509999999566e+00 1.130005314699960461e+00
5.033853530000000021e+00 1.130925027126483240e+00
5.050106999999999680e+00 1.131822746849221240e+00
5.066412930000000259e+00 1.132490373791293248e+00
5.082771300000000103e+00 1.133242470637763732e+00
5.099182609999999727e+00 1.139647095891265671e+00
5.115646840000000140e+00 1.178110487280640717e+00
5.132164480000000140e+00 1.139514172861938679e+00
5.148735519999999788e+00 1.198932743920090527e+00
5.165359500000000104e+00 1.188269151207615337e+00
5.182037829999999623e+00 1.178234076062918190e+00
5.198769569999999618e+00 1.169764579211494127e+00
5.215555189999999897e+00 1.161377721227023319e+00
5.232395649999999954e+00 1.178797063751128915e+00
5.249289990000000294e+00 1.148492282551826449e+00
5.266239170000000414e+00 1.142775641847745494e+00
5.283242699999999736e+00 1.138787475185616627e+00
5.300301550000000361e+00 1.146874369195511223e+00
5.317415239999999876e+00 1.133519301564792192e+00
5.334584239999999866e+00 1.130219875153654296e+00
5.351808550000000331e+00 1.127950030221440914e+00
5.369088650000000129e+00 1.126311317148272817e+00
5.386424540000000150e+00 1.125724105026675304e+00
5.403816220000000392e+00 1.124718455649177606e+00
5.421264169999999716e+00 1.123410342209869128e+00
5.438768389999999897e+00 1.124337858768589937e+00
5.456329349999999856e+00 1.186898920062086527e+00
5.473946569999999845e+00 1.198963720531093013e+00
5.491621020000000186e+00 1.185392002537385636e+00
5.509352680000000113e+00 1.172903167488200449e+00
5.527141089999999757e+00 1.162143873462886612e+00
5.544987199999999561e+00 1.153992269918644009e+00
5.562891010000000414e+00 1.144851061919073931e+00
5.580852990000000347e+00 1.138051595156187368e+00
5.598872179999999865e+00 1.133037179621456003e+00
5.616950039999999866e+00 1.127399234911352410e+00
5.635086059999999897e+00 1.122503918286234637e+00
5.653280739999999582e+00 1.118802053454046153e+00
5.671534539999999680e+00 1.115949394839852671e+00
5.689846519999999686e+00 1.113934413150029723e+00
5.708218099999999851e+00 1.112701292273944764e+00
5.726648810000000367e+00 1.112229131584384190e+00
5.745139120000000155e+00 1.112262115717714162e+00
5.763689519999999789e+00 1.112900866944700029e+00
5.782299039999999835e+00 1.114629335801115451e+00
5.800969120000000423e+00 1.116858767355945359e+00
5.819699759999999777e+00 1.119807572638553239e+00
5.838490489999999866e+00 1.123909562409731056e+00
5.857341769999999670e+00 1.128105412956681874e+00
5.876254079999999824e+00 1.133134121677648265e+00
5.895227430000000268e+00 1.139431229126807166e+00
5.914262289999999922e+00 1.146637541482454115e+00
5.933358189999999865e+00 1.154723314373960363e+00
5.952516079999999654e+00 1.163419318571818240e+00
5.971735480000000429e+00 1.173329166339605933e+00
5.991017339999999969e+00 1.184995223399032183e+00
6.010361190000000242e+00 1.197960598961950174e+00
6.029767510000000108e+00 1.211984051899229309e+00
6.049236299999999567e+00 1.228081987264454611e+00
6.068768500000000010e+00 1.245464953353630166e+00
6.088363170000000046e+00 1.264789788250729741e+00
6.108021739999999866e+00 1.286849516583403741e+00
6.127743240000000036e+00 1.311277983046763351e+00
6.147528649999999928e+00 1.337256617456452856e+00
6.167377949999999664e+00 1.367345447529181524e+00
6.187291150000000073e+00 1.400367458587992386e+00
6.207269189999999881e+00 1.435517868392928387e+00
6.227311130000000361e+00 1.475637327518957376e+00
6.247417930000000119e+00 1.519114728370175804e+00
6.267589570000000165e+00 1.567479683740710561e+00
6.287826540000000186e+00 1.618793749636777690e+00
6.308128830000000242e+00 1.675664994128667429e+00
6.328496930000000020e+00 1.734835331815754778e+00
6.348930359999999773e+00 1.795120652998834609e+00
6.369430069999999944e+00 1.854802123524334601e+00
6.389995569999999958e+00 1.923302532253912345e+00
6.410627840000000077e+00 2.076848243956721074e+00
6.431326389999999726e+00 2.261477450268256195e+00
6.452092170000000237e+00 2.172936065281219520e+00
6.472924710000000026e+00 2.766059641133374658e+00
6.493824960000000424e+00 2.603151555483690149e+00
6.514791970000000099e+00 2.317102976293635486e+00
6.535827160000000191e+00 2.360906704135873557e+00
6.556930069999999944e+00 2.750461057652068941e+00
6.578101629999999922e+00 2.877125970795745502e+00
6.599340920000000388e+00 2.637530686048375372e+00
6.620648860000000191e+00 2.402613247703131449e+00
6.642025949999999845e+00 5.640899172918809157e+00
6.663471699999999664e+00 7.018856803817794976e+00
6.684987070000000031e+00 3.562672287236587465e+00
6.706571580000000310e+00 2.181240575088149392e+00
6.728225710000000248e+00 2.210074892778539635e+00
6.749949929999999654e+00 1.344546748064696651e+00
6.771744729999999990e+00 1.280139530468686226e+00
6.793609140000000046e+00 1.228067034055839057e+00
6.815544609999999892e+00 1.186784614285932182e+00
6.837550639999999902e+00 1.155417682983934213e+00
6.859628200000000398e+00 1.130647680728423810e+00
6.881776330000000108e+00 1.111197346169829014e+00
6.903996470000000052e+00 1.095423111182585396e+00
6.926288129999999654e+00 1.080162946791821454e+00
6.948652270000000186e+00 1.064259604969849615e+00
6.971087930000000377e+00 1.290425796448576579e+00
6.993596550000000356e+00 1.864295856469948998e+00
7.016177650000000376e+00 1.030630211210927127e+00
7.038831230000000438e+00 1.019570313887302238e+00
7.061558719999999845e+00 1.008991733142323710e+00
7.084359169999999928e+00 9.986348875633360711e-01
7.107233049999999608e+00 9.900536232625866129e-01
7.130181310000000217e+00 9.816837976519017239e-01
7.153203010000000361e+00 9.726550601530944418e-01
7.176299570000000294e+00 9.651907893207267719e-01
7.199470520000000207e+00 9.572585517176359637e-01
7.222716329999999907e+00 9.473071093423616196e-01
7.246037480000000031e+00 9.426832907817116469e-01
7.269433499999999881e+00 9.356384814109572901e-01
7.292905329999999964e+00 9.244128546079827258e-01
7.316452499999999581e+00 9.195864216511500100e-01
7.340075970000000005e+00 9.120373393693811392e-01
7.363775730000000408e+00 9.034793262423438387e-01
7.387552259999999649e+00 8.902348869898630834e-01
7.411405089999999696e+00 8.804550180601805609e-01
7.435335639999999913e+00 8.760610385873954797e-01
7.459342959999999856e+00 8.648361957855736915e-01
7.483427520000000222e+00 8.508510610777962890e-01
7.507590290000000444e+00 8.464801818898133323e-01
7.531830789999999887e+00 8.411226157376803236e-01
7.556149959999999943e+00 8.164644142544099648e-01
7.580547329999999917e+00 7.941478354115303340e-01
7.605023380000000444e+00 8.070440050397535980e-01
7.629578590000000382e+00 8.208931046258491904e-01
7.654213430000000429e+00 8.117635383811703242e-01
7.678927419999999948e+00 8.102007553545782503e-01
7.703721520000000211e+00 8.245043362971387069e-01
7.728595259999999634e+00 8.350168253267531426e-01
7.753549579999999608e+00 3.776026680152242410e-01
7.778584480000000134e+00 5.062461224460916842e-01
7.803699970000000263e+00 8.516731593874761197e-01
7.828896519999999803e+00 8.575423078212034422e-01
7.854174610000000278e+00 8.626966105546448604e-01
7.879534719999999659e+00 9.790934380594041864e-01
7.904976369999999974e+00 9.844758797762750424e-01
7.930500030000000145e+00 8.570854923186143060e-01
7.956106189999999856e+00 8.657938722260404285e-01
7.981794830000000118e+00 8.724198139598662305e-01
8.000000000000000000e+00 8.704555352628116083e-01
