# E_keV Fhat_E; complete spectrum, no continuum subtraction
5.000000000000000000e+00 1.065256514962525047e+00
5.007328999999999475e+00 1.066747676281015966e+00
5.032424999999999926e+00 1.071897682619668224e+00
5.057647000000000226e+00 1.077092744376554556e+00
5.082996000000000514e+00 1.082320844717814978e+00
5.108470999999999762e+00 1.087578130260436593e+00
5.134074000000000026e+00 1.098390329443592384e+00
5.159805999999999671e+00 1.103880569751722884e+00
5.185666000000000331e+00 1.107178240077650200e+00
5.211656999999999762e+00 1.111116463615240857e+00
5.237777000000000349e+00 1.115512672853243847e+00
5.264028000000000596e+00 1.120240220963562905e+00
5.290410999999999753e+00 1.125203464330425840e+00
5.316926000000000485e+00 1.130341117567803311e+00
5.343573999999999380e+00 1.135607692633210819e+00
5.370356000000000130e+00 1.140970181583069509e+00
5.397272000000000070e+00 1.146410464397599416e+00
5.424322000000000088e+00 1.151910758783357469e+00
5.451507999999999576e+00 1.157464476882785087e+00
5.478831000000000451e+00 1.163384058042442604e+00
5.506289999999999907e+00 1.168969663825381033e+00
5.533888000000000140e+00 1.174558879882044771e+00
5.561622999999999983e+00 1.180222996185393391e+00
5.589497000000000604e+00 1.185956985731308588e+00
5.617511000000000365e+00 1.191763439474757158e+00
5.645666000000000295e+00 1.197648674489883991e+00
5.673961000000000254e+00 1.203632884533224479e+00
5.702399000000000662e+00 1.209736100744490894e+00
5.730979000000000489e+00 1.216000454218325144e+00
5.759701999999999877e+00 1.222488325612100857e+00
5.788569000000000742e+00 1.229288504117958203e+00
5.817581000000000557e+00 1.236527240698889640e+00
5.846738000000000213e+00 1.244401754654919756e+00
5.876041999999999987e+00 1.253188822211736886e+00
5.905492000000000630e+00 1.263295072806625674e+00
5.935089999999999755e+00 1.275307975465199695e+00
5.964836000000000027e+00 1.290073431450470265e+00
5.994730999999999810e+00 1.308768639497546404e+00
6.024776000000000131e+00 1.332999966746935216e+00
6.054971999999999355e+00 1.364920492021791887e+00
6.085319000000000145e+00 1.407698214351141397e+00
6.115817999999999977e+00 1.466678926466521204e+00
6.146469999999999878e+00 1.551074618154590468e+00
6.177275999999999989e+00 1.673186794240835829e+00
6.208236000000000310e+00 1.839712755098374730e+00
6.239351000000000091e+00 2.037020888440359556e+00
6.270622000000000362e+00 2.230001135708118642e+00
6.302050000000000374e+00 2.390006499104286419e+00
6.333635000000000126e+00 2.527958569673018907e+00
6.365378999999999898e+00 2.695097000674000043e+00
6.397282000000000579e+00 1.681886693272167932e+01
6.429344000000000392e+00 1.121405148881653524e+01
6.461568000000000644e+00 5.976163245634253052e+00
6.493952000000000169e+00 4.424302307137964796e+00
6.526498999999999384e+00 2.448397743170760865e+00
6.559210000000000207e+00 1.651079861327768628e+00
6.592083999999999833e+00 1.417743118506582078e+00
6.625122999999999429e+00 1.413395011122104528e+00
6.658328000000000024e+00 1.415807042787204706e+00
6.691698999999999842e+00 1.421787938496550163e+00
6.725236999999999910e+00 1.429906776603221630e+00
6.758943000000000367e+00 1.439713859539741181e+00
6.792818000000000467e+00 1.451421947181328331e+00
6.826863000000000348e+00 1.466081144148565274e+00
6.861079000000000150e+00 1.484911503780355968e+00
6.895466000000000761e+00 1.507171159992881870e+00
6.930025999999999797e+00 1.528248297220766494e+00
6.964757999999999782e+00 1.541730289372429619e+00
6.999665000000000248e+00 1.544990525637807366e+00
7.034747000000000305e+00 1.542040849115299483e+00
7.070005000000000095e+00 1.542057644641329217e+00
7.105439000000000505e+00 2.952250842855391078e+00
7.141051000000000037e+00 1.965712619146223528e+00
7.176841000000000470e+00 1.376998834878691236e+00
7.212810999999999417e+00 1.287860748727241766e+00
7.248961000000000432e+00 1.245665544247383183e+00
7.285292000000000101e+00 1.201780218301212733e+00
7.321805000000000341e+00 1.173123600567519853e+00
7.358502000000000542e+00 1.146676853476720881e+00
7.395381999999999678e+00 1.120034525390308122e+00
7.432446999999999804e+00 1.097926943821829537e+00
7.469698000000000171e+00 1.092552062767042642e+00
7.507134999999999891e+00 1.073658711167153390e+00
7.544760000000000133e+00 1.057683528419517849e+00
7.582573999999999259e+00 1.041927977275011186e+00
7.620576999999999934e+00 1.037437509893946341e+00
7.658770999999999773e+00 9.928736181839130648e-01
7.697155999999999665e+00 9.912869492568153751e-01
7.735734000000000776e+00 9.896470267293895340e-01
7.774504000000000303e+00 9.466257738502493746e-01
7.813470000000000582e+00 9.480857752560380991e-01
7.852630000000000443e+00 9.499784172525238546e-01
7.891987000000000307e+00 9.518090309998376020e-01
7.931541000000000174e+00 9.281393996937353785e-01
7.971292999999999296e+00 9.318496789508842193e-01
8.000000000000000000e+00 9.347434850374750637e-01
