# E_keV bin_low_keV bin_high_keV Fhat_DAO Fhat_reflionx Fhat_xillvercp reflionx_over_DAO xillvercp_over_DAO valid
# Ratios of complete normalized spectra; no continuum subtraction.
6.187999999999999723e+00 6.127201318709872169e+00 6.249692472434143831e+00 1.251109904705515863e+00 1.397131815568478430e+00 1.407286000745477494e+00 1.116713895648786314e+00 1.124830037275359906e+00 1.000000000000000000e+00
6.312000000000000277e+00 6.249692472434143831e+00 6.356840724762577111e+00 1.348425387484891047e+00 1.611037983651270267e+00 1.665361150686101910e+00 1.194755007287580995e+00 1.235041379480673829e+00 1.000000000000000000e+00
6.402000000000000135e+00 6.356840724762577111e+00 6.447339451277557920e+00 1.488813811573771018e+00 1.923279853152240815e+00 2.030973084531376038e+00 1.291820265368986309e+00 1.364155187668838254e+00 1.000000000000000000e+00
6.493000000000000327e+00 6.447339451277557920e+00 6.539334675637881844e+00 1.703729868168878392e+00 2.392178828151386494e+00 2.468690588109098361e+00 1.404083401274424991e+00 1.448991788095127076e+00 1.000000000000000000e+00
6.586000000000000298e+00 6.539334675637881844e+00 6.632833482004504511e+00 2.493974108009755053e+00 3.169677092017466169e+00 2.758233087669290651e+00 1.270934241794088537e+00 1.105958990837487166e+00 1.000000000000000000e+00
6.679999999999999716e+00 6.632833482004504511e+00 6.727332309318456716e+00 3.470173478072656081e+00 4.027630389949527157e+00 4.260328997335625978e+00 1.160642375777272139e+00 1.227699140765096342e+00 1.000000000000000000e+00
6.775000000000000355e+00 6.727332309318456716e+00 6.823327633933461200e+00 1.307388413554965378e+00 2.745623995126949879e+00 1.378048169633578013e+00 2.100082857290457294e+00 1.054046490963216787e+00 1.000000000000000000e+00
6.871999999999999886e+00 6.823327633933461200e+00 6.920826540233471214e+00 1.160609096331354229e+00 1.938552005405225875e+00 1.123030021401440814e+00 1.670288481740254127e+00 9.676212472841203560e-01 1.000000000000000000e+00
6.969999999999999751e+00 6.920826540233471214e+00 7.019821935063595753e+00 1.080147244728152600e+00 1.632337683968944742e+00 1.295467854765549154e+00 1.511217745484103370e+00 1.199343757148209511e+00 1.000000000000000000e+00
7.070000000000000284e+00 7.019821935063595753e+00 7.140151959167256202e+00 1.020718870147751645e+00 1.280880293893334798e+00 1.001794801924855038e+00 1.254880585981450691e+00 9.814600584192616495e-01 1.000000000000000000e+00
