# E_keV Fhat_E; complete spectrum, no continuum subtraction
5.000000000000000000e+00 1.030095542425313315e+00
5.001503470000000284e+00 1.030497035787732107e+00
5.017652509999999566e+00 1.034524237988054152e+00
5.033853530000000021e+00 1.039122478105423353e+00
5.050106999999999680e+00 1.043610842897822133e+00
5.066412930000000259e+00 1.047845610618582723e+00
5.082771300000000103e+00 1.052493358384592126e+00
5.099182609999999727e+00 1.056659647972849170e+00
5.115646840000000140e+00 1.061000843176185038e+00
5.132164480000000140e+00 1.066331536782247014e+00
5.148735519999999788e+00 1.070044290678767940e+00
5.165359500000000104e+00 1.074775338875753494e+00
5.182037829999999623e+00 1.078933068574100096e+00
5.198769569999999618e+00 1.084116287188290784e+00
5.215555189999999897e+00 1.088494291967516236e+00
5.232395649999999954e+00 1.092784602386112969e+00
5.249289990000000294e+00 1.096960521791926935e+00
5.266239170000000414e+00 1.101822069881902566e+00
5.283242699999999736e+00 1.106800771536633032e+00
5.300301550000000361e+00 1.110525651905862610e+00
5.317415239999999876e+00 1.115549472798148312e+00
5.334584239999999866e+00 1.120632812442316162e+00
5.351808550000000331e+00 1.124719420407835457e+00
5.369088650000000129e+00 1.129086649395323549e+00
5.386424540000000150e+00 1.134315915599972469e+00
5.403816220000000392e+00 1.139184646988968153e+00
5.421264169999999716e+00 1.143936306500233924e+00
5.438768389999999897e+00 1.148499315946605925e+00
5.456329349999999856e+00 1.153750168466662229e+00
5.473946569999999845e+00 1.158441808841778720e+00
5.491621020000000186e+00 1.163442545213928536e+00
5.509352680000000113e+00 1.167707724429982497e+00
5.527141089999999757e+00 1.172636333202561554e+00
5.544987199999999561e+00 1.177047409263453304e+00
5.562891010000000414e+00 1.181890995888449813e+00
5.580852990000000347e+00 1.186445043093366181e+00
5.598872179999999865e+00 1.191248265958816388e+00
5.616950039999999866e+00 1.195986081491272168e+00
5.635086059999999897e+00 1.200532206723209150e+00
5.653280739999999582e+00 1.205412506958311258e+00
5.671534539999999680e+00 1.210328548905956314e+00
5.689846519999999686e+00 1.215345997871279060e+00
5.708218099999999851e+00 1.220412904333780357e+00
5.726648810000000367e+00 1.225487077635882383e+00
5.745139120000000155e+00 1.230361861507112575e+00
5.763689519999999789e+00 1.235138850977615554e+00
5.782299039999999835e+00 1.240376469023922734e+00
5.800969120000000423e+00 1.245495863496190347e+00
5.819699759999999777e+00 1.250707442464214170e+00
5.838490489999999866e+00 1.256498544325661992e+00
5.857341769999999670e+00 1.261526242796648933e+00
5.876254079999999824e+00 1.266877577344788675e+00
5.895227430000000268e+00 1.273272375472622731e+00
5.914262289999999922e+00 1.279916931616911890e+00
5.933358189999999865e+00 1.287031944254340754e+00
5.952516079999999654e+00 1.294286967240939168e+00
5.971735480000000429e+00 1.302801583934437346e+00
5.991017339999999969e+00 1.313119940515946826e+00
6.010361190000000242e+00 1.325141354077487232e+00
6.029767510000000108e+00 1.338992689662477753e+00
6.049236299999999567e+00 1.356980458400288025e+00
6.068768500000000010e+00 1.378471112955030886e+00
6.088363170000000046e+00 1.405773697510044773e+00
6.108021739999999866e+00 1.441083512071463568e+00
6.127743240000000036e+00 1.486704735423447055e+00
6.147528649999999928e+00 1.546640145221442220e+00
6.167377949999999664e+00 1.631397985605659962e+00
6.187291150000000073e+00 1.739983502451997621e+00
6.207269189999999881e+00 1.868239501643700562e+00
6.227311130000000361e+00 2.020620433043763597e+00
6.247417930000000119e+00 2.243334333097839028e+00
6.267589570000000165e+00 2.645887960841757369e+00
6.287826540000000186e+00 3.282998546752217361e+00
6.308128830000000242e+00 3.969337990572342711e+00
6.328496930000000020e+00 4.276960627938544590e+00
6.348930359999999773e+00 3.930245211568364816e+00
6.369430069999999944e+00 3.116947478642723812e+00
6.389995569999999958e+00 1.176212043756683912e+01
6.410627840000000077e+00 3.063572749177947330e+01
6.431326389999999726e+00 1.094051189320648199e+01
6.452092170000000237e+00 1.439782963363434920e+00
6.472924710000000026e+00 1.420025318481640486e+00
6.493824960000000424e+00 1.421826033853188065e+00
6.514791970000000099e+00 1.426651238321261506e+00
6.535827160000000191e+00 1.432415631253024957e+00
6.556930069999999944e+00 1.437910215640223033e+00
6.578101629999999922e+00 1.443456387757826365e+00
6.599340920000000388e+00 1.449402115066669383e+00
6.620648860000000191e+00 1.455565137862464109e+00
6.642025949999999845e+00 1.461964088651637406e+00
6.663471699999999664e+00 1.468231011087572035e+00
6.684987070000000031e+00 1.475063269407984601e+00
6.706571580000000310e+00 1.482804710217704658e+00
6.728225710000000248e+00 1.491004626409435430e+00
6.749949929999999654e+00 1.499818897133712081e+00
6.771744729999999990e+00 1.510292371523502153e+00
6.793609140000000046e+00 1.522518828309078476e+00
6.815544609999999892e+00 1.535589692213093604e+00
6.837550639999999902e+00 1.549800231035482367e+00
6.859628200000000398e+00 1.564179662418242689e+00
6.881776330000000108e+00 1.585331125814834152e+00
6.903996470000000052e+00 1.621808163892971111e+00
6.926288129999999654e+00 1.675797986687771912e+00
6.948652270000000186e+00 1.731545967563720367e+00
6.971087930000000377e+00 1.754374010532162798e+00
6.993596550000000356e+00 1.711861611752591106e+00
7.016177650000000376e+00 1.605600852180951943e+00
7.038831230000000438e+00 1.702312937991967479e+00
7.061558719999999845e+00 3.071503601318923415e+00
7.084359169999999928e+00 4.452242865016441620e+00
7.107233049999999608e+00 1.303618632031965374e+00
7.130181310000000217e+00 1.155898992499570177e+00
7.153203010000000361e+00 1.117993612000137249e+00
7.176299570000000294e+00 9.760264248802116294e-01
7.199470520000000207e+00 9.676599704914636835e-01
7.222716329999999907e+00 9.576906152949186124e-01
7.246037480000000031e+00 9.564906831721315950e-01
7.269433499999999881e+00 9.567823567805838758e-01
7.292905329999999964e+00 9.438491672307290914e-01
7.316452499999999581e+00 9.439164104453771076e-01
7.340075970000000005e+00 9.349878393679379451e-01
7.363775730000000408e+00 9.474107227203839576e-01
7.387552259999999649e+00 9.483304818010450665e-01
7.411405089999999696e+00 9.526253991932205345e-01
7.435335639999999913e+00 9.519522643090395642e-01
7.459342959999999856e+00 9.528987489501975494e-01
7.483427520000000222e+00 9.531710824946448835e-01
7.507590290000000444e+00 9.540306334324440973e-01
7.531830789999999887e+00 9.546614847833334583e-01
7.556149959999999943e+00 9.554874453700553660e-01
7.580547329999999917e+00 9.561108897236983983e-01
7.605023380000000444e+00 9.567305004123063394e-01
7.629578590000000382e+00 9.574028308267741316e-01
7.654213430000000429e+00 9.578474650328521189e-01
7.678927419999999948e+00 9.585029366583829313e-01
7.703721520000000211e+00 9.593234719940534339e-01
7.728595259999999634e+00 9.601707745117165071e-01
7.753549579999999608e+00 9.607401175161744966e-01
7.778584480000000134e+00 9.614474740316177881e-01
7.803699970000000263e+00 9.621712128230643923e-01
7.828896519999999803e+00 9.629280865160816383e-01
7.854174610000000278e+00 9.637193984749360398e-01
7.879534719999999659e+00 9.645465260047858536e-01
7.904976369999999974e+00 9.654801371610274296e-01
7.930500030000000145e+00 9.665099382227265723e-01
7.956106189999999856e+00 9.676725564587052020e-01
7.981794830000000118e+00 9.688328807534879461e-01
8.000000000000000000e+00 9.699044575746866848e-01
