# E_keV Fhat_E; complete spectrum, no continuum subtraction
5.000000000000000000e+00 9.446674654421276518e-01
5.007328999999999475e+00 9.468564310296092579e-01
5.032424999999999926e+00 9.543688748893790486e-01
5.057647000000000226e+00 9.619329511234483432e-01
5.082996000000000514e+00 9.695452754641249449e-01
5.108470999999999762e+00 9.772062967635445352e-01
5.134074000000000026e+00 9.849229895218716280e-01
5.159805999999999671e+00 9.926882742050683328e-01
5.185666000000000331e+00 1.000502460106756031e+00
5.211656999999999762e+00 1.008368190321717872e+00
5.237777000000000349e+00 1.016281435393758592e+00
5.264028000000000596e+00 1.024249677215041787e+00
5.290410999999999753e+00 1.032264614042800455e+00
5.316926000000000485e+00 1.040332754854275121e+00
5.343573999999999380e+00 1.048451949559872531e+00
5.370356000000000130e+00 1.056618498847258447e+00
5.397272000000000070e+00 1.064839578479958693e+00
5.424322000000000088e+00 1.073107459689444099e+00
5.451507999999999576e+00 1.081429295105022170e+00
5.478831000000000451e+00 1.089802137920713676e+00
5.506289999999999907e+00 1.098222675090467781e+00
5.533888000000000140e+00 1.106698783688736087e+00
5.561622999999999983e+00 1.115224523666527690e+00
5.589497000000000604e+00 1.123801913067952629e+00
5.617511000000000365e+00 1.132434132556387363e+00
5.645666000000000295e+00 1.141121198223673971e+00
5.673961000000000254e+00 1.149875972675997726e+00
5.702399000000000662e+00 1.158692685844558090e+00
5.730979000000000489e+00 1.167589772458936581e+00
5.759701999999999877e+00 1.176590263460800756e+00
5.788569000000000742e+00 1.185726724160625078e+00
5.817581000000000557e+00 1.195043470078118730e+00
5.846738000000000213e+00 1.204639759064844551e+00
5.876041999999999987e+00 1.214654674214375563e+00
5.905492000000000630e+00 1.225335984403807865e+00
5.935089999999999755e+00 1.237055192132143988e+00
5.964836000000000027e+00 1.250341729356893694e+00
5.994730999999999810e+00 1.266052497047978287e+00
6.024776000000000131e+00 1.286026897814638303e+00
6.054971999999999355e+00 1.313672895525996198e+00
6.085319000000000145e+00 1.352752781251805425e+00
6.115817999999999977e+00 1.404263769995286681e+00
6.146469999999999878e+00 1.470745196780457231e+00
6.177275999999999989e+00 1.584796540389444397e+00
6.208236000000000310e+00 1.842777168587740766e+00
6.239351000000000091e+00 2.278063567328671546e+00
6.270622000000000362e+00 2.634075249783061956e+00
6.302050000000000374e+00 2.705307987245712642e+00
6.333635000000000126e+00 2.701904598960552129e+00
6.365378999999999898e+00 2.894081407429245356e+00
6.397282000000000579e+00 3.626712688890580694e+01
6.429344000000000392e+00 1.471519874746388679e+00
6.461568000000000644e+00 1.394413240428510559e+00
6.493952000000000169e+00 1.404476414592284783e+00
6.526498999999999384e+00 1.414921061950562775e+00
6.559210000000000207e+00 1.425601379902500243e+00
6.592083999999999833e+00 1.436559542176253590e+00
6.625122999999999429e+00 1.447945244999251813e+00
6.658328000000000024e+00 1.460134916315973364e+00
6.691698999999999842e+00 1.473638872204390049e+00
6.725236999999999910e+00 1.488471429721780925e+00
6.758943000000000367e+00 1.503790186518114691e+00
6.792818000000000467e+00 1.519578661587934310e+00
6.826863000000000348e+00 1.541944675033994239e+00
6.861079000000000150e+00 1.585273753387533402e+00
6.895466000000000761e+00 1.646946642386869941e+00
6.930025999999999797e+00 1.686705667410363318e+00
6.964757999999999782e+00 1.676951436848645116e+00
6.999665000000000248e+00 1.639829610804183213e+00
7.034747000000000305e+00 1.615205909730396572e+00
7.070005000000000095e+00 3.307532137032896280e+00
7.105439000000000505e+00 4.345320008249080601e+00
7.141051000000000037e+00 1.374318985482401390e+00
7.176841000000000470e+00 1.053298548312512795e+00
7.212810999999999417e+00 9.723805772903194589e-01
7.248961000000000432e+00 9.556950763198118759e-01
7.285292000000000101e+00 9.454757430903006910e-01
7.321805000000000341e+00 9.425723652910349415e-01
7.358502000000000542e+00 9.453483889693556907e-01
7.395381999999999678e+00 9.507732009406469897e-01
7.432446999999999804e+00 9.569754465093548434e-01
7.469698000000000171e+00 9.634371373783230386e-01
7.507134999999999891e+00 9.698827251581417785e-01
7.544760000000000133e+00 9.764051242992186630e-01
7.582573999999999259e+00 9.829668476163863078e-01
7.620576999999999934e+00 9.895641382149377163e-01
7.658770999999999773e+00 9.961924067247632797e-01
7.697155999999999665e+00 1.002853671768918709e+00
7.735734000000000776e+00 1.009545226206818525e+00
7.774504000000000303e+00 1.016269551321518749e+00
7.813470000000000582e+00 1.023027146279578581e+00
7.852630000000000443e+00 1.029815795240569987e+00
7.891987000000000307e+00 1.036634921184265590e+00
7.931541000000000174e+00 1.043483818041342825e+00
7.971292999999999296e+00 1.050364689739840207e+00
8.000000000000000000e+00 1.055332534557872348e+00
