# E_keV Fhat_E; complete spectrum, no continuum subtraction
5.000000000000000000e+00 1.116329655913822716e+00
5.075999999999999623e+00 1.129224735018745873e+00
5.177999999999999936e+00 1.145788012622434682e+00
5.282000000000000028e+00 1.162742764022804076e+00
5.386999999999999567e+00 1.179854318265504576e+00
5.495000000000000107e+00 1.197072706320248869e+00
5.605000000000000426e+00 1.214382695669093071e+00
5.716999999999999638e+00 1.232149216297027561e+00
5.831000000000000405e+00 1.250708471163028301e+00
5.948000000000000398e+00 1.272769036864237702e+00
6.067000000000000171e+00 1.322647209103095634e+00
6.187999999999999723e+00 1.550830465976344774e+00
6.312000000000000277e+00 2.673477101353860075e+00
6.402000000000000135e+00 6.140590379766503126e+00
6.493000000000000327e+00 1.635629160129836723e+00
6.586000000000000298e+00 1.380750059092052506e+00
6.679999999999999716e+00 1.386914694147462379e+00
6.775000000000000355e+00 1.397290911860151752e+00
6.871999999999999886e+00 1.404708810708478417e+00
6.969999999999999751e+00 1.383046856336392239e+00
7.070000000000000284e+00 1.338202962536660712e+00
7.211000000000000298e+00 1.276471993280682948e+00
7.355000000000000426e+00 1.170272440931870106e+00
7.501999999999999780e+00 1.078971340959681946e+00
7.652000000000000135e+00 9.952885898534831188e-01
7.804999999999999716e+00 9.285538804690905978e-01
7.961000000000000298e+00 8.869300361418310796e-01
8.000000000000000000e+00 8.836703440861775061e-01
