# E_keV Fhat_E; complete spectrum, no continuum subtraction
5.000000000000000000e+00 1.110884706774459607e+00
5.007328999999999475e+00 1.109830560928459997e+00
5.032424999999999926e+00 1.106708494606207127e+00
5.057647000000000226e+00 1.104001120758613341e+00
5.082996000000000514e+00 1.101665266016015332e+00
5.108470999999999762e+00 1.099666223483515504e+00
5.134074000000000026e+00 1.112683634291112167e+00
5.159805999999999671e+00 1.119362860281659655e+00
5.185666000000000331e+00 1.114220300163645927e+00
5.211656999999999762e+00 1.109422302615165723e+00
5.237777000000000349e+00 1.105000814097311768e+00
5.264028000000000596e+00 1.100976894375892634e+00
5.290410999999999753e+00 1.097362268763315551e+00
5.316926000000000485e+00 1.094164369489161626e+00
5.343573999999999380e+00 1.091387129359496777e+00
5.370356000000000130e+00 1.089033291271234383e+00
5.397272000000000070e+00 1.087106723787532037e+00
5.424322000000000088e+00 1.085612324317766886e+00
5.451507999999999576e+00 1.084559655736337058e+00
5.478831000000000451e+00 1.116594963936009322e+00
5.506289999999999907e+00 1.120231098384904866e+00
5.533888000000000140e+00 1.114385907140184262e+00
5.561622999999999983e+00 1.109119916896769809e+00
5.589497000000000604e+00 1.104512726244701426e+00
5.617511000000000365e+00 1.100627891697050886e+00
5.645666000000000295e+00 1.097518620850961968e+00
5.673961000000000254e+00 1.095233019589170409e+00
5.702399000000000662e+00 1.093816137078436945e+00
5.730979000000000489e+00 1.093313579014375314e+00
5.759701999999999877e+00 1.093774559160753945e+00
5.788569000000000742e+00 1.095251978067115939e+00
5.817581000000000557e+00 1.097804733367059526e+00
5.846738000000000213e+00 1.101499457013102257e+00
5.876041999999999987e+00 1.106410239614066926e+00
5.905492000000000630e+00 1.112618513371217421e+00
5.935089999999999755e+00 1.120213273384581099e+00
5.964836000000000027e+00 1.129287544688035716e+00
5.994730999999999810e+00 1.139937630337753083e+00
6.024776000000000131e+00 1.152259683876325269e+00
6.054971999999999355e+00 1.166341957976174681e+00
6.085319000000000145e+00 1.182262326751472248e+00
6.115817999999999977e+00 1.200079059912995350e+00
6.146469999999999878e+00 1.219826334995503636e+00
6.177275999999999989e+00 1.241507210924354121e+00
6.208236000000000310e+00 1.265090216516635557e+00
6.239351000000000091e+00 1.290510824063944240e+00
6.270622000000000362e+00 1.317677257125611012e+00
6.302050000000000374e+00 1.346485394454390638e+00
6.333635000000000126e+00 1.376838693114774470e+00
6.365378999999999898e+00 1.408676439233018884e+00
6.397282000000000579e+00 1.443240370413540807e+00
6.429344000000000392e+00 1.584799162732371425e+00
6.461568000000000644e+00 1.622734576298197728e+00
6.493952000000000169e+00 1.670869749429525264e+00
6.526498999999999384e+00 1.772049824973620957e+00
6.559210000000000207e+00 2.431680244889354192e+00
6.592083999999999833e+00 1.580950750449493514e+00
6.625122999999999429e+00 4.029952747456733597e+00
6.658328000000000024e+00 3.045064355622402630e+00
6.691698999999999842e+00 4.876905748405103047e+00
6.725236999999999910e+00 1.415258958456604876e+00
6.758943000000000367e+00 1.335293837702136832e+00
6.792818000000000467e+00 1.269506965066357962e+00
6.826863000000000348e+00 1.215179078844697003e+00
6.861079000000000150e+00 1.170203969715386316e+00
6.895466000000000761e+00 1.132930314447943010e+00
6.930025999999999797e+00 1.102005292304476969e+00
6.964757999999999782e+00 1.092384224137734172e+00
6.999665000000000248e+00 1.055091439431704581e+00
7.034747000000000305e+00 1.037432366619723378e+00
7.070005000000000095e+00 1.022875329155046087e+00
7.105439000000000505e+00 1.010954677751407571e+00
7.141051000000000037e+00 1.001234882157257644e+00
7.176841000000000470e+00 9.928929936324055738e-01
7.212810999999999417e+00 9.862033463485416762e-01
7.248961000000000432e+00 9.806837619280683871e-01
7.285292000000000101e+00 9.761048449638050073e-01
7.321805000000000341e+00 9.722744158306200202e-01
7.358502000000000542e+00 9.690392664484258622e-01
7.395381999999999678e+00 9.662667404608111799e-01
7.432446999999999804e+00 9.638422395060715075e-01
7.469698000000000171e+00 9.616687257776580511e-01
7.507134999999999891e+00 9.596644372507396881e-01
7.544760000000000133e+00 9.577547320592114666e-01
7.582573999999999259e+00 9.558141414808632996e-01
7.620576999999999934e+00 9.539887922276897303e-01
7.658770999999999773e+00 9.505899112665201489e-01
7.697155999999999665e+00 9.490712908814051829e-01
7.735734000000000776e+00 9.476901713316749909e-01
7.774504000000000303e+00 9.447287524848686502e-01
7.813470000000000582e+00 9.438967352988411053e-01
7.852630000000000443e+00 9.434269001479210770e-01
7.891987000000000307e+00 2.081618990772424294e+00
7.931541000000000174e+00 9.193466034357690164e-01
7.971292999999999296e+00 9.006996243153214676e-01
8.000000000000000000e+00 8.891152932255402819e-01
