# E_keV Fhat_E; complete spectrum, no continuum subtraction
5.000000000000000000e+00 9.629417142793526008e-01
5.075999999999999623e+00 9.855142005534430760e-01
5.177999999999999936e+00 1.015332765926413305e+00
5.282000000000000028e+00 1.045987283426424330e+00
5.386999999999999567e+00 1.077595208703080010e+00
5.495000000000000107e+00 1.109680570817529466e+00
5.605000000000000426e+00 1.142368041594088668e+00
5.716999999999999638e+00 1.176139058255125880e+00
5.831000000000000405e+00 1.211166301494271291e+00
5.948000000000000398e+00 1.251100870320478453e+00
6.067000000000000171e+00 1.318378423575575109e+00
6.187999999999999723e+00 1.592671023441452949e+00
6.312000000000000277e+00 3.447856339497254119e+00
6.402000000000000135e+00 1.490518925859824151e+01
6.493000000000000327e+00 1.409040890640082644e+00
6.586000000000000298e+00 1.433346227094317360e+00
6.679999999999999716e+00 1.460525685423311071e+00
6.775000000000000355e+00 1.489286271685773766e+00
6.871999999999999886e+00 1.513375061567055369e+00
6.969999999999999751e+00 1.420979892532115763e+00
7.070000000000000284e+00 1.213251229983567159e+00
7.211000000000000298e+00 9.800348772622712312e-01
7.355000000000000426e+00 9.347454066144271767e-01
7.501999999999999780e+00 9.560733949524242714e-01
7.652000000000000135e+00 9.805172926938130473e-01
7.804999999999999716e+00 1.005449894455920035e+00
7.961000000000000298e+00 1.030814836897284481e+00
8.000000000000000000e+00 1.037058285720647399e+00
