# E_keV Fhat_E; complete spectrum, no continuum subtraction
5.000000000000000000e+00 1.154515366905424889e+00
5.075999999999999623e+00 1.149280320818317103e+00
5.177999999999999936e+00 1.143123204957648520e+00
5.282000000000000028e+00 1.137294598275906399e+00
5.386999999999999567e+00 1.133014178391144045e+00
5.495000000000000107e+00 1.129784147037301345e+00
5.605000000000000426e+00 1.130206052658788041e+00
5.716999999999999638e+00 1.135994884492483870e+00
5.831000000000000405e+00 1.152501143672016726e+00
5.948000000000000398e+00 1.188150720913020875e+00
6.067000000000000171e+00 1.256962731367930131e+00
6.187999999999999723e+00 1.384096381056144853e+00
6.312000000000000277e+00 1.614678458043162124e+00
6.402000000000000135e+00 1.902892402960765450e+00
6.493000000000000327e+00 2.355349110242426658e+00
6.586000000000000298e+00 3.097930810281936065e+00
6.679999999999999716e+00 4.418093981374596524e+00
6.775000000000000355e+00 2.613685708833856758e+00
6.871999999999999886e+00 1.873302784663468223e+00
6.969999999999999751e+00 1.653024579280497619e+00
7.070000000000000284e+00 1.269058299544569168e+00
7.211000000000000298e+00 1.073585031797106959e+00
7.355000000000000426e+00 9.960446899261912179e-01
7.501999999999999780e+00 9.545087620454143496e-01
7.652000000000000135e+00 9.221260093946446190e-01
7.804999999999999716e+00 8.902932285567246584e-01
7.961000000000000298e+00 8.552106872973449514e-01
8.000000000000000000e+00 8.454846330945749999e-01
