# E_keV bin_low_keV bin_high_keV Fhat_DAO Fhat_reflionx Fhat_xillvercp reflionx_over_DAO xillvercp_over_DAO valid
# Ratios of complete normalized spectra; no continuum subtraction.
6.187999999999999723e+00 6.127201318709872169e+00 6.249692472434143831e+00 1.756266290012488795e+00 1.663029553330011900e+00 1.772743671604316340e+00 9.469119590732372194e-01 1.009382051961898341e+00 1.000000000000000000e+00
6.312000000000000277e+00 6.249692472434143831e+00 6.356840724762577111e+00 2.386112433288161139e+00 2.870916878154379237e+00 3.010441349332675376e+00 1.203177536021694305e+00 1.261651088747801852e+00 1.000000000000000000e+00
6.402000000000000135e+00 6.356840724762577111e+00 6.447339451277557920e+00 1.059655807504263691e+01 5.144282827707033157e+00 9.021598748268804258e+00 4.854673367782523230e-01 8.513706700213129475e-01 1.000000000000000000e+00
6.493000000000000327e+00 6.447339451277557920e+00 6.539334675637881844e+00 4.469277049525143930e+00 2.164616039326504371e+00 4.128592112408578707e+00 4.843324804750004375e-01 9.237718017161717921e-01 1.000000000000000000e+00
6.586000000000000298e+00 6.539334675637881844e+00 6.632833482004504511e+00 1.558751735210459399e+00 1.413434946677604387e+00 2.493804093501737373e+00 9.067736155474209747e-01 1.599872537216472823e+00 1.000000000000000000e+00
6.679999999999999716e+00 6.632833482004504511e+00 6.727332309318456716e+00 1.420496002471770325e+00 1.387437457153715581e+00 1.471801967284517731e+00 9.767274633222969848e-01 1.036118345087540638e+00 1.000000000000000000e+00
6.775000000000000355e+00 6.727332309318456716e+00 6.823327633933461200e+00 1.446074044750145671e+00 1.396928547795519115e+00 1.482042826557450788e+00 9.660145363005129271e-01 1.024873402532800348e+00 1.000000000000000000e+00
6.871999999999999886e+00 6.823327633933461200e+00 6.920826540233471214e+00 1.492623864862296479e+00 1.401077323980530753e+00 1.518297752440887161e+00 9.386673742549256350e-01 1.017200507229568673e+00 1.000000000000000000e+00
6.969999999999999751e+00 6.920826540233471214e+00 7.019821935063595753e+00 1.538917795384658005e+00 1.380124273779869126e+00 1.575833052357523689e+00 8.968148122784570520e-01 1.023987803041577438e+00 1.000000000000000000e+00
7.070000000000000284e+00 7.019821935063595753e+00 7.140151959167256202e+00 2.017871001241239082e+00 1.333941814415292582e+00 1.790117821602730475e+00 6.610639696961571055e-01 8.871319427761178433e-01 1.000000000000000000e+00
