# E_keV bin_low_keV bin_high_keV Fhat_DAO Fhat_reflionx Fhat_xillvercp reflionx_over_DAO xillvercp_over_DAO valid
# Ratios of complete normalized spectra; no continuum subtraction.
6.187999999999999723e+00 6.127201318709872169e+00 6.249692472434143831e+00 1.766146472778780341e+00 1.790898234874960027e+00 1.787524363190216681e+00 1.014014557952963136e+00 1.012104256776506839e+00 1.000000000000000000e+00
6.312000000000000277e+00 6.249692472434143831e+00 6.356840724762577111e+00 2.671649845096367049e+00 4.371276302619546250e+00 3.504007789620706248e+00 1.636171113756815343e+00 1.311552034429989355e+00 1.000000000000000000e+00
6.402000000000000135e+00 6.356840724762577111e+00 6.447339451277557920e+00 1.414662196191924437e+01 1.178640228692830583e+01 1.303422711279038637e+01 8.331601932005870959e-01 9.213667508665127626e-01 1.000000000000000000e+00
6.493000000000000327e+00 6.447339451277557920e+00 6.539334675637881844e+00 1.407378965308050178e+00 3.092655869895734266e+00 1.483280978101720660e+00 2.197457789358679747e+00 1.053931467404770395e+00 1.000000000000000000e+00
6.586000000000000298e+00 6.539334675637881844e+00 6.632833482004504511e+00 1.434681250743605085e+00 1.433694225864425187e+00 1.445901891177316712e+00 9.993120249681465284e-01 1.007820998865006423e+00 1.000000000000000000e+00
6.679999999999999716e+00 6.632833482004504511e+00 6.727332309318456716e+00 1.469320335031727653e+00 1.460710864427732014e+00 1.474064201819358155e+00 9.941405080983857223e-01 1.003228613035923145e+00 1.000000000000000000e+00
6.775000000000000355e+00 6.727332309318456716e+00 6.823327633933461200e+00 1.512413624735446716e+00 1.488724333503567143e+00 1.513489142273994004e+00 9.843367641996590978e-01 1.000711126586640853e+00 1.000000000000000000e+00
6.871999999999999886e+00 6.823327633933461200e+00 6.920826540233471214e+00 1.606769605603657780e+00 1.498831330284697616e+00 1.584629353486711967e+00 9.328228048735038858e-01 9.862206429349105186e-01 1.000000000000000000e+00
6.969999999999999751e+00 6.920826540233471214e+00 7.019821935063595753e+00 1.663533512354626875e+00 1.406451154154630068e+00 1.703793369002297720e+00 8.454600666047821234e-01 1.024201410039937032e+00 1.000000000000000000e+00
7.070000000000000284e+00 7.019821935063595753e+00 7.140151959167256202e+00 2.884802599319542971e+00 1.201160995742547311e+00 2.302856291575090975e+00 4.163754553000863501e-01 7.982717057029414809e-01 1.000000000000000000e+00
