# depth tau_ref dz_cm T_K ne_cm-3 eps_fl_parent_FeI eps_fl_parent_FeII eps_fl_parent_FeIII eps_fl_parent_FeIV eps_fl_parent_FeV eps_low_fl eps_all_fl eps_all_bb eps_all_Kalpha low_fraction local_low_power_per_area local_total_power_per_area cumulative_low_fraction eps_material_Kalpha_after_survival
# eps: erg cm^-3 s^-1; local_power_per_area: erg cm^-2 s^-1, all emission directions; not emergent flux. Fluorescence grouped by pre-photoionization parent; bound-bound by emitting ion.
0.0000000000000000e+00 5.0000000000000002e-05 1.2423170353600199e+05 6.9681781250000000e+05 1.2114338537739038e+15 0.0000000000000000e+00 0.0000000000000000e+00 0.0000000000000000e+00 0.0000000000000000e+00 0.0000000000000000e+00 0.0000000000000000e+00 1.1455200981677481e+05 7.6217481760698491e-01 1.1455277199159241e+05 0.0000000000000000e+00 0.0000000000000000e+00 1.4231086009286741e+10 0.0000000000000000e+00 1.1443868848068046e+05
1.0000000000000000e+00 1.1294309435728900e-04 3.2158853220665100e+04 6.9570056250000000e+05 1.2114334446379628e+15 0.0000000000000000e+00 0.0000000000000000e+00 0.0000000000000000e+00 0.0000000000000000e+00 0.0000000000000000e+00 0.0000000000000000e+00 1.1453779630546231e+05 7.5449735500144210e-01 1.1453855080281731e+05 0.0000000000000000e+00 0.0000000000000000e+00 3.6834284433754945e+09 0.0000000000000000e+00 1.1442459853331000e+05
2.0000000000000000e+00 1.4217975690270201e-04 4.0483554653810897e+04 6.9665631250000000e+05 1.2114336606950380e+15 0.0000000000000000e+00 0.0000000000000000e+00 0.0000000000000000e+00 0.0000000000000000e+00 0.0000000000000000e+00 0.0000000000000000e+00 1.1453878337299009e+05 7.5843469226872529e-01 1.1453954180768236e+05 0.0000000000000000e+00 0.0000000000000000e+00 4.6369678007937670e+09 0.0000000000000000e+00 1.1442554708450874e+05
3.0000000000000000e+00 1.7898467708846400e-04 5.0963204009865804e+04 6.9795106250000000e+05 1.2114339570628452e+15 0.0000000000000000e+00 0.0000000000000000e+00 0.0000000000000000e+00 0.0000000000000000e+00 0.0000000000000000e+00 0.0000000000000000e+00 1.1454046081032255e+05 7.6387856274406318e-01 1.1454122468888530e+05 0.0000000000000000e+00 0.0000000000000000e+00 5.8373878013595390e+09 0.0000000000000000e+00 1.1442717034908301e+05
4.0000000000000000e+00 2.2531698836976300e-04 6.4155635174855503e+04 6.9951818750000000e+05 1.2114343787495282e+15 0.0000000000000000e+00 0.0000000000000000e+00 0.0000000000000000e+00 0.0000000000000000e+00 0.0000000000000000e+00 0.0000000000000000e+00 1.1454222545862288e+05 7.7044327985138339e-01 1.1454299590190273e+05 0.0000000000000000e+00 0.0000000000000000e+00 7.3485786569174404e+09 0.0000000000000000e+00 1.1442887128748777e+05
5.0000000000000000e+00 2.8364296918516400e-04 8.0763083967254803e+04 7.0151743750000000e+05 1.2114348469274165e+15 0.0000000000000000e+00 0.0000000000000000e+00 0.0000000000000000e+00 0.0000000000000000e+00 0.0000000000000000e+00 0.0000000000000000e+00 1.1454455330660209e+05 7.7889726122962610e-01 1.1454533220386332e+05 0.0000000000000000e+00 0.0000000000000000e+00 9.2510342828377094e+09 0.0000000000000000e+00 1.1443111782123095e+05
6.0000000000000000e+00 3.5706732346406898e-04 1.0166956829473200e+05 7.0406550000000000e+05 1.2114354203682288e+15 0.0000000000000000e+00 0.0000000000000000e+00 0.0000000000000000e+00 0.0000000000000000e+00 0.0000000000000000e+00 0.0000000000000000e+00 1.1454760994072420e+05 7.8978821240023367e-01 1.1454839972893659e+05 0.0000000000000000e+00 0.0000000000000000e+00 1.1646086349293381e+10 0.0000000000000000e+00 1.1443407107695527e+05
7.0000000000000000e+00 4.4949844465407300e-04 1.2798794460880299e+05 7.0725912500000000e+05 1.2114362167950648e+15 0.0000000000000000e+00 0.0000000000000000e+00 0.0000000000000000e+00 0.0000000000000000e+00 0.0000000000000000e+00 0.0000000000000000e+00 1.1455125539110464e+05 8.0356174835361971e-01 1.1455205895285300e+05 0.0000000000000000e+00 0.0000000000000000e+00 1.4661282576082085e+10 0.0000000000000000e+00 1.1443758891133018e+05
8.0000000000000000e+00 5.6585646030632105e-04 1.6111914548214900e+05 7.1139418750000000e+05 1.2114371368232298e+15 0.0000000000000000e+00 0.0000000000000000e+00 0.0000000000000000e+00 0.0000000000000000e+00 0.0000000000000000e+00 0.0000000000000000e+00 1.1455627522255838e+05 8.2173816239190911e-01 1.1455709696072078e+05 0.0000000000000000e+00 0.0000000000000000e+00 1.8457341571227020e+10 0.0000000000000000e+00 1.1444244341066189e+05
9.0000000000000000e+00 7.1233513147485003e-04 2.0282675153697401e+05 7.1572137500000000e+05 1.2114381325198518e+15 0.0000000000000000e+00 0.0000000000000000e+00 0.0000000000000000e+00 0.0000000000000000e+00 0.0000000000000000e+00 0.0000000000000000e+00 1.1455801259487378e+05 8.4017593422947168e-01 1.1455885277080801e+05 0.0000000000000000e+00 0.0000000000000000e+00 2.3235599967305462e+10 0.0000000000000000e+00 1.1444403086928312e+05
1.0000000000000000e+01 8.9673154788866998e-04 2.5533086720348499e+05 7.2169650000000000e+05 1.2114394876160802e+15 0.0000000000000000e+00 0.0000000000000000e+00 0.0000000000000000e+00 0.0000000000000000e+00 0.0000000000000000e+00 0.0000000000000000e+00 1.1456250090247444e+05 8.6668901308928836e-01 1.1456336759148752e+05 0.0000000000000000e+00 0.0000000000000000e+00 2.9251563996886135e+10 0.0000000000000000e+00 1.1444830294105933e+05
1.1000000000000000e+01 1.1288611686382901e-03 3.2142629733434698e+05 7.2897643750000000e+05 1.2114410816711760e+15 0.0000000000000000e+00 0.0000000000000000e+00 0.0000000000000000e+00 0.0000000000000000e+00 0.0000000000000000e+00 0.0000000000000000e+00 1.1456645669655743e+05 8.9941279917037975e-01 1.1456735610935661e+05 0.0000000000000000e+00 0.0000000000000000e+00 3.6824961069616074e+10 0.0000000000000000e+00 1.1445200932547759e+05
1.2000000000000000e+01 1.4210803010776000e-03 4.0463131524059898e+05 7.3712275000000000e+05 1.2114427690435472e+15 0.0000000000000000e+00 0.0000000000000000e+00 0.0000000000000000e+00 0.0000000000000000e+00 0.0000000000000000e+00 0.0000000000000000e+00 1.1456581829396581e+05 9.3565053765675033e-01 1.1456675394450348e+05 0.0000000000000000e+00 0.0000000000000000e+00 4.6357296331410522e+10 0.0000000000000000e+00 1.1445112839909644e+05
1.3000000000000000e+01 1.7889438296002399e-03 5.0937494110206299e+05 7.4569000000000000e+05 1.2114444182291275e+15 0.0000000000000000e+00 0.0000000000000000e+00 0.0000000000000000e+00 0.0000000000000000e+00 0.0000000000000000e+00 0.0000000000000000e+00 1.1455608282297735e+05 9.7219573898659895e-01 1.1455705501871633e+05 0.0000000000000000e+00 0.0000000000000000e+00 5.8352493152984421e+10 0.0000000000000000e+00 1.1444119852314591e+05
1.4000000000000000e+01 2.2520332053283698e-03 6.4123269962051301e+05 7.5508418750000000e+05 1.2114460562140682e+15 0.0000000000000000e+00 0.0000000000000000e+00 0.0000000000000000e+00 0.0000000000000000e+00 0.0000000000000000e+00 0.0000000000000000e+00 1.1453620507801323e+05 1.0105585535992370e+00 1.1453721563656682e+05 0.0000000000000000e+00 0.0000000000000000e+00 7.3445007989652573e+10 0.0000000000000000e+00 1.1442116986531515e+05
1.5000000000000000e+01 2.8349987707746399e-03 8.0722340634386998e+05 7.6537487500000000e+05 1.2114477443722792e+15 0.0000000000000000e+00 0.0000000000000000e+00 0.0000000000000000e+00 0.0000000000000000e+00 0.0000000000000000e+00 0.0000000000000000e+00 1.1450264861903884e+05 1.0499347864558457e+00 1.1450369855382529e+05 0.0000000000000000e+00 0.0000000000000000e+00 9.2430065585590515e+10 0.0000000000000000e+00 1.1438752646044534e+05
1.6000000000000000e+01 3.5688719026333400e-03 1.0161827806582900e+06 7.7630281250000000e+05 1.2114491837817215e+15 0.0000000000000000e+00 0.0000000000000000e+00 0.0000000000000000e+00 0.0000000000000000e+00 0.0000000000000000e+00 0.0000000000000000e+00 1.1444936825662118e+05 1.0869071842175049e+00 1.1445045516380540e+05 0.0000000000000000e+00 0.0000000000000000e+00 1.1630258177596272e+11 0.0000000000000000e+00 1.1433426730708613e+05
1.7000000000000000e+01 4.4927168183305803e-03 1.2792337729445500e+06 7.8777368750000000e+05 1.2114503656614420e+15 0.0000000000000000e+00 0.0000000000000000e+00 0.0000000000000000e+00 0.0000000000000000e+00 0.0000000000000000e+00 0.0000000000000000e+00 1.1436969279273578e+05 1.1183133414966564e+00 1.1437081110607728e+05 0.0000000000000000e+00 0.0000000000000000e+00 1.4630700420595569e+11 0.0000000000000000e+00 1.1425476391849878e+05
1.8000000000000000e+01 5.6557099723352402e-03 1.6103786415095900e+06 7.9929693750000000e+05 1.2114510997405238e+15 0.0000000000000000e+00 0.0000000000000000e+00 0.0000000000000000e+00 0.0000000000000000e+00 0.0000000000000000e+00 0.0000000000000000e+00 1.1425357082693485e+05 1.1376590857932383e+00 1.1425470848602065e+05 0.0000000000000000e+00 0.0000000000000000e+00 1.8399334223779214e+11 0.0000000000000000e+00 1.1413903681278706e+05
1.9000000000000000e+01 7.1197577289231796e-03 2.0272442956700400e+06 8.1026518750000000e+05 1.2114510058132418e+15 0.0000000000000000e+00 0.0000000000000000e+00 0.0000000000000000e+00 0.0000000000000000e+00 0.0000000000000000e+00 0.0000000000000000e+00 1.1408813656374860e+05 1.1366659731261139e+00 1.1408927322972173e+05 0.0000000000000000e+00 0.0000000000000000e+00 2.3128682835209396e+11 0.0000000000000000e+00 1.1397431024448053e+05
2.0000000000000000e+01 8.9627916506530205e-03 2.5520205797526999e+06 8.2000262500000000e+05 1.2114497751080172e+15 0.0000000000000000e+00 0.0000000000000000e+00 0.0000000000000000e+00 0.0000000000000000e+00 0.0000000000000000e+00 0.0000000000000000e+00 1.1385738324985534e+05 1.1069463125734249e+00 1.1385849019616791e+05 0.0000000000000000e+00 0.0000000000000000e+00 2.9056921016019153e+11 0.0000000000000000e+00 1.1374468872301686e+05
2.1000000000000000e+01 1.1282916811435501e-02 3.2126414430623702e+06 8.2765587500000000e+05 1.2114469003004175e+15 0.0000000000000000e+00 0.0000000000000000e+00 0.0000000000000000e+00 0.0000000000000000e+00 0.0000000000000000e+00 0.0000000000000000e+00 1.1354055765604967e+05 1.0402381109350938e+00 1.1354159789416060e+05 0.0000000000000000e+00 0.0000000000000000e+00 3.6476844290630347e+11 0.0000000000000000e+00 1.1342956551319592e+05
2.2000000000000000e+01 1.4203633949752700e-02 4.0442718697362598e+06 8.3195106250000000e+05 1.2114418445021640e+15 0.0000000000000000e+00 0.0000000000000000e+00 0.0000000000000000e+00 0.0000000000000000e+00 0.0000000000000000e+00 0.0000000000000000e+00 1.1310989665377293e+05 9.3022026065390295e-01 1.1311082687403358e+05 0.0000000000000000e+00 0.0000000000000000e+00 4.5745093528926215e+11 0.0000000000000000e+00 1.1300138442523907e+05
2.3000000000000000e+01 1.7880413438313598e-02 5.0911797180667799e+06 8.3121662500000000e+05 1.2114334903134985e+15 0.0000000000000000e+00 0.0000000000000000e+00 0.0000000000000000e+00 0.0000000000000000e+00 0.0000000000000000e+00 0.0000000000000000e+00 1.1252913341738714e+05 7.7644021287392295e-01 1.1252990985760001e+05 0.0000000000000000e+00 0.0000000000000000e+00 5.7290999474289612e+11 0.0000000000000000e+00 1.1242416510682603e+05
2.4000000000000000e+01 2.2508971003902301e-02 6.4090921076839101e+06 8.2533843750000000e+05 1.2114208856139908e+15 0.0000000000000000e+00 0.0000000000000000e+00 0.0000000000000000e+00 0.0000000000000000e+00 0.0000000000000000e+00 0.0000000000000000e+00 1.1175849559239970e+05 5.9590588641644238e-01 1.1175909149828611e+05 0.0000000000000000e+00 0.0000000000000000e+00 7.1627431128358948e+11 0.0000000000000000e+00 1.1165843936843901e+05
2.5000000000000000e+01 2.8335685715682100e-02 8.0681617855701102e+06 8.0802262500000000e+05 1.2114009450626190e+15 0.0000000000000000e+00 0.0000000000000000e+00 0.0000000000000000e+00 0.0000000000000000e+00 0.0000000000000000e+00 0.0000000000000000e+00 1.1072392718059816e+05 3.9718564000524714e-01 1.1072432436623816e+05 0.0000000000000000e+00 0.0000000000000000e+00 8.9334176258475208e+11 0.0000000000000000e+00 1.1063088833527970e+05
2.6000000000000000e+01 3.5670714793613501e-02 1.0156701371180300e+07 7.7445300000000000e+05 1.2113693784865788e+15 0.0000000000000000e+00 0.0000000000000000e+00 0.0000000000000000e+00 0.0000000000000000e+00 0.0000000000000000e+00 0.0000000000000000e+00 1.0934248230412572e+05 2.1556255337897251e-01 1.0934269786667910e+05 0.0000000000000000e+00 0.0000000000000000e+00 1.1105611293510527e+12 0.0000000000000000e+00 1.0925949703421642e+05
2.7000000000000000e+01 4.4904503340927403e-02 1.2785884255300200e+07 7.1186975000000000e+05 1.2113151429177228e+15 0.0000000000000000e+00 0.0000000000000000e+00 0.0000000000000000e+00 0.0000000000000000e+00 0.0000000000000000e+00 0.0000000000000000e+00 1.0748404782861240e+05 8.2071864974675363e-02 1.0748412990047738e+05 0.0000000000000000e+00 0.0000000000000000e+00 1.3742796441891550e+12 0.0000000000000000e+00 1.0741606942530794e+05
2.8000000000000000e+01 5.6528567817103997e-02 1.6095662382454799e+07 5.7222325000000000e+05 1.2111947650710548e+15 0.0000000000000000e+00 0.0000000000000000e+00 0.0000000000000000e+00 0.0000000000000000e+00 0.0000000000000000e+00 0.0000000000000000e+00 1.0485482324725442e+05 0.0000000000000000e+00 1.0485482324725442e+05 0.0000000000000000e+00 0.0000000000000000e+00 1.6877078341597800e+12 0.0000000000000000e+00 1.0481347122682148e+05
2.9000000000000000e+01 7.1161659559887999e-02 2.0262215921638500e+07 3.8110050000000000e+05 1.2109065990764468e+15 0.0000000000000000e+00 0.0000000000000000e+00 0.0000000000000000e+00 0.0000000000000000e+00 0.0000000000000000e+00 0.0000000000000000e+00 1.0151140273435875e+05 0.0000000000000000e+00 1.0151140273435875e+05 0.0000000000000000e+00 0.0000000000000000e+00 2.0568459607119819e+12 0.0000000000000000e+00 1.0151377454839172e+05
3.0000000000000000e+01 8.9582701045986493e-02 2.5507331372869201e+07 3.0023150000000000e+05 1.2104809354396948e+15 0.0000000000000000e+00 0.0000000000000000e+00 0.0000000000000000e+00 0.0000000000000000e+00 0.0000000000000000e+00 0.0000000000000000e+00 9.8254355733759076e+04 0.0000000000000000e+00 9.8254355733759076e+04 0.0000000000000000e+00 0.0000000000000000e+00 2.5062064105287637e+12 0.0000000000000000e+00 9.8285633164258601e+04
3.1000000000000000e+01 1.1277224809436701e-01 3.2110207308102898e+07 2.4892926562500000e+05 1.2098121923363380e+15 0.0000000000000000e+00 0.0000000000000000e+00 0.0000000000000000e+00 0.0000000000000000e+00 0.0000000000000000e+00 0.0000000000000000e+00 9.4115437887945620e+04 0.0000000000000000e+00 9.4115437887945620e+04 0.0000000000000000e+00 0.0000000000000000e+00 3.0220662214748159e+12 0.0000000000000000e+00 9.4158158710958698e+04
3.2000000000000000e+01 1.4196468505374801e-01 4.0422316168520898e+07 2.0953857812500000e+05 1.2091105795341785e+15 0.0000000000000000e+00 0.0000000000000000e+00 0.0000000000000000e+00 0.0000000000000000e+00 0.0000000000000000e+00 0.0000000000000000e+00 8.8345875173241846e+04 0.0000000000000000e+00 8.8345875173241846e+04 0.0000000000000000e+00 0.0000000000000000e+00 3.5711448984374629e+12 0.0000000000000000e+00 8.8348828712213261e+04
3.3000000000000000e+01 1.7871393133481800e-01 5.0886113214707904e+07 1.8122695312500000e+05 1.2083695902481485e+15 0.0000000000000000e+00 0.0000000000000000e+00 0.0000000000000000e+00 0.0000000000000000e+00 0.0000000000000000e+00 0.0000000000000000e+00 8.1006257600108904e+04 0.0000000000000000e+00 8.1006257600108904e+04 0.0000000000000000e+00 0.0000000000000000e+00 4.1220935953389341e+12 0.0000000000000000e+00 8.0981679048768987e+04
3.4000000000000000e+01 2.2497615685939101e-01 6.4058588510981299e+07 1.6810126562500000e+05 1.2079317794459372e+15 0.0000000000000000e+00 0.0000000000000000e+00 0.0000000000000000e+00 0.0000000000000000e+00 3.5929088647534925e-06 3.5929088647534925e-06 7.3409785674669925e+04 0.0000000000000000e+00 7.3409785674669925e+04 4.8943186957065687e-11 2.3015667052470093e+02 4.7025272532130107e+12 7.6684933937514446e-11 7.3407138528363430e+04
3.5000000000000000e+01 2.8321390938681901e-01 8.0640915620828703e+07 1.3836176562500000e+05 1.2071505315500412e+15 0.0000000000000000e+00 0.0000000000000000e+00 0.0000000000000000e+00 0.0000000000000000e+00 3.4454215378786941e-04 3.4454215378786941e-04 6.6059392363488645e+04 0.0000000000000000e+00 6.6059392363488645e+04 5.2156421889569116e-09 2.7784194751426163e+04 5.3270898855473037e+12 9.3339840344277924e-09 6.6053194506910280e+04
3.6000000000000000e+01 3.5652719643662700e-01 1.0151577521960101e+08 1.2700191406250000e+05 1.2060844167273590e+15 0.0000000000000000e+00 0.0000000000000000e+00 0.0000000000000000e+00 1.2173759290750520e-06 5.7394189618851670e-02 5.7395406994780747e-02 5.7831497810945257e+04 0.0000000000000000e+00 5.7831497810945257e+04 9.9245928546429627e-07 5.8265392351196771e+06 5.8708093323887666e+12 1.9506541087602330e-06 5.7820667093659780e+04
3.7000000000000000e+01 4.4881849932500800e-01 1.2779434036801399e+08 1.1726568750000000e+05 1.2056628694597010e+15 0.0000000000000000e+00 0.0000000000000000e+00 0.0000000000000000e+00 5.4394737847437676e-04 1.9057663861976287e+01 1.9058207809354762e+01 4.8406184877690372e+04 0.0000000000000000e+00 4.8406184877690372e+04 3.9371431269598735e-04 2.4355310955930247e+09 6.1860364661765752e+12 8.1343502578708996e-04 4.8395273712066068e+04
3.8000000000000000e+01 5.6500050304621796e-01 1.6087542448222801e+08 1.0464491406250000e+05 1.2048269657183682e+15 0.0000000000000000e+00 0.0000000000000000e+00 0.0000000000000000e+00 6.0949992824602907e-03 1.5442484893262687e+02 1.5443094393190933e+02 3.9005744560426909e+04 0.0000000000000000e+00 3.9005744560426909e+04 3.9591846194005614e-03 2.4844143658237068e+10 6.2750657134040352e+12 9.0911508565848804e-03 3.8993829675409441e+04
3.9000000000000000e+01 7.1125759950307998e-01 2.0251994045907801e+08 1.0208059375000000e+05 1.2048037842389572e+15 0.0000000000000000e+00 0.0000000000000000e+00 0.0000000000000000e+00 1.3733523898688010e-02 2.7131821151823237e+02 2.7133194504213105e+02 3.0290769936608252e+04 0.0000000000000000e+00 3.0290769936608252e+04 8.9575783517542671e-03 5.4950129354578209e+10 6.1344849240215332e+12 2.7399753556681134e-02 3.0281406006211131e+04
4.0000000000000000e+01 8.9537508395722898e-01 2.5494463443096700e+08 9.9576171875000000e+04 1.2047826201502115e+15 0.0000000000000000e+00 0.0000000000000000e+00 0.0000000000000000e+00 3.8013324919434238e-02 5.9185408404185978e+02 5.9189209736677924e+02 2.2667853456649791e+04 0.0000000000000000e+00 2.2667853456649791e+04 2.6111519491632460e-02 1.5089971438575186e+11 5.7790476128403125e+12 7.7677395314708200e-02 2.2660747258742074e+04
4.1000000000000000e+01 1.1271535678937099e+00 3.2094008361746001e+08 9.7613273437500000e+04 1.2047649061528622e+15 0.0000000000000000e+00 0.0000000000000000e+00 0.0000000000000000e+00 7.4383410148009990e-02 9.4437654322771687e+02 9.4445092663786488e+02 1.6392463356151293e+04 0.0000000000000000e+00 1.6392463356151293e+04 5.7614948169669597e-02 3.0311215936774396e+11 5.2609985602193447e+12 1.7867006202205085e-01 1.6387237600813609e+04
4.2000000000000000e+01 1.4189306675817801e+00 4.0401923932339901e+08 9.6214195312500000e+04 1.2047531567574808e+15 0.0000000000000000e+00 0.0000000000000000e+00 1.4516296331941505e-07 8.0053783636411829e-02 8.7523570449232443e+02 8.7531575842112386e+02 1.1506014570123067e+04 0.0000000000000000e+00 1.1506014570123067e+04 7.6074626282327196e-02 3.5364440688508655e+11 4.6486512542650674e+12 2.9649935594400928e-01 1.1502308854859311e+04
4.3000000000000000e+01 1.7862377379210299e+00 5.0860442205786097e+08 9.4964031250000000e+04 1.2047437067871548e+15 0.0000000000000000e+00 0.0000000000000000e+00 1.4987062215578305e-07 7.2097954617225526e-02 7.0065948053542024e+02 7.0073157863990809e+02 7.8699996730109633e+03 0.0000000000000000e+00 7.8699996730109633e+03 8.9038323729919155e-02 3.5639517957184302e+11 4.0027166352872959e+12 4.1524516825876578e-01 7.8674467219243497e+03
4.4000000000000000e+01 2.2486266096502900e+00 6.4026272256245005e+08 9.3230351562500000e+04 1.2047316405082232e+15 0.0000000000000000e+00 0.0000000000000000e+00 1.6834907423894204e-07 6.6095153859418318e-02 5.5770849354966106e+02 5.5777458887186958e+02 5.2427574435820097e+03 0.0000000000000000e+00 5.2427574435820097e+03 1.0638954688904723e-01 3.5712227684725446e+11 3.3567421545623682e+12 5.3423323905946563e-01 5.2410428275912218e+03
4.5000000000000000e+01 2.8307103373105900e+00 8.0600233919406402e+08 9.0447937500000000e+04 1.2047125787649435e+15 0.0000000000000000e+00 0.0000000000000000e+00 2.4492496676848585e-07 6.9661265569670505e-02 4.6669801859813555e+02 4.6676768010863020e+02 3.3662221684083283e+03 0.0000000000000000e+00 3.3662221684083283e+03 1.3866217283255991e-01 3.7621584202774255e+11 2.7131829419840273e+12 6.5958301461179980e-01 3.3651069527552727e+03
4.6000000000000000e+01 3.5634733571898898e+00 1.0146456257617500e+09 8.5518500000000000e+04 1.2046771675269665e+15 0.0000000000000000e+00 0.0000000000000000e+00 6.2571189168738125e-07 1.0099893545518882e-01 4.3066098339595953e+02 4.3076198295712663e+02 2.0137148087711821e+03 0.0000000000000000e+00 2.0137148087711821e+03 2.1391409601838710e-01 4.3707076175190601e+11 2.0432069222513389e+12 8.0520878515563876e-01 2.0130295689995605e+03
4.7000000000000000e+01 4.4859207952257902e+00 1.2772987072306600e+09 7.4715375000000000e+04 1.2045722718042118e+15 0.0000000000000000e+00 0.0000000000000000e+00 7.9735202334599821e-06 3.6633414396967190e-01 4.5734366964876978e+02 4.5771001176625970e+02 9.9147577120621941e+02 0.0000000000000000e+00 9.9147577120621941e+02 4.6164518090988177e-01 5.8463240631557373e+11 1.2664107208122256e+12 1.0000000000000000e+00 9.9111070934732959e+02
