# depth parent_stage shell_zero database_line_type E_line_eV n_parent_cm-3 Gamma_K_s-1 photon_yield emissivity_erg_cm-3_s-1
# Selected K-alpha fluorescence from parent stages Fe XVII-XXII; local production before transfer.
0.0000000000000000e+00 1.7000000000000000e+01 0.0000000000000000e+00 1.0000000000000000e+00 6.4259506632629400e+03 5.2067599360000000e+09 8.7167405249680382e+02 1.2309999763965607e-01 5.7521141764228532e+03
0.0000000000000000e+00 1.7000000000000000e+01 0.0000000000000000e+00 2.0000000000000000e+00 6.4290506664001468e+03 5.2067599360000000e+09 8.7167405249680382e+02 2.4609999358654022e-01 1.1505103165489953e+04
0.0000000000000000e+00 1.8000000000000000e+01 0.0000000000000000e+00 1.0000000000000000e+00 6.4680510809020998e+03 1.0840697856000000e+10 8.3451839231007978e+02 1.6060000658035278e-01 1.5056448621466890e+04
0.0000000000000000e+00 1.8000000000000000e+01 0.0000000000000000e+00 2.0000000000000000e+00 6.4680510809020998e+03 1.0840697856000000e+10 8.3451839231007978e+02 2.4089999496936798e-01 2.2584671535198100e+04
0.0000000000000000e+00 1.9000000000000000e+01 0.0000000000000000e+00 1.0000000000000000e+00 6.5028511696960450e+03 1.0417560576000000e+10 7.7804589801072700e+02 2.2020000219345093e-01 1.8595282433433771e+04
0.0000000000000000e+00 1.9000000000000000e+01 0.0000000000000000e+00 2.0000000000000000e+00 6.5020510483398439e+03 1.0417560576000000e+10 7.7804589801072700e+02 2.2020000219345093e-01 1.8592994439719732e+04
0.0000000000000000e+00 2.0000000000000000e+01 0.0000000000000000e+00 1.0000000000000000e+00 6.5360514309936525e+03 4.1198622720000000e+09 7.4666651925928591e+02 3.2580000162124634e-01 1.0495093508190641e+04
0.0000000000000000e+00 2.0000000000000000e+01 0.0000000000000000e+00 2.0000000000000000e+00 6.5360514309936525e+03 4.1198622720000000e+09 7.4666651925928591e+02 1.6290000081062317e-01 5.2475467540953205e+03
0.0000000000000000e+00 2.1000000000000000e+01 0.0000000000000000e+00 1.0000000000000000e+00 6.5740515899963384e+03 8.3510969600000000e+08 7.1242805254060397e+02 5.5210000276565552e-01 3.4597585312255660e+03
0.0000000000000000e+00 2.2000000000000000e+01 0.0000000000000000e+00 1.0000000000000000e+00 6.5740515899963384e+03 1.0644331200000000e+08 6.6673985769637193e+02 4.9029999971389771e-01 3.6650524308001337e+02
1.0000000000000000e+00 1.7000000000000000e+01 0.0000000000000000e+00 1.0000000000000000e+00 6.4259506632629400e+03 5.2189373440000000e+09 8.7163496960924260e+02 1.2309999763965607e-01 5.7653085336025224e+03
1.0000000000000000e+00 1.7000000000000000e+01 0.0000000000000000e+00 2.0000000000000000e+00 6.4290506664001468e+03 5.2189373440000000e+09 8.7163496960924260e+02 2.4609999358654022e-01 1.1531493886518516e+04
1.0000000000000000e+00 1.8000000000000000e+01 0.0000000000000000e+00 1.0000000000000000e+00 6.4680510809020998e+03 1.0849197056000000e+10 8.3448177455310088e+02 1.6060000658035278e-01 1.5067591827677332e+04
1.0000000000000000e+00 1.8000000000000000e+01 0.0000000000000000e+00 2.0000000000000000e+00 6.4680510809020998e+03 1.0849197056000000e+10 8.3448177455310088e+02 2.4089999496936798e-01 2.2601386343479848e+04
1.0000000000000000e+00 1.9000000000000000e+01 0.0000000000000000e+00 1.0000000000000000e+00 6.5028511696960450e+03 1.0408998912000000e+10 7.7801356487891508e+02 2.2020000219345093e-01 1.8579227788977005e+04
1.0000000000000000e+00 1.9000000000000000e+01 0.0000000000000000e+00 2.0000000000000000e+00 6.5020510483398439e+03 1.0408998912000000e+10 7.7801356487891508e+02 2.2020000219345093e-01 1.8576941770652465e+04
1.0000000000000000e+00 2.0000000000000000e+01 0.0000000000000000e+00 1.0000000000000000e+00 6.5360514309936525e+03 4.1084275200000000e+09 7.4663744680558545e+02 3.2580000162124634e-01 1.0465556680744325e+04
1.0000000000000000e+00 2.0000000000000000e+01 0.0000000000000000e+00 2.0000000000000000e+00 6.5360514309936525e+03 4.1084275200000000e+09 7.4663744680558545e+02 1.6290000081062317e-01 5.2327783403721623e+03
1.0000000000000000e+00 2.1000000000000000e+01 0.0000000000000000e+00 1.0000000000000000e+00 6.5740515899963384e+03 8.3120070400000000e+08 7.1240230836139631e+02 5.5210000276565552e-01 3.4434396138013926e+03
1.0000000000000000e+00 2.2000000000000000e+01 0.0000000000000000e+00 1.0000000000000000e+00 6.5740515899963384e+03 1.0577500000000000e+08 6.6671815957675426e+02 4.9029999971389771e-01 3.6419226100175683e+02
2.0000000000000000e+00 1.7000000000000000e+01 0.0000000000000000e+00 1.0000000000000000e+00 6.4259506632629400e+03 5.2150451200000000e+09 8.7161681379190998e+02 1.2309999763965607e-01 5.7608888326225388e+03
2.0000000000000000e+00 1.7000000000000000e+01 0.0000000000000000e+00 2.0000000000000000e+00 6.4290506664001468e+03 5.2150451200000000e+09 8.7161681379190998e+02 2.4609999358654022e-01 1.1522653812386514e+04
2.0000000000000000e+00 1.8000000000000000e+01 0.0000000000000000e+00 1.0000000000000000e+00 6.4680510809020998e+03 1.0846738432000000e+10 8.3446482596240503e+02 1.6060000658035278e-01 1.5063871280994757e+04
2.0000000000000000e+00 1.8000000000000000e+01 0.0000000000000000e+00 2.0000000000000000e+00 6.4680510809020998e+03 1.0846738432000000e+10 8.3446482596240503e+02 2.4089999496936798e-01 2.2595805523801198e+04
2.0000000000000000e+00 1.9000000000000000e+01 0.0000000000000000e+00 1.0000000000000000e+00 6.5028511696960450e+03 1.0411389952000000e+10 7.7799865308190442e+02 2.2020000219345093e-01 1.8583139422939326e+04
2.0000000000000000e+00 1.9000000000000000e+01 0.0000000000000000e+00 2.0000000000000000e+00 6.5020510483398439e+03 1.0411389952000000e+10 7.7799865308190442e+02 2.2020000219345093e-01 1.8580852923320996e+04
2.0000000000000000e+00 2.0000000000000000e+01 0.0000000000000000e+00 1.0000000000000000e+00 6.5360514309936525e+03 4.1123256320000000e+09 7.4662402332618274e+02 3.2580000162124634e-01 1.0475298158199726e+04
2.0000000000000000e+00 2.0000000000000000e+01 0.0000000000000000e+00 2.0000000000000000e+00 6.5360514309936525e+03 4.1123256320000000e+09 7.4662402332618274e+02 1.6290000081062317e-01 5.2376490790998632e+03
2.0000000000000000e+00 2.1000000000000000e+01 0.0000000000000000e+00 1.0000000000000000e+00 6.5740515899963384e+03 8.3272825600000000e+08 7.1239040595675783e+02 5.5210000276565552e-01 3.4497102116979959e+03
2.0000000000000000e+00 2.2000000000000000e+01 0.0000000000000000e+00 1.0000000000000000e+00 6.5740515899963384e+03 1.0605515200000000e+08 6.6670816822543895e+02 4.9029999971389771e-01 3.6515137581247973e+02
3.0000000000000000e+00 1.7000000000000000e+01 0.0000000000000000e+00 1.0000000000000000e+00 6.4259506632629400e+03 5.2095754240000000e+09 8.7159386640325363e+02 1.2309999763965607e-01 5.7546951292929089e+03
3.0000000000000000e+00 1.7000000000000000e+01 0.0000000000000000e+00 2.0000000000000000e+00 6.4290506664001468e+03 5.2095754240000000e+09 8.7159386640325363e+02 2.4609999358654022e-01 1.1510265463755342e+04
3.0000000000000000e+00 1.8000000000000000e+01 0.0000000000000000e+00 1.0000000000000000e+00 6.4680510809020998e+03 1.0843245568000000e+10 8.3444334191983705e+02 1.6060000658035278e-01 1.5058632708991909e+04
3.0000000000000000e+00 1.8000000000000000e+01 0.0000000000000000e+00 2.0000000000000000e+00 6.4680510809020998e+03 1.0843245568000000e+10 8.3444334191983705e+02 2.4089999496936798e-01 2.2587947666282977e+04
3.0000000000000000e+00 1.9000000000000000e+01 0.0000000000000000e+00 1.0000000000000000e+00 6.5028511696960450e+03 1.0414770176000000e+10 7.7797968641509499e+02 2.2020000219345093e-01 1.8588719554331008e+04
3.0000000000000000e+00 1.9000000000000000e+01 0.0000000000000000e+00 2.0000000000000000e+00 6.5020510483398439e+03 1.0414770176000000e+10 7.7797968641509499e+02 2.2020000219345093e-01 1.8586432368124264e+04
3.0000000000000000e+00 2.0000000000000000e+01 0.0000000000000000e+00 1.0000000000000000e+00 6.5360514309936525e+03 4.1177922560000000e+09 7.4660692811656020e+02 3.2580000162124634e-01 1.0488983082701161e+04
3.0000000000000000e+00 2.0000000000000000e+01 0.0000000000000000e+00 2.0000000000000000e+00 6.5360514309936525e+03 4.1177922560000000e+09 7.4660692811656020e+02 1.6290000081062317e-01 5.2444915413505805e+03
3.0000000000000000e+00 2.1000000000000000e+01 0.0000000000000000e+00 1.0000000000000000e+00 6.5740515899963384e+03 8.3485798400000000e+08 7.1237524387805570e+02 5.5210000276565552e-01 3.4584593418557411e+03
3.0000000000000000e+00 2.2000000000000000e+01 0.0000000000000000e+00 1.0000000000000000e+00 6.5740515899963384e+03 1.0644480800000000e+08 6.6669538827083238e+02 4.9029999971389771e-01 3.6648594902575053e+02
4.0000000000000000e+00 1.7000000000000000e+01 0.0000000000000000e+00 1.0000000000000000e+00 6.4259506632629400e+03 5.2031344640000000e+09 8.7156499916851158e+02 1.2309999763965607e-01 5.7473898397735902e+03
4.0000000000000000e+00 1.7000000000000000e+01 0.0000000000000000e+00 2.0000000000000000e+00 6.4290506664001468e+03 5.2031344640000000e+09 8.7156499916851158e+02 2.4609999358654022e-01 1.1495653773688753e+04
4.0000000000000000e+00 1.8000000000000000e+01 0.0000000000000000e+00 1.0000000000000000e+00 6.4680510809020998e+03 1.0839122944000000e+10 8.3441627726525746e+02 1.6060000658035278e-01 1.5052419154477766e+04
4.0000000000000000e+00 1.8000000000000000e+01 0.0000000000000000e+00 2.0000000000000000e+00 6.4680510809020998e+03 1.0839122944000000e+10 8.3441627726525746e+02 2.4089999496936798e-01 2.2578627335088284e+04
4.0000000000000000e+00 1.9000000000000000e+01 0.0000000000000000e+00 1.0000000000000000e+00 6.5028511696960450e+03 1.0418714624000000e+10 7.7795585741962259e+02 2.2020000219345093e-01 1.8595190195273986e+04
4.0000000000000000e+00 1.9000000000000000e+01 0.0000000000000000e+00 2.0000000000000000e+00 6.5020510483398439e+03 1.0418714624000000e+10 7.7795585741962259e+02 2.2020000219345093e-01 1.8592902212909081e+04
4.0000000000000000e+00 2.0000000000000000e+01 0.0000000000000000e+00 1.0000000000000000e+00 6.5360514309936525e+03 4.1242585600000000e+09 7.4658548502028077e+02 3.2580000162124634e-01 1.0505152551935378e+04
4.0000000000000000e+00 2.0000000000000000e+01 0.0000000000000000e+00 2.0000000000000000e+00 6.5360514309936525e+03 4.1242585600000000e+09 7.4658548502028077e+02 1.6290000081062317e-01 5.2525762759676891e+03
4.0000000000000000e+00 2.1000000000000000e+01 0.0000000000000000e+00 1.0000000000000000e+00 6.5740515899963384e+03 8.3739398400000000e+08 7.1235625046169048e+02 5.5210000276565552e-01 3.4688724146775489e+03
4.0000000000000000e+00 2.2000000000000000e+01 0.0000000000000000e+00 1.0000000000000000e+00 6.5740515899963384e+03 1.0691048000000000e+08 6.6667937172650545e+02 4.9029999971389771e-01 3.6808039940550395e+02
5.0000000000000000e+00 1.7000000000000000e+01 0.0000000000000000e+00 1.0000000000000000e+00 6.4259506632629400e+03 5.1949132800000000e+09 8.7152861675675217e+02 1.2309999763965607e-01 5.7380691694017787e+03
5.0000000000000000e+00 1.7000000000000000e+01 0.0000000000000000e+00 2.0000000000000000e+00 6.4290506664001468e+03 5.1949132800000000e+09 8.7152861675675217e+02 2.4609999358654022e-01 1.1477011015407152e+04
5.0000000000000000e+00 1.8000000000000000e+01 0.0000000000000000e+00 1.0000000000000000e+00 6.4680510809020998e+03 1.0833816576000000e+10 8.3438221868944674e+02 1.6060000658035278e-01 1.5044436040486520e+04
5.0000000000000000e+00 1.8000000000000000e+01 0.0000000000000000e+00 2.0000000000000000e+00 6.4680510809020998e+03 1.0833816576000000e+10 8.3438221868944674e+02 2.4089999496936798e-01 2.2566652664842124e+04
5.0000000000000000e+00 1.9000000000000000e+01 0.0000000000000000e+00 1.0000000000000000e+00 6.5028511696960450e+03 1.0423735296000000e+10 7.7792581292402065e+02 2.2020000219345093e-01 1.8603432538715562e+04
5.0000000000000000e+00 1.9000000000000000e+01 0.0000000000000000e+00 2.0000000000000000e+00 6.5020510483398439e+03 1.0423735296000000e+10 7.7792581292402065e+02 2.2020000219345093e-01 1.8601143542199348e+04
5.0000000000000000e+00 2.0000000000000000e+01 0.0000000000000000e+00 1.0000000000000000e+00 6.5360514309936525e+03 4.1325314560000000e+09 7.4655844179175028e+02 3.2580000162124634e-01 1.0525843667295259e+04
5.0000000000000000e+00 2.0000000000000000e+01 0.0000000000000000e+00 2.0000000000000000e+00 6.5360514309936525e+03 4.1325314560000000e+09 7.4655844179175028e+02 1.6290000081062317e-01 5.2629218336476297e+03
5.0000000000000000e+00 2.1000000000000000e+01 0.0000000000000000e+00 1.0000000000000000e+00 6.5740515899963384e+03 8.4064416000000000e+08 7.1233227445314992e+02 5.5210000276565552e-01 3.4822189377867298e+03
5.0000000000000000e+00 2.2000000000000000e+01 0.0000000000000000e+00 1.0000000000000000e+00 6.5740515899963384e+03 1.0750814400000000e+08 6.6665921763193296e+02 4.9029999971389771e-01 3.7012689784745584e+02
6.0000000000000000e+00 1.7000000000000000e+01 0.0000000000000000e+00 1.0000000000000000e+00 6.4259506632629400e+03 5.1844608000000000e+09 8.7148300164633713e+02 1.2309999763965607e-01 5.7262241051968676e+03
6.0000000000000000e+00 1.7000000000000000e+01 0.0000000000000000e+00 2.0000000000000000e+00 6.4290506664001468e+03 5.1844608000000000e+09 8.7148300164633713e+02 2.4609999358654022e-01 1.1453319085535879e+04
6.0000000000000000e+00 1.8000000000000000e+01 0.0000000000000000e+00 1.0000000000000000e+00 6.4680510809020998e+03 1.0827001856000000e+10 8.3433952828459462e+02 1.6060000658035278e-01 1.5034203493261819e+04
6.0000000000000000e+00 1.8000000000000000e+01 0.0000000000000000e+00 2.0000000000000000e+00 6.4680510809020998e+03 1.0827001856000000e+10 8.3433952828459462e+02 2.4089999496936798e-01 2.2551303844954491e+04
6.0000000000000000e+00 1.9000000000000000e+01 0.0000000000000000e+00 1.0000000000000000e+00 6.5028511696960450e+03 1.0430087168000000e+10 7.7788818289948222e+02 2.2020000219345093e-01 1.8613868403452158e+04
6.0000000000000000e+00 1.9000000000000000e+01 0.0000000000000000e+00 2.0000000000000000e+00 6.5020510483398439e+03 1.0430087168000000e+10 7.7788818289948222e+02 2.2020000219345093e-01 1.8611578122890223e+04
6.0000000000000000e+00 2.0000000000000000e+01 0.0000000000000000e+00 1.0000000000000000e+00 6.5360514309936525e+03 4.1430837760000000e+09 7.4652455504196337e+02 3.2580000162124634e-01 1.0552242162208817e+04
6.0000000000000000e+00 2.0000000000000000e+01 0.0000000000000000e+00 2.0000000000000000e+00 6.5360514309936525e+03 4.1430837760000000e+09 7.4652455504196337e+02 1.6290000081062317e-01 5.2761210811044084e+03
6.0000000000000000e+00 2.1000000000000000e+01 0.0000000000000000e+00 1.0000000000000000e+00 6.5740515899963384e+03 8.4480160000000000e+08 7.1230225401215375e+02 5.5210000276565552e-01 3.4992929136810890e+03
6.0000000000000000e+00 2.2000000000000000e+01 0.0000000000000000e+00 1.0000000000000000e+00 6.5740515899963384e+03 1.0827421600000000e+08 6.6663393480351294e+02 4.9029999971389771e-01 3.7275017831548729e+02
7.0000000000000000e+00 1.7000000000000000e+01 0.0000000000000000e+00 1.0000000000000000e+00 6.4259506632629400e+03 5.1715420160000000e+09 8.7142531478527599e+02 1.2309999763965607e-01 5.7115772436685565e+03
7.0000000000000000e+00 1.7000000000000000e+01 0.0000000000000000e+00 2.0000000000000000e+00 6.4290506664001468e+03 5.1715420160000000e+09 8.7142531478527599e+02 2.4609999358654022e-01 1.1424023134905312e+04
7.0000000000000000e+00 1.8000000000000000e+01 0.0000000000000000e+00 1.0000000000000000e+00 6.4680510809020998e+03 1.0818487296000000e+10 8.3428548190134302e+02 1.6060000658035278e-01 1.5021407198526254e+04
7.0000000000000000e+00 1.8000000000000000e+01 0.0000000000000000e+00 2.0000000000000000e+00 6.4680510809020998e+03 1.0818487296000000e+10 8.3428548190134302e+02 2.4089999496936798e-01 2.2532109404038441e+04
7.0000000000000000e+00 1.9000000000000000e+01 0.0000000000000000e+00 1.0000000000000000e+00 6.5028511696960450e+03 1.0437869568000000e+10 7.7784051920993011e+02 2.2020000219345093e-01 1.8626615742254744e+04
7.0000000000000000e+00 1.9000000000000000e+01 0.0000000000000000e+00 2.0000000000000000e+00 6.5020510483398439e+03 1.0437869568000000e+10 7.7784051920993011e+02 2.2020000219345093e-01 1.8624323893239565e+04
7.0000000000000000e+00 2.0000000000000000e+01 0.0000000000000000e+00 1.0000000000000000e+00 6.5360514309936525e+03 4.1561922560000000e+09 7.4648166394477573e+02 3.2580000162124634e-01 1.0585020661985453e+04
7.0000000000000000e+00 2.0000000000000000e+01 0.0000000000000000e+00 2.0000000000000000e+00 6.5360514309936525e+03 4.1561922560000000e+09 7.4648166394477573e+02 1.6290000081062317e-01 5.2925103309927263e+03
7.0000000000000000e+00 2.1000000000000000e+01 0.0000000000000000e+00 1.0000000000000000e+00 6.5740515899963384e+03 8.4999513600000000e+08 7.1226426190408449e+02 5.5210000276565552e-01 3.5206175169167559e+03
7.0000000000000000e+00 2.2000000000000000e+01 0.0000000000000000e+00 1.0000000000000000e+00 6.5740515899963384e+03 1.0923462400000000e+08 6.6660192161863336e+02 4.9029999971389771e-01 3.7603846742347008e+02
8.0000000000000000e+00 1.7000000000000000e+01 0.0000000000000000e+00 1.0000000000000000e+00 6.4259506632629400e+03 5.1548006400000000e+09 8.7135260878685642e+02 1.2309999763965607e-01 5.6926126655439039e+03
8.0000000000000000e+00 1.7000000000000000e+01 0.0000000000000000e+00 2.0000000000000000e+00 6.4290506664001468e+03 5.1548006400000000e+09 8.7135260878685642e+02 2.4609999358654022e-01 1.1386091094420364e+04
8.0000000000000000e+00 1.8000000000000000e+01 0.0000000000000000e+00 1.0000000000000000e+00 6.4680510809020998e+03 1.0807271424000000e+10 8.3421738795930492e+02 1.6060000658035278e-01 1.5004609256681577e+04
8.0000000000000000e+00 1.8000000000000000e+01 0.0000000000000000e+00 2.0000000000000000e+00 6.4680510809020998e+03 1.0807271424000000e+10 8.3421738795930492e+02 2.4089999496936798e-01 2.2506912492830015e+04
8.0000000000000000e+00 1.9000000000000000e+01 0.0000000000000000e+00 1.0000000000000000e+00 6.5028511696960450e+03 1.0447887360000000e+10 7.7778047817503455e+02 2.2020000219345093e-01 1.8643053563005924e+04
8.0000000000000000e+00 1.9000000000000000e+01 0.0000000000000000e+00 2.0000000000000000e+00 6.5020510483398439e+03 1.0447887360000000e+10 7.7778047817503455e+02 2.2020000219345093e-01 1.8640759691454616e+04
8.0000000000000000e+00 2.0000000000000000e+01 0.0000000000000000e+00 1.0000000000000000e+00 6.5360514309936525e+03 4.1732590080000000e+09 7.4642762139989975e+02 3.2580000162124634e-01 1.0627716926511961e+04
8.0000000000000000e+00 2.0000000000000000e+01 0.0000000000000000e+00 2.0000000000000000e+00 6.5360514309936525e+03 4.1732590080000000e+09 7.4642762139989975e+02 1.6290000081062317e-01 5.3138584632559805e+03
8.0000000000000000e+00 2.1000000000000000e+01 0.0000000000000000e+00 1.0000000000000000e+00 6.5740515899963384e+03 8.5678144000000000e+08 7.1221637769986637e+02 5.5210000276565552e-01 3.5484873161407263e+03
8.0000000000000000e+00 2.2000000000000000e+01 0.0000000000000000e+00 1.0000000000000000e+00 6.5740515899963384e+03 1.1049320800000000e+08 6.6656160227936130e+02 4.9029999971389771e-01 3.8034811625737956e+02
9.0000000000000000e+00 1.7000000000000000e+01 0.0000000000000000e+00 1.0000000000000000e+00 6.4259506632629400e+03 5.1395189760000000e+09 8.7126113347179489e+02 1.2309999763965607e-01 5.6751407874187353e+03
9.0000000000000000e+00 1.7000000000000000e+01 0.0000000000000000e+00 2.0000000000000000e+00 6.4290506664001468e+03 5.1395189760000000e+09 8.7126113347179489e+02 2.4609999358654022e-01 1.1351144680952275e+04
9.0000000000000000e+00 1.8000000000000000e+01 0.0000000000000000e+00 1.0000000000000000e+00 6.4680510809020998e+03 1.0797008896000000e+10 8.3413172981011587e+02 1.6060000658035278e-01 1.4988821735809866e+04
9.0000000000000000e+00 1.8000000000000000e+01 0.0000000000000000e+00 2.0000000000000000e+00 6.4680510809020998e+03 1.0797008896000000e+10 8.3413172981011587e+02 2.4089999496936798e-01 2.2483231212987277e+04
9.0000000000000000e+00 1.9000000000000000e+01 0.0000000000000000e+00 1.0000000000000000e+00 6.5028511696960450e+03 1.0456620032000000e+10 7.7770494075594684e+02 2.2020000219345093e-01 1.8656823900163196e+04
9.0000000000000000e+00 1.9000000000000000e+01 0.0000000000000000e+00 2.0000000000000000e+00 6.5020510483398439e+03 1.0456620032000000e+10 7.7770494075594684e+02 2.2020000219345093e-01 1.8654528334287264e+04
9.0000000000000000e+00 2.0000000000000000e+01 0.0000000000000000e+00 1.0000000000000000e+00 6.5360514309936525e+03 4.1891747840000000e+09 7.4635959348175300e+02 3.2580000162124634e-01 1.0667276123238269e+04
9.0000000000000000e+00 2.0000000000000000e+01 0.0000000000000000e+00 2.0000000000000000e+00 6.5360514309936525e+03 4.1891747840000000e+09 7.4635959348175300e+02 1.6290000081062317e-01 5.3336380616191345e+03
9.0000000000000000e+00 2.1000000000000000e+01 0.0000000000000000e+00 1.0000000000000000e+00 6.5740515899963384e+03 8.6331008000000000e+08 7.1215605203863743e+02 5.5210000276565552e-01 3.5752237945052693e+03
9.0000000000000000e+00 2.2000000000000000e+01 0.0000000000000000e+00 1.0000000000000000e+00 6.5740515899963384e+03 1.1172284000000000e+08 6.6651077299848760e+02 4.9029999971389771e-01 3.8455152238598191e+02
1.0000000000000000e+01 1.7000000000000000e+01 0.0000000000000000e+00 1.0000000000000000e+00 6.4259506632629400e+03 5.1175106560000000e+09 8.7114572948795717e+02 1.2309999763965607e-01 5.6500903521232922e+03
1.0000000000000000e+01 1.7000000000000000e+01 0.0000000000000000e+00 2.0000000000000000e+00 6.4290506664001468e+03 5.1175106560000000e+09 8.7114572948795717e+02 2.4609999358654022e-01 1.1301040000555662e+04
1.0000000000000000e+01 1.8000000000000000e+01 0.0000000000000000e+00 1.0000000000000000e+00 6.4680510809020998e+03 1.0781816832000000e+10 8.3402363009604233e+02 1.6060000658035278e-01 1.4965791779489989e+04
1.0000000000000000e+01 1.8000000000000000e+01 0.0000000000000000e+00 2.0000000000000000e+00 6.4680510809020998e+03 1.0781816832000000e+10 8.3402363009604233e+02 2.4089999496936798e-01 2.2448686280644284e+04
1.0000000000000000e+01 1.9000000000000000e+01 0.0000000000000000e+00 1.0000000000000000e+00 6.5028511696960450e+03 1.0469228544000000e+10 7.7760956880823665e+02 2.2020000219345093e-01 1.8677029462062415e+04
1.0000000000000000e+01 1.9000000000000000e+01 0.0000000000000000e+00 2.0000000000000000e+00 6.5020510483398439e+03 1.0469228544000000e+10 7.7760956880823665e+02 2.2020000219345093e-01 1.8674731410061369e+04
1.0000000000000000e+01 2.0000000000000000e+01 0.0000000000000000e+00 1.0000000000000000e+00 6.5360514309936525e+03 4.2121280000000000e+09 7.4627373061252740e+02 3.2580000162124634e-01 1.0724490070091322e+04
1.0000000000000000e+01 2.0000000000000000e+01 0.0000000000000000e+00 2.0000000000000000e+00 6.5360514309936525e+03 4.2121280000000000e+09 7.4627373061252740e+02 1.6290000081062317e-01 5.3622450350456611e+03
1.0000000000000000e+01 2.1000000000000000e+01 0.0000000000000000e+00 1.0000000000000000e+00 6.5740515899963384e+03 8.7269177600000000e+08 7.1207992687292176e+02 5.5210000276565552e-01 3.6136898649696791e+03
1.0000000000000000e+01 2.2000000000000000e+01 0.0000000000000000e+00 1.0000000000000000e+00 6.5740515899963384e+03 1.1349006400000000e+08 6.6644662453662920e+02 4.9029999971389771e-01 3.9059673455440520e+02
1.1000000000000000e+01 1.7000000000000000e+01 0.0000000000000000e+00 1.0000000000000000e+00 6.4259506632629400e+03 5.0920437760000000e+09 8.7100009372204227e+02 1.2309999763965607e-01 5.6210332659922096e+03
1.1000000000000000e+01 1.7000000000000000e+01 0.0000000000000000e+00 2.0000000000000000e+00 6.4290506664001468e+03 5.0920437760000000e+09 8.7100009372204227e+02 2.4609999358654022e-01 1.1242921409134631e+04
1.1000000000000000e+01 1.8000000000000000e+01 0.0000000000000000e+00 1.0000000000000000e+00 6.4680510809020998e+03 1.0763813888000000e+10 8.3388721446568047e+02 1.6060000658035278e-01 1.4938358874743762e+04
1.1000000000000000e+01 1.8000000000000000e+01 0.0000000000000000e+00 2.0000000000000000e+00 6.4680510809020998e+03 1.0763813888000000e+10 8.3388721446568047e+02 2.4089999496936798e-01 2.2407536926070286e+04
1.1000000000000000e+01 1.9000000000000000e+01 0.0000000000000000e+00 1.0000000000000000e+00 6.5028511696960450e+03 1.0483395584000000e+10 7.7748919558398438e+02 2.2020000219345093e-01 1.8699408262097939e+04
1.1000000000000000e+01 1.9000000000000000e+01 0.0000000000000000e+00 2.0000000000000000e+00 6.5020510483398439e+03 1.0483395584000000e+10 7.7748919558398438e+02 2.2020000219345093e-01 1.8697107456573041e+04
1.1000000000000000e+01 2.0000000000000000e+01 0.0000000000000000e+00 1.0000000000000000e+00 6.5360514309936525e+03 4.2390919680000000e+09 7.4616529113353192e+02 3.2580000162124634e-01 1.0791574642116377e+04
1.1000000000000000e+01 2.0000000000000000e+01 0.0000000000000000e+00 2.0000000000000000e+00 6.5360514309936525e+03 4.2390919680000000e+09 7.4616529113353192e+02 1.6290000081062317e-01 5.3957873210581884e+03
1.1000000000000000e+01 2.1000000000000000e+01 0.0000000000000000e+00 1.0000000000000000e+00 6.5740515899963384e+03 8.8389811200000000e+08 7.1198379516892419e+02 5.5210000276565552e-01 3.6595995570128184e+03
1.1000000000000000e+01 2.2000000000000000e+01 0.0000000000000000e+00 1.0000000000000000e+00 6.5740515899963384e+03 1.1562132800000000e+08 6.6636558660420565e+02 4.9029999971389771e-01 3.9788348061854634e+02
1.2000000000000000e+01 1.7000000000000000e+01 0.0000000000000000e+00 1.0000000000000000e+00 6.4259506632629400e+03 5.0670781440000000e+09 8.7081636672032494e+02 1.2309999763965607e-01 5.5922941908156217e+03
1.2000000000000000e+01 1.7000000000000000e+01 0.0000000000000000e+00 2.0000000000000000e+00 6.4290506664001468e+03 5.0670781440000000e+09 8.7081636672032494e+02 2.4609999358654022e-01 1.1185438887987415e+04
1.2000000000000000e+01 1.8000000000000000e+01 0.0000000000000000e+00 1.0000000000000000e+00 6.4680510809020998e+03 1.0745747456000000e+10 8.3371510807117716e+02 1.6060000658035278e-01 1.4910207752754319e+04
1.2000000000000000e+01 1.8000000000000000e+01 0.0000000000000000e+00 2.0000000000000000e+00 6.4680510809020998e+03 1.0745747456000000e+10 8.3371510807117716e+02 2.4089999496936798e-01 2.2365310245698103e+04
1.2000000000000000e+01 1.9000000000000000e+01 0.0000000000000000e+00 1.0000000000000000e+00 6.5028511696960450e+03 1.0496412672000000e+10 7.7733731782663710e+02 2.2020000219345093e-01 1.8718969709309476e+04
1.2000000000000000e+01 1.9000000000000000e+01 0.0000000000000000e+00 2.0000000000000000e+00 6.5020510483398439e+03 1.0496412672000000e+10 7.7733731782663710e+02 2.2020000219345093e-01 1.8716666496912381e+04
1.2000000000000000e+01 2.0000000000000000e+01 0.0000000000000000e+00 1.0000000000000000e+00 6.5360514309936525e+03 4.2662978560000000e+09 7.4602846565714481e+02 3.2580000162124634e-01 1.0858841862191277e+04
1.2000000000000000e+01 2.0000000000000000e+01 0.0000000000000000e+00 2.0000000000000000e+00 6.5360514309936525e+03 4.2662978560000000e+09 7.4602846565714481e+02 1.6290000081062317e-01 5.4294209310956385e+03
1.2000000000000000e+01 2.1000000000000000e+01 0.0000000000000000e+00 1.0000000000000000e+00 6.5740515899963384e+03 8.9560345600000000e+08 7.1186246548909742e+02 5.5210000276565552e-01 3.7074312487497250e+03
1.2000000000000000e+01 2.2000000000000000e+01 0.0000000000000000e+00 1.0000000000000000e+00 6.5740515899963384e+03 1.1788648800000000e+08 6.6626328561776393e+02 4.9029999971389771e-01 4.0561621344105964e+02
1.3000000000000000e+01 1.7000000000000000e+01 0.0000000000000000e+00 1.0000000000000000e+00 6.4259506632629400e+03 5.0466933760000000e+09 8.7058425029380726e+02 1.2309999763965607e-01 5.5683118563898333e+03
1.3000000000000000e+01 1.7000000000000000e+01 0.0000000000000000e+00 2.0000000000000000e+00 6.4290506664001468e+03 5.0466933760000000e+09 8.7058425029380726e+02 2.4609999358654022e-01 1.1137470571772672e+04
1.3000000000000000e+01 1.8000000000000000e+01 0.0000000000000000e+00 1.0000000000000000e+00 6.4680510809020998e+03 1.0730639360000000e+10 8.3349767128950066e+02 1.6060000658035278e-01 1.4885361405945552e+04
1.3000000000000000e+01 1.8000000000000000e+01 0.0000000000000000e+00 2.0000000000000000e+00 6.4680510809020998e+03 1.0730639360000000e+10 8.3349767128950066e+02 2.4089999496936798e-01 2.2328040727790300e+04
1.3000000000000000e+01 1.9000000000000000e+01 0.0000000000000000e+00 1.0000000000000000e+00 6.5028511696960450e+03 1.0505578496000000e+10 7.7714539938028372e+02 2.2020000219345093e-01 1.8730690147814850e+04
1.3000000000000000e+01 1.9000000000000000e+01 0.0000000000000000e+00 2.0000000000000000e+00 6.5020510483398439e+03 1.0505578496000000e+10 7.7714539938028372e+02 2.2020000219345093e-01 1.8728385493315993e+04
1.3000000000000000e+01 2.0000000000000000e+01 0.0000000000000000e+00 1.0000000000000000e+00 6.5360514309936525e+03 4.2897753600000000e+09 7.4585552912772312e+02 3.2580000162124634e-01 1.0916067203793138e+04
1.3000000000000000e+01 2.0000000000000000e+01 0.0000000000000000e+00 2.0000000000000000e+00 6.5360514309936525e+03 4.2897753600000000e+09 7.4585552912772312e+02 1.6290000081062317e-01 5.4580336018965691e+03
1.3000000000000000e+01 2.1000000000000000e+01 0.0000000000000000e+00 1.0000000000000000e+00 6.5740515899963384e+03 9.0637113600000000e+08 7.1170902669913642e+02 5.5210000276565552e-01 3.7511963028585606e+03
1.3000000000000000e+01 2.2000000000000000e+01 0.0000000000000000e+00 1.0000000000000000e+00 6.5740515899963384e+03 1.2003005600000000e+08 6.6613389523202193e+02 4.9029999971389771e-01 4.1291145950377188e+02
1.4000000000000000e+01 1.7000000000000000e+01 0.0000000000000000e+00 1.0000000000000000e+00 6.4259506632629400e+03 5.0303805440000000e+09 8.7029094157196255e+02 1.2309999763965607e-01 5.5484429980168861e+03
1.4000000000000000e+01 1.7000000000000000e+01 0.0000000000000000e+00 2.0000000000000000e+00 6.4290506664001468e+03 5.0303805440000000e+09 8.7029094157196255e+02 2.4609999358654022e-01 1.1097729833263300e+04
1.4000000000000000e+01 1.8000000000000000e+01 0.0000000000000000e+00 1.0000000000000000e+00 6.4680510809020998e+03 1.0718087168000000e+10 8.3322285976280841e+02 1.6060000658035278e-01 1.4863047123662091e+04
1.4000000000000000e+01 1.8000000000000000e+01 0.0000000000000000e+00 2.0000000000000000e+00 6.4680510809020998e+03 1.0718087168000000e+10 8.3322285976280841e+02 2.4089999496936798e-01 2.2294569306435526e+04
1.4000000000000000e+01 1.9000000000000000e+01 0.0000000000000000e+00 1.0000000000000000e+00 6.5028511696960450e+03 1.0511013888000000e+10 7.7690275809524337e+02 2.2020000219345093e-01 1.8734529915803880e+04
1.4000000000000000e+01 1.9000000000000000e+01 0.0000000000000000e+00 2.0000000000000000e+00 6.5020510483398439e+03 1.0511013888000000e+10 7.7690275809524337e+02 2.2020000219345093e-01 1.8732224788853739e+04
1.4000000000000000e+01 2.0000000000000000e+01 0.0000000000000000e+00 1.0000000000000000e+00 6.5360514309936525e+03 4.3102289920000000e+09 7.4563681094494325e+02 3.2580000162124634e-01 1.0964898627562341e+04
1.4000000000000000e+01 2.0000000000000000e+01 0.0000000000000000e+00 2.0000000000000000e+00 6.5360514309936525e+03 4.3102289920000000e+09 7.4563681094494325e+02 1.6290000081062317e-01 5.4824493137811705e+03
1.4000000000000000e+01 2.1000000000000000e+01 0.0000000000000000e+00 1.0000000000000000e+00 6.5740515899963384e+03 9.1656697600000000e+08 7.1151493353740909e+02 5.5210000276565552e-01 3.7923592919168559e+03
1.4000000000000000e+01 2.2000000000000000e+01 0.0000000000000000e+00 1.0000000000000000e+00 6.5740515899963384e+03 1.2212813600000000e+08 6.6597004466761007e+02 4.9029999971389771e-01 4.2002565556487605e+02
1.5000000000000000e+01 1.7000000000000000e+01 0.0000000000000000e+00 1.0000000000000000e+00 6.4259506632629400e+03 5.0201431040000000e+09 8.6991950346297926e+02 1.2309999763965607e-01 5.5347879945144969e+03
1.5000000000000000e+01 1.7000000000000000e+01 0.0000000000000000e+00 2.0000000000000000e+00 6.4290506664001468e+03 5.0201431040000000e+09 8.6991950346297926e+02 2.4609999358654022e-01 1.1070417749531713e+04
1.5000000000000000e+01 1.8000000000000000e+01 0.0000000000000000e+00 1.0000000000000000e+00 6.4680510809020998e+03 1.0709556224000000e+10 8.3287482870540123e+02 1.6060000658035278e-01 1.4845013800139002e+04
1.5000000000000000e+01 1.8000000000000000e+01 0.0000000000000000e+00 2.0000000000000000e+00 6.4680510809020998e+03 1.0709556224000000e+10 8.3287482870540123e+02 2.4089999496936798e-01 2.2267519322824108e+04
1.5000000000000000e+01 1.9000000000000000e+01 0.0000000000000000e+00 1.0000000000000000e+00 6.5028511696960450e+03 1.0511237120000000e+10 7.7659537529857175e+02 2.2020000219345093e-01 1.8727515294509114e+04
1.5000000000000000e+01 1.9000000000000000e+01 0.0000000000000000e+00 2.0000000000000000e+00 6.5020510483398439e+03 1.0511237120000000e+10 7.7659537529857175e+02 2.2020000219345093e-01 1.8725211030649356e+04
1.5000000000000000e+01 2.0000000000000000e+01 0.0000000000000000e+00 1.0000000000000000e+00 6.5360514309936525e+03 4.3258926080000000e+09 7.4535958142934658e+02 3.2580000162124634e-01 1.1000654099228523e+04
1.5000000000000000e+01 2.0000000000000000e+01 0.0000000000000000e+00 2.0000000000000000e+00 6.5360514309936525e+03 4.3258926080000000e+09 7.4535958142934658e+02 1.6290000081062317e-01 5.5003270496142613e+03
1.5000000000000000e+01 2.1000000000000000e+01 0.0000000000000000e+00 1.0000000000000000e+00 6.5740515899963384e+03 9.2562796800000000e+08 7.1126878565070876e+02 5.5210000276565552e-01 3.8285248406233668e+03
1.5000000000000000e+01 2.2000000000000000e+01 0.0000000000000000e+00 1.0000000000000000e+00 6.5740515899963384e+03 1.2408769600000000e+08 6.6576216219038554e+02 4.9029999971389771e-01 4.2663180090324408e+02
1.6000000000000000e+01 1.7000000000000000e+01 0.0000000000000000e+00 1.0000000000000000e+00 6.4259506632629400e+03 5.0203939840000000e+09 8.6944867645046997e+02 1.2309999763965607e-01 5.5320688476616378e+03
1.6000000000000000e+01 1.7000000000000000e+01 0.0000000000000000e+00 2.0000000000000000e+00 6.4290506664001468e+03 5.0203939840000000e+09 8.6944867645046997e+02 2.4609999358654022e-01 1.1064979042283430e+04
1.6000000000000000e+01 1.8000000000000000e+01 0.0000000000000000e+00 1.0000000000000000e+00 6.4680510809020998e+03 1.0708418560000000e+10 8.3243360774343330e+02 1.6060000658035278e-01 1.4835573422110923e+04
1.6000000000000000e+01 1.8000000000000000e+01 0.0000000000000000e+00 2.0000000000000000e+00 6.4680510809020998e+03 1.0708418560000000e+10 8.3243360774343330e+02 2.4089999496936798e-01 2.2253358756657904e+04
1.6000000000000000e+01 1.9000000000000000e+01 0.0000000000000000e+00 1.0000000000000000e+00 6.5028511696960450e+03 1.0503269376000000e+10 7.7620554934296752e+02 2.2020000219345093e-01 1.8703925948989414e+04
1.6000000000000000e+01 1.9000000000000000e+01 0.0000000000000000e+00 2.0000000000000000e+00 6.5020510483398439e+03 1.0503269376000000e+10 7.7620554934296752e+02 2.2020000219345093e-01 1.8701624587600989e+04
1.6000000000000000e+01 2.0000000000000000e+01 0.0000000000000000e+00 1.0000000000000000e+00 6.5360514309936525e+03 4.3325880320000000e+09 7.4500790416572954e+02 3.2580000162124634e-01 1.1012482034726938e+04
1.6000000000000000e+01 2.0000000000000000e+01 0.0000000000000000e+00 2.0000000000000000e+00 6.5360514309936525e+03 4.3325880320000000e+09 7.4500790416572954e+02 1.6290000081062317e-01 5.5062410173634689e+03
1.6000000000000000e+01 2.1000000000000000e+01 0.0000000000000000e+00 1.0000000000000000e+00 6.5740515899963384e+03 9.3206425600000000e+08 7.1095638797445690e+02 5.5210000276565552e-01 3.8534529889202317e+03
1.6000000000000000e+01 2.2000000000000000e+01 0.0000000000000000e+00 1.0000000000000000e+00 6.5740515899963384e+03 1.2564100000000000e+08 6.6549812138077459e+02 4.9029999971389771e-01 4.3180096924769515e+02
1.7000000000000000e+01 1.7000000000000000e+01 0.0000000000000000e+00 1.0000000000000000e+00 6.4259506632629400e+03 5.0354682880000000e+09 8.6885061385808399e+02 1.2309999763965607e-01 5.5448627758125713e+03
1.7000000000000000e+01 1.7000000000000000e+01 0.0000000000000000e+00 2.0000000000000000e+00 6.4290506664001468e+03 5.0354682880000000e+09 8.6885061385808399e+02 2.4609999358654022e-01 1.1090568844355108e+04
1.7000000000000000e+01 1.8000000000000000e+01 0.0000000000000000e+00 1.0000000000000000e+00 6.4680510809020998e+03 1.0717884416000000e+10 8.3187310527340514e+02 1.6060000658035278e-01 1.4838689468370825e+04
1.7000000000000000e+01 1.8000000000000000e+01 0.0000000000000000e+00 2.0000000000000000e+00 6.4680510809020998e+03 1.0717884416000000e+10 8.3187310527340514e+02 2.4089999496936798e-01 2.2258032825758637e+04
1.7000000000000000e+01 1.9000000000000000e+01 0.0000000000000000e+00 1.0000000000000000e+00 6.5028511696960450e+03 1.0484127744000000e+10 7.7571017741402727e+02 2.2020000219345093e-01 1.8657924038149587e+04
1.7000000000000000e+01 1.9000000000000000e+01 0.0000000000000000e+00 2.0000000000000000e+00 6.5020510483398439e+03 1.0484127744000000e+10 7.7571017741402727e+02 2.2020000219345093e-01 1.8655628336910897e+04
1.7000000000000000e+01 2.0000000000000000e+01 0.0000000000000000e+00 1.0000000000000000e+00 6.5360514309936525e+03 4.3264061440000000e+09 7.4456077586363597e+02 3.2580000162124634e-01 1.0990169155305775e+04
1.7000000000000000e+01 2.0000000000000000e+01 0.0000000000000000e+00 2.0000000000000000e+00 6.5360514309936525e+03 4.3264061440000000e+09 7.4456077586363597e+02 1.6290000081062317e-01 5.4950845776528877e+03
1.7000000000000000e+01 2.1000000000000000e+01 0.0000000000000000e+00 1.0000000000000000e+00 6.5740515899963384e+03 9.3450745600000000e+08 7.1055891366033688e+02 5.5210000276565552e-01 3.8613939656988223e+03
1.7000000000000000e+01 2.2000000000000000e+01 0.0000000000000000e+00 1.0000000000000000e+00 6.5740515899963384e+03 1.2654311200000000e+08 6.6516180791313514e+02 4.9029999971389771e-01 4.3468155327122599e+02
1.8000000000000000e+01 1.7000000000000000e+01 0.0000000000000000e+00 1.0000000000000000e+00 6.4259506632629400e+03 5.0726968320000000e+09 8.6808939629567271e+02 1.2309999763965607e-01 5.5809635250594265e+03
1.8000000000000000e+01 1.7000000000000000e+01 0.0000000000000000e+00 2.0000000000000000e+00 6.4290506664001468e+03 5.0726968320000000e+09 8.6808939629567271e+02 2.4609999358654022e-01 1.1162775833246074e+04
1.8000000000000000e+01 1.8000000000000000e+01 0.0000000000000000e+00 1.0000000000000000e+00 6.4680510809020998e+03 1.0743577600000000e+10 8.3115965942840637e+02 1.6060000658035278e-01 1.4861504421561165e+04
1.8000000000000000e+01 1.8000000000000000e+01 0.0000000000000000e+00 2.0000000000000000e+00 6.4680510809020998e+03 1.0743577600000000e+10 8.3115965942840637e+02 2.4089999496936798e-01 2.2292255253427276e+04
1.8000000000000000e+01 1.9000000000000000e+01 0.0000000000000000e+00 1.0000000000000000e+00 6.5028511696960450e+03 1.0448842752000000e+10 7.7507945648286159e+02 2.2020000219345093e-01 1.8580010136291236e+04
1.8000000000000000e+01 1.9000000000000000e+01 0.0000000000000000e+00 2.0000000000000000e+00 6.5020510483398439e+03 1.0448842752000000e+10 7.7507945648286159e+02 2.2020000219345093e-01 1.8577724021705410e+04
1.8000000000000000e+01 2.0000000000000000e+01 0.0000000000000000e+00 1.0000000000000000e+00 6.5360514309936525e+03 4.3005107200000000e+09 7.4399110691929161e+02 3.2580000162124634e-01 1.0916029878995145e+04
1.8000000000000000e+01 2.0000000000000000e+01 0.0000000000000000e+00 2.0000000000000000e+00 6.5360514309936525e+03 4.3005107200000000e+09 7.4399110691929161e+02 1.6290000081062317e-01 5.4580149394975724e+03
1.8000000000000000e+01 2.1000000000000000e+01 0.0000000000000000e+00 1.0000000000000000e+00 6.5740515899963384e+03 9.3046790400000000e+08 7.1005211348494709e+02 5.5210000276565552e-01 3.8419602954952938e+03
1.8000000000000000e+01 2.2000000000000000e+01 0.0000000000000000e+00 1.0000000000000000e+00 6.5740515899963384e+03 1.2633707200000000e+08 6.6473241619380394e+02 4.9029999971389771e-01 4.3369364665137283e+02
1.9000000000000000e+01 1.7000000000000000e+01 0.0000000000000000e+00 1.0000000000000000e+00 6.4259506632629400e+03 5.1415613440000000e+09 8.6711735603413672e+02 1.2309999763965607e-01 5.6503939204916969e+03
1.9000000000000000e+01 1.7000000000000000e+01 0.0000000000000000e+00 2.0000000000000000e+00 6.4290506664001468e+03 5.1415613440000000e+09 8.6711735603413672e+02 2.4609999358654022e-01 1.1301647183460791e+04
1.9000000000000000e+01 1.8000000000000000e+01 0.0000000000000000e+00 1.0000000000000000e+00 6.4680510809020998e+03 1.0792119296000000e+10 8.3024850782917486e+02 1.6060000658035278e-01 1.4912286353361833e+04
1.9000000000000000e+01 1.8000000000000000e+01 0.0000000000000000e+00 2.0000000000000000e+00 6.4680510809020998e+03 1.0792119296000000e+10 8.3024850782917486e+02 2.4089999496936798e-01 2.2368428146416514e+04
1.9000000000000000e+01 1.9000000000000000e+01 0.0000000000000000e+00 1.0000000000000000e+00 6.5028511696960450e+03 1.0390849536000000e+10 7.7427368915788963e+02 2.2020000219345093e-01 1.8457678830783738e+04
1.9000000000000000e+01 1.9000000000000000e+01 0.0000000000000000e+00 2.0000000000000000e+00 6.5020510483398439e+03 1.0390849536000000e+10 7.7427368915788963e+02 2.2020000219345093e-01 1.8455407768040179e+04
1.9000000000000000e+01 2.0000000000000000e+01 0.0000000000000000e+00 1.0000000000000000e+00 6.5360514309936525e+03 4.2465871360000000e+09 7.4326286233402152e+02 3.2580000162124634e-01 1.0768604085047107e+04
1.9000000000000000e+01 2.0000000000000000e+01 0.0000000000000000e+00 2.0000000000000000e+00 6.5360514309936525e+03 4.2465871360000000e+09 7.4326286233402152e+02 1.6290000081062317e-01 5.3843020425235536e+03
1.9000000000000000e+01 2.1000000000000000e+01 0.0000000000000000e+00 1.0000000000000000e+00 6.5740515899963384e+03 9.1698406400000000e+08 7.0940362304980840e+02 5.5210000276565552e-01 3.7828266620550785e+03
1.9000000000000000e+01 2.2000000000000000e+01 0.0000000000000000e+00 1.0000000000000000e+00 6.5740515899963384e+03 1.2448304800000000e+08 6.6418219322829782e+02 4.9029999971389771e-01 4.2697538240492304e+02
2.0000000000000000e+01 1.7000000000000000e+01 0.0000000000000000e+00 1.0000000000000000e+00 6.4259506632629400e+03 5.2540569600000000e+09 8.6587228902430422e+02 1.2309999763965607e-01 5.7657318798410151e+03
2.0000000000000000e+01 1.7000000000000000e+01 0.0000000000000000e+00 2.0000000000000000e+00 6.4290506664001468e+03 5.2540569600000000e+09 8.6587228902430422e+02 2.4609999358654022e-01 1.1532340643380292e+04
2.0000000000000000e+01 1.8000000000000000e+01 0.0000000000000000e+00 1.0000000000000000e+00 6.4680510809020998e+03 1.0870866944000000e+10 8.2908145121129292e+02 1.6060000658035278e-01 1.4999983197969879e+04
2.0000000000000000e+01 1.8000000000000000e+01 0.0000000000000000e+00 2.0000000000000000e+00 6.4680510809020998e+03 1.0870866944000000e+10 8.2908145121129292e+02 2.4089999496936798e-01 2.2499973405191693e+04
2.0000000000000000e+01 1.9000000000000000e+01 0.0000000000000000e+00 1.0000000000000000e+00 6.5028511696960450e+03 1.0301286400000000e+10 7.7324120697917897e+02 2.2020000219345093e-01 1.8274183390615261e+04
2.0000000000000000e+01 1.9000000000000000e+01 0.0000000000000000e+00 2.0000000000000000e+00 6.5020510483398439e+03 1.0301286400000000e+10 7.7324120697917897e+02 2.2020000219345093e-01 1.8271934905448310e+04
2.0000000000000000e+01 2.0000000000000000e+01 0.0000000000000000e+00 1.0000000000000000e+00 6.5360514309936525e+03 4.1549760000000000e+09 7.4232901306671829e+02 3.2580000162124634e-01 1.0523056231533299e+04
2.0000000000000000e+01 2.0000000000000000e+01 0.0000000000000000e+00 2.0000000000000000e+00 6.5360514309936525e+03 4.1549760000000000e+09 7.4232901306671829e+02 1.6290000081062317e-01 5.2615281157666495e+03
2.0000000000000000e+01 2.1000000000000000e+01 0.0000000000000000e+00 1.0000000000000000e+00 6.5740515899963384e+03 8.9082246400000000e+08 7.0857111877394971e+02 5.5210000276565552e-01 3.6705898361016398e+03
2.0000000000000000e+01 2.2000000000000000e+01 0.0000000000000000e+00 1.0000000000000000e+00 6.5740515899963384e+03 1.2041148000000000e+08 6.6347461794567994e+02 4.9029999971389771e-01 4.1256995914086161e+02
2.1000000000000000e+01 1.7000000000000000e+01 0.0000000000000000e+00 1.0000000000000000e+00 6.4259506632629400e+03 5.4265093120000000e+09 8.6427078593992383e+02 1.2309999763965607e-01 5.9439645554455574e+03
2.1000000000000000e+01 1.7000000000000000e+01 0.0000000000000000e+00 2.0000000000000000e+00 6.4290506664001468e+03 5.4265093120000000e+09 8.6427078593992383e+02 2.4609999358654022e-01 1.1888833101178960e+04
2.1000000000000000e+01 1.8000000000000000e+01 0.0000000000000000e+00 1.0000000000000000e+00 6.4680510809020998e+03 1.0987792384000000e+10 8.2758034660816213e+02 1.6060000658035278e-01 1.5133870268965418e+04
2.1000000000000000e+01 1.8000000000000000e+01 0.0000000000000000e+00 2.0000000000000000e+00 6.4680510809020998e+03 1.0987792384000000e+10 8.2758034660816213e+02 2.4089999496936798e-01 2.2700803999262382e+04
2.1000000000000000e+01 1.9000000000000000e+01 0.0000000000000000e+00 1.0000000000000000e+00 6.5028511696960450e+03 1.0167221248000000e+10 7.7191293626103936e+02 2.2020000219345093e-01 1.8005372916943066e+04
2.1000000000000000e+01 1.9000000000000000e+01 0.0000000000000000e+00 2.0000000000000000e+00 6.5020510483398439e+03 1.0167221248000000e+10 7.7191293626103936e+02 2.2020000219345093e-01 1.8003157506652831e+04
2.1000000000000000e+01 2.0000000000000000e+01 0.0000000000000000e+00 1.0000000000000000e+00 6.5360514309936525e+03 4.0140372480000000e+09 7.4112664153538935e+02 3.2580000162124634e-01 1.0149642847014446e+04
2.1000000000000000e+01 2.0000000000000000e+01 0.0000000000000000e+00 2.0000000000000000e+00 6.5360514309936525e+03 4.0140372480000000e+09 7.4112664153538935e+02 1.6290000081062317e-01 5.0748214235072228e+03
2.1000000000000000e+01 2.1000000000000000e+01 0.0000000000000000e+00 1.0000000000000000e+00 6.5740515899963384e+03 8.4847187200000000e+08 7.0749777871473509e+02 5.5210000276565552e-01 3.4907904651698495e+03
2.1000000000000000e+01 2.2000000000000000e+01 0.0000000000000000e+00 1.0000000000000000e+00 6.5740515899963384e+03 1.1354740800000000e+08 6.6256038088996308e+02 4.9029999971389771e-01 3.8851526062038863e+02
2.2000000000000000e+01 1.7000000000000000e+01 0.0000000000000000e+00 1.0000000000000000e+00 6.4259506632629400e+03 5.6826931200000000e+09 8.6220080647970690e+02 1.2309999763965607e-01 6.2096690343691216e+03
2.2000000000000000e+01 1.7000000000000000e+01 0.0000000000000000e+00 2.0000000000000000e+00 6.4290506664001468e+03 5.6826931200000000e+09 8.6220080647970690e+02 2.4609999358654022e-01 1.2420282468800768e+04
2.2000000000000000e+01 1.8000000000000000e+01 0.0000000000000000e+00 1.0000000000000000e+00 6.4680510809020998e+03 1.1150944256000000e+10 8.2564038309268426e+02 1.6060000658035278e-01 1.5322582380434844e+04
2.2000000000000000e+01 1.8000000000000000e+01 0.0000000000000000e+00 2.0000000000000000e+00 6.4680510809020998e+03 1.1150944256000000e+10 8.2564038309268426e+02 2.4089999496936798e-01 2.2983872148956998e+04
2.2000000000000000e+01 1.9000000000000000e+01 0.0000000000000000e+00 1.0000000000000000e+00 6.5028511696960450e+03 9.9685918720000000e+09 7.7019607188300483e+02 2.2020000219345093e-01 1.7614350836448171e+04
2.2000000000000000e+01 1.9000000000000000e+01 0.0000000000000000e+00 2.0000000000000000e+00 6.5020510483398439e+03 9.9685918720000000e+09 7.7019607188300483e+02 2.2020000219345093e-01 1.7612183538149002e+04
2.2000000000000000e+01 2.0000000000000000e+01 0.0000000000000000e+00 1.0000000000000000e+00 6.5360514309936525e+03 3.8091901440000000e+09 7.3957096392735900e+02 3.2580000162124634e-01 9.6114617258303606e+03
2.2000000000000000e+01 2.0000000000000000e+01 0.0000000000000000e+00 2.0000000000000000e+00 6.5360514309936525e+03 3.8091901440000000e+09 7.3957096392735900e+02 1.6290000081062317e-01 4.8057308629151803e+03
2.2000000000000000e+01 2.1000000000000000e+01 0.0000000000000000e+00 1.0000000000000000e+00 6.5740515899963384e+03 7.8615795200000000e+08 7.0610688516074288e+02 5.5210000276565552e-01 3.2280593349344535e+03
2.2000000000000000e+01 2.2000000000000000e+01 0.0000000000000000e+00 1.0000000000000000e+00 6.5740515899963384e+03 1.0335163200000000e+08 6.6137265583960414e+02 4.9029999971389771e-01 3.5299533718735273e+02
2.3000000000000000e+01 1.7000000000000000e+01 0.0000000000000000e+00 1.0000000000000000e+00 6.4259506632629400e+03 6.0569292800000000e+09 8.5951090264652987e+02 1.2309999763965607e-01 6.5979606036388559e+03
2.3000000000000000e+01 1.7000000000000000e+01 0.0000000000000000e+00 2.0000000000000000e+00 6.4290506664001468e+03 6.0569292800000000e+09 8.5951090264652987e+02 2.4609999358654022e-01 1.3196924660822840e+04
2.3000000000000000e+01 1.8000000000000000e+01 0.0000000000000000e+00 1.0000000000000000e+00 6.4680510809020998e+03 1.1364794368000000e+10 8.2312015401192286e+02 1.6060000658035278e-01 1.5568766713430670e+04
2.3000000000000000e+01 1.8000000000000000e+01 0.0000000000000000e+00 2.0000000000000000e+00 6.4680510809020998e+03 1.1364794368000000e+10 8.2312015401192286e+02 2.4089999496936798e-01 2.3353148625608690e+04
2.3000000000000000e+01 1.9000000000000000e+01 0.0000000000000000e+00 1.0000000000000000e+00 6.5028511696960450e+03 9.6744120320000000e+09 7.6796571064094417e+02 2.2020000219345093e-01 1.7045036538379987e+04
2.3000000000000000e+01 1.9000000000000000e+01 0.0000000000000000e+00 2.0000000000000000e+00 6.5020510483398439e+03 9.6744120320000000e+09 7.6796571064094417e+02 2.2020000219345093e-01 1.7042939289435533e+04
2.3000000000000000e+01 2.0000000000000000e+01 0.0000000000000000e+00 1.0000000000000000e+00 6.5360514309936525e+03 3.5239784960000000e+09 7.3754788835564523e+02 3.2580000162124634e-01 8.8674839346169720e+03
2.3000000000000000e+01 2.0000000000000000e+01 0.0000000000000000e+00 2.0000000000000000e+00 6.5360514309936525e+03 3.5239784960000000e+09 7.3754788835564523e+02 1.6290000081062317e-01 4.4337419673084860e+03
2.3000000000000000e+01 2.1000000000000000e+01 0.0000000000000000e+00 1.0000000000000000e+00 6.5740515899963384e+03 7.0084518400000000e+08 7.0429488485746015e+02 5.5210000276565552e-01 2.8703699748539634e+03
2.3000000000000000e+01 2.2000000000000000e+01 0.0000000000000000e+00 1.0000000000000000e+00 6.5740515899963384e+03 8.9557208000000000e+07 6.5982089979206592e+02 4.9029999971389771e-01 3.0516309297425931e+02
2.4000000000000000e+01 1.7000000000000000e+01 0.0000000000000000e+00 1.0000000000000000e+00 6.4259506632629400e+03 6.5891594240000000e+09 8.5599393513808900e+02 1.2309999763965607e-01 7.1483618470180190e+03
2.4000000000000000e+01 1.7000000000000000e+01 0.0000000000000000e+00 2.0000000000000000e+00 6.4290506664001468e+03 6.5891594240000000e+09 8.5599393513808900e+02 2.4609999358654022e-01 1.4297810855580061e+04
2.4000000000000000e+01 1.8000000000000000e+01 0.0000000000000000e+00 1.0000000000000000e+00 6.4680510809020998e+03 1.1617245184000000e+10 8.1982667752442262e+02 1.6060000658035278e-01 1.5850924420060037e+04
2.4000000000000000e+01 1.8000000000000000e+01 0.0000000000000000e+00 2.0000000000000000e+00 6.4680510809020998e+03 1.1617245184000000e+10 8.1982667752442262e+02 2.4089999496936798e-01 2.3776385159372927e+04
2.4000000000000000e+01 1.9000000000000000e+01 0.0000000000000000e+00 1.0000000000000000e+00 6.5028511696960450e+03 9.2447016960000000e+09 7.6505164678372898e+02 2.2020000219345093e-01 1.6226138684300970e+04
2.4000000000000000e+01 1.9000000000000000e+01 0.0000000000000000e+00 2.0000000000000000e+00 6.5020510483398439e+03 9.2447016960000000e+09 7.6505164678372898e+02 2.2020000219345093e-01 1.6224142193876816e+04
2.4000000000000000e+01 2.0000000000000000e+01 0.0000000000000000e+00 1.0000000000000000e+00 6.5360514309936525e+03 3.1506565120000000e+09 7.3490156827049373e+02 3.2580000162124634e-01 7.8996376215801492e+03
2.4000000000000000e+01 2.0000000000000000e+01 0.0000000000000000e+00 2.0000000000000000e+00 6.5360514309936525e+03 3.1506565120000000e+09 7.3490156827049373e+02 1.6290000081062317e-01 3.9498188107900746e+03
2.4000000000000000e+01 2.1000000000000000e+01 0.0000000000000000e+00 1.0000000000000000e+00 6.5740515899963384e+03 5.9449984000000000e+08 7.0191974184561673e+02 5.5210000276565552e-01 2.4266126114034291e+03
2.4000000000000000e+01 2.2000000000000000e+01 0.0000000000000000e+00 1.0000000000000000e+00 6.5740515899963384e+03 7.2938896000000000e+07 6.5778012724607277e+02 4.9029999971389771e-01 2.4776806475192481e+02
2.5000000000000000e+01 1.7000000000000000e+01 0.0000000000000000e+00 1.0000000000000000e+00 6.4259506632629400e+03 7.3705338880000000e+09 8.5136533632513385e+02 1.2309999763965607e-01 7.9528123684676311e+03
2.5000000000000000e+01 1.7000000000000000e+01 0.0000000000000000e+00 2.0000000000000000e+00 6.4290506664001468e+03 7.3705338880000000e+09 8.5136533632513385e+02 2.4609999358654022e-01 1.5906834243666855e+04
2.5000000000000000e+01 1.8000000000000000e+01 0.0000000000000000e+00 1.0000000000000000e+00 6.4680510809020998e+03 1.1883524096000000e+10 8.1549584468389992e+02 1.6060000658035278e-01 1.6128589818864262e+04
2.5000000000000000e+01 1.8000000000000000e+01 0.0000000000000000e+00 2.0000000000000000e+00 6.4680510809020998e+03 1.1883524096000000e+10 8.1549584468389992e+02 2.4089999496936798e-01 2.4192883231816271e+04
2.5000000000000000e+01 1.9000000000000000e+01 0.0000000000000000e+00 1.0000000000000000e+00 6.5028511696960450e+03 8.5954897920000000e+09 7.6122173520552428e+02 2.2020000219345093e-01 1.5011128278628694e+04
2.5000000000000000e+01 1.9000000000000000e+01 0.0000000000000000e+00 2.0000000000000000e+00 6.5020510483398439e+03 8.5954897920000000e+09 7.6122173520552428e+02 2.2020000219345093e-01 1.5009281285055724e+04
2.5000000000000000e+01 2.0000000000000000e+01 0.0000000000000000e+00 1.0000000000000000e+00 6.5360514309936525e+03 2.6620590080000000e+09 7.3141915998254092e+02 3.2580000162124634e-01 6.6429494476327682e+03
2.5000000000000000e+01 2.0000000000000000e+01 0.0000000000000000e+00 2.0000000000000000e+00 6.5360514309936525e+03 2.6620590080000000e+09 7.3141915998254092e+02 1.6290000081062317e-01 3.3214747238163841e+03
2.5000000000000000e+01 2.1000000000000000e+01 0.0000000000000000e+00 1.0000000000000000e+00 6.5740515899963384e+03 4.6479472000000000e+08 6.9878696342836247e+02 5.5210000276565552e-01 1.8887184859305883e+03
2.5000000000000000e+01 2.2000000000000000e+01 0.0000000000000000e+00 1.0000000000000000e+00 6.5740515899963384e+03 5.3669760000000000e+07 6.5507833764933298e+02 4.9029999971389771e-01 1.8156339132982492e+02
2.6000000000000000e+01 1.7000000000000000e+01 0.0000000000000000e+00 1.0000000000000000e+00 6.4259506632629400e+03 8.5161584640000000e+09 8.4523063543835599e+02 1.2309999763965607e-01 9.1227293135772361e+03
2.6000000000000000e+01 1.7000000000000000e+01 0.0000000000000000e+00 2.0000000000000000e+00 6.4290506664001468e+03 8.5161584640000000e+09 8.4523063543835599e+02 2.4609999358654022e-01 1.8246846061184606e+04
2.6000000000000000e+01 1.8000000000000000e+01 0.0000000000000000e+00 1.0000000000000000e+00 6.4680510809020998e+03 1.2055484416000000e+10 8.0976410975946908e+02 1.6060000658035278e-01 1.6246977672040608e+04
2.6000000000000000e+01 1.8000000000000000e+01 0.0000000000000000e+00 2.0000000000000000e+00 6.4680510809020998e+03 1.2055484416000000e+10 8.0976410975946908e+02 2.4089999496936798e-01 2.4370465000596258e+04
2.6000000000000000e+01 1.9000000000000000e+01 0.0000000000000000e+00 1.0000000000000000e+00 6.5028511696960450e+03 7.6147307520000000e+09 7.5615760954272287e+02 2.2020000219345093e-01 1.3209865810661391e+04
2.6000000000000000e+01 1.9000000000000000e+01 0.0000000000000000e+00 2.0000000000000000e+00 6.5020510483398439e+03 7.6147307520000000e+09 7.5615760954272287e+02 2.2020000219345093e-01 1.3208240447344311e+04
2.6000000000000000e+01 2.0000000000000000e+01 0.0000000000000000e+00 1.0000000000000000e+00 6.5360514309936525e+03 2.0576008960000000e+09 7.2680797826245703e+02 3.2580000162124634e-01 5.1022033447157146e+03
2.6000000000000000e+01 2.0000000000000000e+01 0.0000000000000000e+00 2.0000000000000000e+00 6.5360514309936525e+03 2.0576008960000000e+09 7.2680797826245703e+02 1.6290000081062317e-01 2.5511016723578573e+03
2.6000000000000000e+01 2.1000000000000000e+01 0.0000000000000000e+00 1.0000000000000000e+00 6.5740515899963384e+03 3.2126297600000000e+08 6.9462789065117965e+02 5.5210000276565552e-01 1.2976995263886256e+03
2.6000000000000000e+01 2.2000000000000000e+01 0.0000000000000000e+00 1.0000000000000000e+00 6.5740515899963384e+03 3.3988068000000000e+07 6.5147677045281750e+02 4.9029999971389771e-01 1.1434858844022793e+02
2.7000000000000000e+01 1.7000000000000000e+01 0.0000000000000000e+00 1.0000000000000000e+00 6.4259506632629400e+03 1.0205059072000000e+10 8.3703920376811323e+02 1.2309999763965607e-01 1.0825978177698245e+04
2.7000000000000000e+01 1.7000000000000000e+01 0.0000000000000000e+00 2.0000000000000000e+00 6.4290506664001468e+03 1.0205059072000000e+10 8.3703920376811323e+02 2.4609999358654022e-01 2.1653602828728857e+04
2.7000000000000000e+01 1.8000000000000000e+01 0.0000000000000000e+00 1.0000000000000000e+00 6.4680510809020998e+03 1.1826822144000000e+10 8.0212918177185099e+02 1.6060000658035278e-01 1.5788532874944502e+04
2.7000000000000000e+01 1.8000000000000000e+01 0.0000000000000000e+00 2.0000000000000000e+00 6.4680510809020998e+03 1.1826822144000000e+10 8.0212918177185099e+02 2.4089999496936798e-01 2.3682797847488586e+04
2.7000000000000000e+01 1.9000000000000000e+01 0.0000000000000000e+00 1.0000000000000000e+00 6.5028511696960450e+03 6.1184998400000000e+09 7.4942156171824877e+02 2.2020000219345093e-01 1.0519683272853677e+04
2.7000000000000000e+01 1.9000000000000000e+01 0.0000000000000000e+00 2.0000000000000000e+00 6.5020510483398439e+03 6.1184998400000000e+09 7.4942156171824877e+02 2.2020000219345093e-01 1.0518388913959798e+04
2.7000000000000000e+01 2.0000000000000000e+01 0.0000000000000000e+00 1.0000000000000000e+00 6.5360514309936525e+03 1.3519584000000000e+09 7.2066445289596425e+02 3.2580000162124634e-01 3.3240945332228112e+03
2.7000000000000000e+01 2.0000000000000000e+01 0.0000000000000000e+00 2.0000000000000000e+00 6.5360514309936525e+03 1.3519584000000000e+09 7.2066445289596425e+02 1.6290000081062317e-01 1.6620472666114056e+03
2.7000000000000000e+01 2.1000000000000000e+01 0.0000000000000000e+00 1.0000000000000000e+00 6.5740515899963384e+03 1.7890584000000000e+08 6.8907082526571492e+02 5.5210000276565552e-01 7.1688522713800592e+02
2.7000000000000000e+01 2.2000000000000000e+01 0.0000000000000000e+00 1.0000000000000000e+00 6.5740515899963384e+03 1.6630044000000000e+07 6.4664315063615663e+02 4.9029999971389771e-01 5.5534577826313708e+01
2.8000000000000000e+01 1.7000000000000000e+01 0.0000000000000000e+00 1.0000000000000000e+00 6.4259506632629400e+03 1.2502947840000000e+10 8.2599820001302146e+02 1.2309999763965607e-01 1.3088725072238969e+04
2.8000000000000000e+01 1.7000000000000000e+01 0.0000000000000000e+00 2.0000000000000000e+00 6.4290506664001468e+03 1.2502947840000000e+10 8.2599820001302146e+02 2.4609999358654022e-01 2.6179440748600020e+04
2.8000000000000000e+01 1.8000000000000000e+01 0.0000000000000000e+00 1.0000000000000000e+00 6.4680510809020998e+03 1.0010740736000000e+10 7.9188555787324026e+02 1.6060000658035278e-01 1.3193439501875186e+04
2.8000000000000000e+01 1.8000000000000000e+01 0.0000000000000000e+00 2.0000000000000000e+00 6.4680510809020998e+03 1.0010740736000000e+10 7.9188555787324026e+02 2.4089999496936798e-01 1.9790158028668568e+04
2.8000000000000000e+01 1.9000000000000000e+01 0.0000000000000000e+00 1.0000000000000000e+00 6.5028511696960450e+03 3.6861757440000000e+09 7.4040334654858225e+02 2.2020000219345093e-01 6.2614647101689061e+03
2.8000000000000000e+01 1.9000000000000000e+01 0.0000000000000000e+00 2.0000000000000000e+00 6.5020510483398439e+03 3.6861757440000000e+09 7.4040334654858225e+02 2.2020000219345093e-01 6.2606942893942378e+03
2.8000000000000000e+01 2.0000000000000000e+01 0.0000000000000000e+00 1.0000000000000000e+00 6.5360514309936525e+03 5.7518489600000000e+08 7.1242419334737053e+02 3.2580000162124634e-01 1.3980511765957963e+03
2.8000000000000000e+01 2.0000000000000000e+01 0.0000000000000000e+00 2.0000000000000000e+00 6.5360514309936525e+03 5.7518489600000000e+08 7.1242419334737053e+02 1.6290000081062317e-01 6.9902558829789814e+02
2.8000000000000000e+01 2.1000000000000000e+01 0.0000000000000000e+00 1.0000000000000000e+00 6.5740515899963384e+03 5.7091964000000000e+07 6.8159389176149409e+02 5.5210000276565552e-01 2.2628820839044550e+02
2.8000000000000000e+01 2.2000000000000000e+01 0.0000000000000000e+00 1.0000000000000000e+00 6.5740515899963384e+03 4.2369480000000000e+06 6.4010902750149364e+02 4.9029999971389771e-01 1.4005947067416887e+01
2.9000000000000000e+01 1.7000000000000000e+01 0.0000000000000000e+00 1.0000000000000000e+00 6.4259506632629400e+03 1.1125134336000000e+10 8.1097226003697460e+02 1.2309999763965607e-01 1.1434497609483558e+04
2.9000000000000000e+01 1.7000000000000000e+01 0.0000000000000000e+00 2.0000000000000000e+00 6.4290506664001468e+03 1.1125134336000000e+10 8.1097226003697460e+02 2.4609999358654022e-01 2.2870734239226902e+04
2.9000000000000000e+01 1.8000000000000000e+01 0.0000000000000000e+00 1.0000000000000000e+00 6.4680510809020998e+03 4.5040967680000000e+09 7.7805167597868206e+02 1.6060000658035278e-01 5.8323764620492884e+03
2.9000000000000000e+01 1.8000000000000000e+01 0.0000000000000000e+00 2.0000000000000000e+00 6.4680510809020998e+03 4.5040967680000000e+09 7.7805167597868206e+02 2.4089999496936798e-01 8.7485641519208948e+03
2.9000000000000000e+01 1.9000000000000000e+01 0.0000000000000000e+00 1.0000000000000000e+00 6.5028511696960450e+03 9.5133926400000000e+08 7.2824633538073090e+02 2.2020000219345093e-01 1.5894440923742848e+03
2.9000000000000000e+01 1.9000000000000000e+01 0.0000000000000000e+00 2.0000000000000000e+00 6.5020510483398439e+03 9.5133926400000000e+08 7.2824633538073090e+02 2.2020000219345093e-01 1.5892485245949201e+03
2.9000000000000000e+01 2.0000000000000000e+01 0.0000000000000000e+00 1.0000000000000000e+00 6.5360514309936525e+03 8.5892784000000000e+07 7.0128938408233864e+02 3.2580000162124634e-01 2.0550901659120089e+02
2.9000000000000000e+01 2.0000000000000000e+01 0.0000000000000000e+00 2.0000000000000000e+00 6.5360514309936525e+03 8.5892784000000000e+07 7.0128938408233864e+02 1.6290000081062317e-01 1.0275450829560044e+02
2.9000000000000000e+01 2.1000000000000000e+01 0.0000000000000000e+00 1.0000000000000000e+00 6.5740515899963384e+03 5.5550375000000000e+06 6.7145722390053925e+02 5.5210000276565552e-01 2.1690351828840583e+01
2.9000000000000000e+01 2.2000000000000000e+01 0.0000000000000000e+00 1.0000000000000000e+00 6.5740515899963384e+03 2.9802193750000000e+05 6.3120801454170294e+02 4.9029999971389771e-01 9.7146270619797803e-01
3.0000000000000000e+01 1.7000000000000000e+01 0.0000000000000000e+00 1.0000000000000000e+00 6.4259506632629400e+03 4.5643412480000000e+09 7.9064669057470053e+02 1.2309999763965607e-01 4.5736864603013028e+03
3.0000000000000000e+01 1.7000000000000000e+01 0.0000000000000000e+00 2.0000000000000000e+00 6.4290506664001468e+03 4.5643412480000000e+09 7.9064669057470053e+02 2.4609999358654022e-01 9.1480685115842134e+03
3.0000000000000000e+01 1.8000000000000000e+01 0.0000000000000000e+00 1.0000000000000000e+00 6.4680510809020998e+03 8.9100108800000000e+08 7.5942994992706781e+02 1.6060000658035278e-01 1.1261476851541031e+03
3.0000000000000000e+01 1.8000000000000000e+01 0.0000000000000000e+00 2.0000000000000000e+00 6.4680510809020998e+03 8.9100108800000000e+08 7.5942994992706781e+02 2.4089999496936798e-01 1.6892214232423160e+03
3.0000000000000000e+01 1.9000000000000000e+01 0.0000000000000000e+00 1.0000000000000000e+00 6.5028511696960450e+03 1.1190934400000000e+08 7.1185854612676769e+02 2.2020000219345093e-01 1.8276438963123260e+02
3.0000000000000000e+01 1.9000000000000000e+01 0.0000000000000000e+00 2.0000000000000000e+00 6.5020510483398439e+03 1.1190934400000000e+08 7.1185854612676769e+02 2.2020000219345093e-01 1.8274190200427006e+02
3.0000000000000000e+01 2.0000000000000000e+01 0.0000000000000000e+00 1.0000000000000000e+00 6.5360514309936525e+03 6.4486480000000000e+06 6.8623233291833424e+02 3.2580000162124634e-01 1.5097908361566903e+01
3.0000000000000000e+01 2.0000000000000000e+01 0.0000000000000000e+00 2.0000000000000000e+00 6.5360514309936525e+03 6.4486480000000000e+06 6.8623233291833424e+02 1.6290000081062317e-01 7.5489541807834515e+00
3.0000000000000000e+01 2.1000000000000000e+01 0.0000000000000000e+00 1.0000000000000000e+00 6.5740515899963384e+03 3.1557571875000000e+05 6.5770177314724617e+02 5.5210000276565552e-01 1.2069626856106255e+00
3.0000000000000000e+01 2.2000000000000000e+01 0.0000000000000000e+00 1.0000000000000000e+00 6.5740515899963384e+03 1.3964126063216478e+04 6.1906996025062972e+02 4.9029999971389771e-01 4.4643566899024038e-02
3.1000000000000000e+01 1.7000000000000000e+01 0.0000000000000000e+00 1.0000000000000000e+00 6.4259506632629400e+03 5.9034566400000000e+08 7.6356723552640392e+02 1.2309999763965607e-01 5.7129376935985727e+02
3.1000000000000000e+01 1.7000000000000000e+01 0.0000000000000000e+00 2.0000000000000000e+00 6.4290506664001468e+03 5.9034566400000000e+08 7.6356723552640392e+02 2.4609999358654022e-01 1.1426744241669930e+03
3.1000000000000000e+01 1.8000000000000000e+01 0.0000000000000000e+00 1.0000000000000000e+00 6.4680510809020998e+03 6.0762812000000000e+07 7.3459451673951185e+02 1.6060000658035278e-01 7.4287362580856851e+01
3.1000000000000000e+01 1.8000000000000000e+01 0.0000000000000000e+00 2.0000000000000000e+00 6.4680510809020998e+03 6.0762812000000000e+07 7.3459451673951185e+02 2.4089999496936798e-01 1.1143103697858341e+02
3.1000000000000000e+01 1.9000000000000000e+01 0.0000000000000000e+00 1.0000000000000000e+00 6.5028511696960450e+03 5.1187400000000000e+06 6.8990846034056062e+02 2.2020000219345093e-01 8.1018848904454206e+00
3.1000000000000000e+01 1.9000000000000000e+01 0.0000000000000000e+00 2.0000000000000000e+00 6.5020510483398439e+03 5.1187400000000000e+06 6.8990846034056062e+02 2.2020000219345093e-01 8.1008880213864227e+00
3.1000000000000000e+01 2.0000000000000000e+01 0.0000000000000000e+00 1.0000000000000000e+00 6.5360514309936525e+03 2.0221918750000000e+05 6.6599106612408821e+02 3.2580000162124634e-01 4.5948115204637413e-01
3.1000000000000000e+01 2.0000000000000000e+01 0.0000000000000000e+00 2.0000000000000000e+00 6.5360514309936525e+03 2.0221918750000000e+05 6.6599106612408821e+02 1.6290000081062317e-01 2.2974057602318707e-01
3.1000000000000000e+01 2.1000000000000000e+01 0.0000000000000000e+00 1.0000000000000000e+00 6.5740515899963384e+03 8.5202040198221803e+03 6.3914192393104179e+02 5.5210000276565552e-01 3.1667118763101160e-02
3.1000000000000000e+01 2.2000000000000000e+01 0.0000000000000000e+00 1.0000000000000000e+00 6.5740515899963384e+03 0.0000000000000000e+00 6.0260929462818967e+02 4.9029999971389771e-01 0.0000000000000000e+00
3.2000000000000000e+01 1.7000000000000000e+01 0.0000000000000000e+00 1.0000000000000000e+00 6.4259506632629400e+03 3.0228394000000000e+07 7.2842684077027161e+02 1.2309999763965607e-01 2.7906594349177176e+01
3.2000000000000000e+01 1.7000000000000000e+01 0.0000000000000000e+00 2.0000000000000000e+00 6.4290506664001468e+03 3.0228394000000000e+07 7.2842684077027161e+02 2.4609999358654022e-01 5.5817432884204251e+01
3.2000000000000000e+01 1.8000000000000000e+01 0.0000000000000000e+00 1.0000000000000000e+00 6.4680510809020998e+03 1.7610980000000000e+06 7.0223180856319743e+02 1.6060000658035278e-01 2.0582276820951417e+00
3.2000000000000000e+01 1.8000000000000000e+01 0.0000000000000000e+00 2.0000000000000000e+00 6.4680510809020998e+03 1.7610980000000000e+06 7.0223180856319743e+02 2.4089999496936798e-01 3.0873413321714720e+00
3.2000000000000000e+01 1.9000000000000000e+01 0.0000000000000000e+00 1.0000000000000000e+00 6.5028511696960450e+03 1.3401669840390980e+05 6.6114747788621264e+02 2.2020000219345093e-01 2.0327725490234524e-01
3.2000000000000000e+01 1.9000000000000000e+01 0.0000000000000000e+00 2.0000000000000000e+00 6.5020510483398439e+03 1.3401669840390980e+05 6.6114747788621264e+02 2.2020000219345093e-01 2.0325224333916583e-01
3.2000000000000000e+01 2.0000000000000000e+01 0.0000000000000000e+00 1.0000000000000000e+00 6.5360514309936525e+03 0.0000000000000000e+00 6.3936059675132230e+02 3.2580000162124634e-01 0.0000000000000000e+00
3.2000000000000000e+01 2.0000000000000000e+01 0.0000000000000000e+00 2.0000000000000000e+00 6.5360514309936525e+03 0.0000000000000000e+00 6.3936059675132230e+02 1.6290000081062317e-01 0.0000000000000000e+00
3.2000000000000000e+01 2.1000000000000000e+01 0.0000000000000000e+00 1.0000000000000000e+00 6.5740515899963384e+03 0.0000000000000000e+00 6.1462442741559994e+02 5.5210000276565552e-01 0.0000000000000000e+00
3.2000000000000000e+01 2.2000000000000000e+01 0.0000000000000000e+00 1.0000000000000000e+00 6.5740515899963384e+03 0.0000000000000000e+00 5.8074529370909693e+02 4.9029999971389771e-01 0.0000000000000000e+00
3.3000000000000000e+01 1.7000000000000000e+01 0.0000000000000000e+00 1.0000000000000000e+00 6.4259506632629400e+03 6.5627318750000000e+05 6.8453830683367437e+02 1.2309999763965607e-01 5.6936169103427925e-01
3.3000000000000000e+01 1.7000000000000000e+01 0.0000000000000000e+00 2.0000000000000000e+00 6.4290506664001468e+03 6.5627318750000000e+05 6.8453830683367437e+02 2.4609999358654022e-01 1.1388099736749122e+00
3.3000000000000000e+01 1.8000000000000000e+01 0.0000000000000000e+00 1.0000000000000000e+00 6.4680510809020998e+03 4.1571525481633842e+04 6.6159758377232095e+02 1.6060000658035278e-01 4.5774042168719692e-02
3.3000000000000000e+01 1.8000000000000000e+01 0.0000000000000000e+00 2.0000000000000000e+00 6.4680510809020998e+03 4.1571525481633842e+04 6.6159758377232095e+02 2.4089999496936798e-01 6.8661059005966502e-02
3.3000000000000000e+01 1.9000000000000000e+01 0.0000000000000000e+00 1.0000000000000000e+00 6.5028511696960450e+03 0.0000000000000000e+00 6.2480211160192562e+02 2.2020000219345093e-01 0.0000000000000000e+00
3.3000000000000000e+01 1.9000000000000000e+01 0.0000000000000000e+00 2.0000000000000000e+00 6.5020510483398439e+03 0.0000000000000000e+00 6.2480211160192562e+02 2.2020000219345093e-01 0.0000000000000000e+00
3.3000000000000000e+01 2.0000000000000000e+01 0.0000000000000000e+00 1.0000000000000000e+00 6.5360514309936525e+03 0.0000000000000000e+00 6.0554823728586211e+02 3.2580000162124634e-01 0.0000000000000000e+00
3.3000000000000000e+01 2.0000000000000000e+01 0.0000000000000000e+00 2.0000000000000000e+00 6.5360514309936525e+03 0.0000000000000000e+00 6.0554823728586211e+02 1.6290000081062317e-01 0.0000000000000000e+00
3.3000000000000000e+01 2.1000000000000000e+01 0.0000000000000000e+00 1.0000000000000000e+00 6.5740515899963384e+03 0.0000000000000000e+00 5.8334956618861474e+02 5.5210000276565552e-01 0.0000000000000000e+00
3.3000000000000000e+01 2.2000000000000000e+01 0.0000000000000000e+00 1.0000000000000000e+00 6.5740515899963384e+03 0.0000000000000000e+00 5.5268127466257226e+02 4.9029999971389771e-01 0.0000000000000000e+00
3.4000000000000000e+01 1.7000000000000000e+01 0.0000000000000000e+00 1.0000000000000000e+00 6.4259506632629400e+03 1.1468157059532404e+05 6.3175924503386216e+02 1.2309999763965607e-01 9.1822912371353205e-02
3.4000000000000000e+01 1.7000000000000000e+01 0.0000000000000000e+00 2.0000000000000000e+00 6.4290506664001468e+03 1.1468157059532404e+05 6.3175924503386216e+02 2.4609999358654022e-01 1.8365978966800353e-01
3.4000000000000000e+01 1.8000000000000000e+01 0.0000000000000000e+00 1.0000000000000000e+00 6.4680510809020998e+03 0.0000000000000000e+00 6.1244111836445677e+02 1.6060000658035278e-01 0.0000000000000000e+00
3.4000000000000000e+01 1.8000000000000000e+01 0.0000000000000000e+00 2.0000000000000000e+00 6.4680510809020998e+03 0.0000000000000000e+00 6.1244111836445677e+02 2.4089999496936798e-01 0.0000000000000000e+00
3.4000000000000000e+01 1.9000000000000000e+01 0.0000000000000000e+00 1.0000000000000000e+00 6.5028511696960450e+03 0.0000000000000000e+00 5.8051359664500910e+02 2.2020000219345093e-01 0.0000000000000000e+00
3.4000000000000000e+01 1.9000000000000000e+01 0.0000000000000000e+00 2.0000000000000000e+00 6.5020510483398439e+03 0.0000000000000000e+00 5.8051359664500910e+02 2.2020000219345093e-01 0.0000000000000000e+00
3.4000000000000000e+01 2.0000000000000000e+01 0.0000000000000000e+00 1.0000000000000000e+00 6.5360514309936525e+03 0.0000000000000000e+00 5.6412582798710332e+02 3.2580000162124634e-01 0.0000000000000000e+00
3.4000000000000000e+01 2.0000000000000000e+01 0.0000000000000000e+00 2.0000000000000000e+00 6.5360514309936525e+03 0.0000000000000000e+00 5.6412582798710332e+02 1.6290000081062317e-01 0.0000000000000000e+00
3.4000000000000000e+01 2.1000000000000000e+01 0.0000000000000000e+00 1.0000000000000000e+00 6.5740515899963384e+03 0.0000000000000000e+00 5.4483447493552501e+02 5.5210000276565552e-01 0.0000000000000000e+00
3.4000000000000000e+01 2.2000000000000000e+01 0.0000000000000000e+00 1.0000000000000000e+00 6.5740515899963384e+03 0.0000000000000000e+00 5.1787956040788674e+02 4.9029999971389771e-01 0.0000000000000000e+00
3.5000000000000000e+01 1.7000000000000000e+01 0.0000000000000000e+00 1.0000000000000000e+00 6.4259506632629400e+03 9.8088321782648563e+03 5.7045613809167992e+02 1.2309999763965607e-01 7.0916188675630215e-03
3.5000000000000000e+01 1.7000000000000000e+01 0.0000000000000000e+00 2.0000000000000000e+00 6.4290506664001468e+03 9.8088321782648563e+03 5.7045613809167992e+02 2.4609999358654022e-01 1.4184316266890758e-02
3.5000000000000000e+01 1.8000000000000000e+01 0.0000000000000000e+00 1.0000000000000000e+00 6.4680510809020998e+03 0.0000000000000000e+00 5.5497864419994198e+02 1.6060000658035278e-01 0.0000000000000000e+00
3.5000000000000000e+01 1.8000000000000000e+01 0.0000000000000000e+00 2.0000000000000000e+00 6.4680510809020998e+03 0.0000000000000000e+00 5.5497864419994198e+02 2.4089999496936798e-01 0.0000000000000000e+00
3.5000000000000000e+01 1.9000000000000000e+01 0.0000000000000000e+00 1.0000000000000000e+00 6.5028511696960450e+03 0.0000000000000000e+00 5.2833093235722527e+02 2.2020000219345093e-01 0.0000000000000000e+00
3.5000000000000000e+01 1.9000000000000000e+01 0.0000000000000000e+00 2.0000000000000000e+00 6.5020510483398439e+03 0.0000000000000000e+00 5.2833093235722527e+02 2.2020000219345093e-01 0.0000000000000000e+00
3.5000000000000000e+01 2.0000000000000000e+01 0.0000000000000000e+00 1.0000000000000000e+00 6.5360514309936525e+03 0.0000000000000000e+00 5.1503528882166836e+02 3.2580000162124634e-01 0.0000000000000000e+00
3.5000000000000000e+01 2.0000000000000000e+01 0.0000000000000000e+00 2.0000000000000000e+00 6.5360514309936525e+03 0.0000000000000000e+00 5.1503528882166836e+02 1.6290000081062317e-01 0.0000000000000000e+00
3.5000000000000000e+01 2.1000000000000000e+01 0.0000000000000000e+00 1.0000000000000000e+00 6.5740515899963384e+03 0.0000000000000000e+00 4.9892870992995830e+02 5.5210000276565552e-01 0.0000000000000000e+00
3.5000000000000000e+01 2.2000000000000000e+01 0.0000000000000000e+00 1.0000000000000000e+00 6.5740515899963384e+03 0.0000000000000000e+00 4.7608729457673553e+02 4.9029999971389771e-01 0.0000000000000000e+00
3.6000000000000000e+01 1.7000000000000000e+01 0.0000000000000000e+00 1.0000000000000000e+00 6.4259506632629400e+03 0.0000000000000000e+00 5.0183681098825070e+02 1.2309999763965607e-01 0.0000000000000000e+00
3.6000000000000000e+01 1.7000000000000000e+01 0.0000000000000000e+00 2.0000000000000000e+00 6.4290506664001468e+03 0.0000000000000000e+00 5.0183681098825070e+02 2.4609999358654022e-01 0.0000000000000000e+00
3.6000000000000000e+01 1.8000000000000000e+01 0.0000000000000000e+00 1.0000000000000000e+00 6.4680510809020998e+03 0.0000000000000000e+00 4.9021623348298533e+02 1.6060000658035278e-01 0.0000000000000000e+00
3.6000000000000000e+01 1.8000000000000000e+01 0.0000000000000000e+00 2.0000000000000000e+00 6.4680510809020998e+03 0.0000000000000000e+00 4.9021623348298533e+02 2.4089999496936798e-01 0.0000000000000000e+00
3.6000000000000000e+01 1.9000000000000000e+01 0.0000000000000000e+00 1.0000000000000000e+00 6.5028511696960450e+03 0.0000000000000000e+00 4.6901813763097539e+02 2.2020000219345093e-01 0.0000000000000000e+00
3.6000000000000000e+01 1.9000000000000000e+01 0.0000000000000000e+00 2.0000000000000000e+00 6.5020510483398439e+03 0.0000000000000000e+00 4.6901813763097539e+02 2.2020000219345093e-01 0.0000000000000000e+00
3.6000000000000000e+01 2.0000000000000000e+01 0.0000000000000000e+00 1.0000000000000000e+00 6.5360514309936525e+03 0.0000000000000000e+00 4.5888722634995634e+02 3.2580000162124634e-01 0.0000000000000000e+00
3.6000000000000000e+01 2.0000000000000000e+01 0.0000000000000000e+00 2.0000000000000000e+00 6.5360514309936525e+03 0.0000000000000000e+00 4.5888722634995634e+02 1.6290000081062317e-01 0.0000000000000000e+00
3.6000000000000000e+01 2.1000000000000000e+01 0.0000000000000000e+00 1.0000000000000000e+00 6.5740515899963384e+03 0.0000000000000000e+00 4.4610201772609906e+02 5.5210000276565552e-01 0.0000000000000000e+00
3.6000000000000000e+01 2.2000000000000000e+01 0.0000000000000000e+00 1.0000000000000000e+00 6.5740515899963384e+03 0.0000000000000000e+00 4.2760818955671874e+02 4.9029999971389771e-01 0.0000000000000000e+00
3.7000000000000000e+01 1.7000000000000000e+01 0.0000000000000000e+00 1.0000000000000000e+00 6.4259506632629400e+03 0.0000000000000000e+00 4.2830385356710741e+02 1.2309999763965607e-01 0.0000000000000000e+00
3.7000000000000000e+01 1.7000000000000000e+01 0.0000000000000000e+00 2.0000000000000000e+00 6.4290506664001468e+03 0.0000000000000000e+00 4.2830385356710741e+02 2.4609999358654022e-01 0.0000000000000000e+00
3.7000000000000000e+01 1.8000000000000000e+01 0.0000000000000000e+00 1.0000000000000000e+00 6.4680510809020998e+03 0.0000000000000000e+00 4.2030104445750652e+02 1.6060000658035278e-01 0.0000000000000000e+00
3.7000000000000000e+01 1.8000000000000000e+01 0.0000000000000000e+00 2.0000000000000000e+00 6.4680510809020998e+03 0.0000000000000000e+00 4.2030104445750652e+02 2.4089999496936798e-01 0.0000000000000000e+00
3.7000000000000000e+01 1.9000000000000000e+01 0.0000000000000000e+00 1.0000000000000000e+00 6.5028511696960450e+03 0.0000000000000000e+00 4.0439620064380932e+02 2.2020000219345093e-01 0.0000000000000000e+00
3.7000000000000000e+01 1.9000000000000000e+01 0.0000000000000000e+00 2.0000000000000000e+00 6.5020510483398439e+03 0.0000000000000000e+00 4.0439620064380932e+02 2.2020000219345093e-01 0.0000000000000000e+00
3.7000000000000000e+01 2.0000000000000000e+01 0.0000000000000000e+00 1.0000000000000000e+00 6.5360514309936525e+03 0.0000000000000000e+00 3.9729841097799948e+02 3.2580000162124634e-01 0.0000000000000000e+00
3.7000000000000000e+01 2.0000000000000000e+01 0.0000000000000000e+00 2.0000000000000000e+00 6.5360514309936525e+03 0.0000000000000000e+00 3.9729841097799948e+02 1.6290000081062317e-01 0.0000000000000000e+00
3.7000000000000000e+01 2.1000000000000000e+01 0.0000000000000000e+00 1.0000000000000000e+00 6.5740515899963384e+03 0.0000000000000000e+00 3.8777398405253848e+02 5.5210000276565552e-01 0.0000000000000000e+00
3.7000000000000000e+01 2.2000000000000000e+01 0.0000000000000000e+00 1.0000000000000000e+00 6.5740515899963384e+03 0.0000000000000000e+00 3.7361904027905308e+02 4.9029999971389771e-01 0.0000000000000000e+00
3.8000000000000000e+01 1.7000000000000000e+01 0.0000000000000000e+00 1.0000000000000000e+00 6.4259506632629400e+03 0.0000000000000000e+00 3.5329205926036650e+02 1.2309999763965607e-01 0.0000000000000000e+00
3.8000000000000000e+01 1.7000000000000000e+01 0.0000000000000000e+00 2.0000000000000000e+00 6.4290506664001468e+03 0.0000000000000000e+00 3.5329205926036650e+02 2.4609999358654022e-01 0.0000000000000000e+00
3.8000000000000000e+01 1.8000000000000000e+01 0.0000000000000000e+00 1.0000000000000000e+00 6.4680510809020998e+03 0.0000000000000000e+00 3.4840561477613159e+02 1.6060000658035278e-01 0.0000000000000000e+00
3.8000000000000000e+01 1.8000000000000000e+01 0.0000000000000000e+00 2.0000000000000000e+00 6.4680510809020998e+03 0.0000000000000000e+00 3.4840561477613159e+02 2.4089999496936798e-01 0.0000000000000000e+00
3.8000000000000000e+01 1.9000000000000000e+01 0.0000000000000000e+00 1.0000000000000000e+00 6.5028511696960450e+03 0.0000000000000000e+00 3.3728016386111739e+02 2.2020000219345093e-01 0.0000000000000000e+00
3.8000000000000000e+01 1.9000000000000000e+01 0.0000000000000000e+00 2.0000000000000000e+00 6.5020510483398439e+03 0.0000000000000000e+00 3.3728016386111739e+02 2.2020000219345093e-01 0.0000000000000000e+00
3.8000000000000000e+01 2.0000000000000000e+01 0.0000000000000000e+00 1.0000000000000000e+00 6.5360514309936525e+03 0.0000000000000000e+00 3.3286223928762217e+02 3.2580000162124634e-01 0.0000000000000000e+00
3.8000000000000000e+01 2.0000000000000000e+01 0.0000000000000000e+00 2.0000000000000000e+00 6.5360514309936525e+03 0.0000000000000000e+00 3.3286223928762217e+02 1.6290000081062317e-01 0.0000000000000000e+00
3.8000000000000000e+01 2.1000000000000000e+01 0.0000000000000000e+00 1.0000000000000000e+00 6.5740515899963384e+03 0.0000000000000000e+00 3.2631363364263763e+02 5.5210000276565552e-01 0.0000000000000000e+00
3.8000000000000000e+01 2.2000000000000000e+01 0.0000000000000000e+00 1.0000000000000000e+00 6.5740515899963384e+03 0.0000000000000000e+00 3.1620160399900107e+02 4.9029999971389771e-01 0.0000000000000000e+00
3.9000000000000000e+01 1.7000000000000000e+01 0.0000000000000000e+00 1.0000000000000000e+00 6.4259506632629400e+03 0.0000000000000000e+00 2.8076635931514164e+02 1.2309999763965607e-01 0.0000000000000000e+00
3.9000000000000000e+01 1.7000000000000000e+01 0.0000000000000000e+00 2.0000000000000000e+00 6.4290506664001468e+03 0.0000000000000000e+00 2.8076635931514164e+02 2.4609999358654022e-01 0.0000000000000000e+00
3.9000000000000000e+01 1.8000000000000000e+01 0.0000000000000000e+00 1.0000000000000000e+00 6.4680510809020998e+03 0.0000000000000000e+00 2.7829293331727911e+02 1.6060000658035278e-01 0.0000000000000000e+00
3.9000000000000000e+01 1.8000000000000000e+01 0.0000000000000000e+00 2.0000000000000000e+00 6.4680510809020998e+03 0.0000000000000000e+00 2.7829293331727911e+02 2.4089999496936798e-01 0.0000000000000000e+00
3.9000000000000000e+01 1.9000000000000000e+01 0.0000000000000000e+00 1.0000000000000000e+00 6.5028511696960450e+03 0.0000000000000000e+00 2.7112674925493349e+02 2.2020000219345093e-01 0.0000000000000000e+00
3.9000000000000000e+01 1.9000000000000000e+01 0.0000000000000000e+00 2.0000000000000000e+00 6.5020510483398439e+03 0.0000000000000000e+00 2.7112674925493349e+02 2.2020000219345093e-01 0.0000000000000000e+00
3.9000000000000000e+01 2.0000000000000000e+01 0.0000000000000000e+00 1.0000000000000000e+00 6.5360514309936525e+03 0.0000000000000000e+00 2.6884806578170060e+02 3.2580000162124634e-01 0.0000000000000000e+00
3.9000000000000000e+01 2.0000000000000000e+01 0.0000000000000000e+00 2.0000000000000000e+00 6.5360514309936525e+03 0.0000000000000000e+00 2.6884806578170060e+02 1.6290000081062317e-01 0.0000000000000000e+00
3.9000000000000000e+01 2.1000000000000000e+01 0.0000000000000000e+00 1.0000000000000000e+00 6.5740515899963384e+03 0.0000000000000000e+00 2.6478709218092689e+02 5.5210000276565552e-01 0.0000000000000000e+00
3.9000000000000000e+01 2.2000000000000000e+01 0.0000000000000000e+00 1.0000000000000000e+00 6.5740515899963384e+03 0.0000000000000000e+00 2.5814821987954195e+02 4.9029999971389771e-01 0.0000000000000000e+00
4.0000000000000000e+01 1.7000000000000000e+01 0.0000000000000000e+00 1.0000000000000000e+00 6.4259506632629400e+03 0.0000000000000000e+00 2.1463879801872230e+02 1.2309999763965607e-01 0.0000000000000000e+00
4.0000000000000000e+01 1.7000000000000000e+01 0.0000000000000000e+00 2.0000000000000000e+00 6.4290506664001468e+03 0.0000000000000000e+00 2.1463879801872230e+02 2.4609999358654022e-01 0.0000000000000000e+00
4.0000000000000000e+01 1.8000000000000000e+01 0.0000000000000000e+00 1.0000000000000000e+00 6.4680510809020998e+03 0.0000000000000000e+00 2.1378742466502328e+02 1.6060000658035278e-01 0.0000000000000000e+00
4.0000000000000000e+01 1.8000000000000000e+01 0.0000000000000000e+00 2.0000000000000000e+00 6.4680510809020998e+03 0.0000000000000000e+00 2.1378742466502328e+02 2.4089999496936798e-01 0.0000000000000000e+00
4.0000000000000000e+01 1.9000000000000000e+01 0.0000000000000000e+00 1.0000000000000000e+00 6.5028511696960450e+03 0.0000000000000000e+00 2.0957771579798845e+02 2.2020000219345093e-01 0.0000000000000000e+00
4.0000000000000000e+01 1.9000000000000000e+01 0.0000000000000000e+00 2.0000000000000000e+00 6.5020510483398439e+03 0.0000000000000000e+00 2.0957771579798845e+02 2.2020000219345093e-01 0.0000000000000000e+00
4.0000000000000000e+01 2.0000000000000000e+01 0.0000000000000000e+00 1.0000000000000000e+00 6.5360514309936525e+03 0.0000000000000000e+00 2.0879116371960521e+02 3.2580000162124634e-01 0.0000000000000000e+00
4.0000000000000000e+01 2.0000000000000000e+01 0.0000000000000000e+00 2.0000000000000000e+00 6.5360514309936525e+03 0.0000000000000000e+00 2.0879116371960521e+02 1.6290000081062317e-01 0.0000000000000000e+00
4.0000000000000000e+01 2.1000000000000000e+01 0.0000000000000000e+00 1.0000000000000000e+00 6.5740515899963384e+03 0.0000000000000000e+00 2.0659392237860095e+02 5.5210000276565552e-01 0.0000000000000000e+00
4.0000000000000000e+01 2.2000000000000000e+01 0.0000000000000000e+00 1.0000000000000000e+00 6.5740515899963384e+03 0.0000000000000000e+00 2.0265664288569246e+02 4.9029999971389771e-01 0.0000000000000000e+00
4.1000000000000000e+01 1.7000000000000000e+01 0.0000000000000000e+00 1.0000000000000000e+00 6.4259506632629400e+03 0.0000000000000000e+00 1.5797665951788034e+02 1.2309999763965607e-01 0.0000000000000000e+00
4.1000000000000000e+01 1.7000000000000000e+01 0.0000000000000000e+00 2.0000000000000000e+00 6.4290506664001468e+03 0.0000000000000000e+00 1.5797665951788034e+02 2.4609999358654022e-01 0.0000000000000000e+00
4.1000000000000000e+01 1.8000000000000000e+01 0.0000000000000000e+00 1.0000000000000000e+00 6.4680510809020998e+03 0.0000000000000000e+00 1.5801617759445517e+02 1.6060000658035278e-01 0.0000000000000000e+00
4.1000000000000000e+01 1.8000000000000000e+01 0.0000000000000000e+00 2.0000000000000000e+00 6.4680510809020998e+03 0.0000000000000000e+00 1.5801617759445517e+02 2.4089999496936798e-01 0.0000000000000000e+00
4.1000000000000000e+01 1.9000000000000000e+01 0.0000000000000000e+00 1.0000000000000000e+00 6.5028511696960450e+03 0.0000000000000000e+00 1.5575852913263910e+02 2.2020000219345093e-01 0.0000000000000000e+00
4.1000000000000000e+01 1.9000000000000000e+01 0.0000000000000000e+00 2.0000000000000000e+00 6.5020510483398439e+03 0.0000000000000000e+00 1.5575852913263910e+02 2.2020000219345093e-01 0.0000000000000000e+00
4.1000000000000000e+01 2.0000000000000000e+01 0.0000000000000000e+00 1.0000000000000000e+00 6.5360514309936525e+03 0.0000000000000000e+00 1.5582942366476661e+02 3.2580000162124634e-01 0.0000000000000000e+00
4.1000000000000000e+01 2.0000000000000000e+01 0.0000000000000000e+00 2.0000000000000000e+00 6.5360514309936525e+03 0.0000000000000000e+00 1.5582942366476661e+02 1.6290000081062317e-01 0.0000000000000000e+00
4.1000000000000000e+01 2.1000000000000000e+01 0.0000000000000000e+00 1.0000000000000000e+00 6.5740515899963384e+03 0.0000000000000000e+00 1.5484717367501756e+02 5.5210000276565552e-01 0.0000000000000000e+00
4.1000000000000000e+01 2.2000000000000000e+01 0.0000000000000000e+00 1.0000000000000000e+00 6.5740515899963384e+03 0.0000000000000000e+00 1.5277071956732044e+02 4.9029999971389771e-01 0.0000000000000000e+00
4.2000000000000000e+01 1.7000000000000000e+01 0.0000000000000000e+00 1.0000000000000000e+00 6.4259506632629400e+03 0.0000000000000000e+00 1.1229031490454861e+02 1.2309999763965607e-01 0.0000000000000000e+00
4.2000000000000000e+01 1.7000000000000000e+01 0.0000000000000000e+00 2.0000000000000000e+00 6.4290506664001468e+03 0.0000000000000000e+00 1.1229031490454861e+02 2.4609999358654022e-01 0.0000000000000000e+00
4.2000000000000000e+01 1.8000000000000000e+01 0.0000000000000000e+00 1.0000000000000000e+00 6.4680510809020998e+03 0.0000000000000000e+00 1.1267548883174948e+02 1.6060000658035278e-01 0.0000000000000000e+00
4.2000000000000000e+01 1.8000000000000000e+01 0.0000000000000000e+00 2.0000000000000000e+00 6.4680510809020998e+03 0.0000000000000000e+00 1.1267548883174948e+02 2.4089999496936798e-01 0.0000000000000000e+00
4.2000000000000000e+01 1.9000000000000000e+01 0.0000000000000000e+00 1.0000000000000000e+00 6.5028511696960450e+03 0.0000000000000000e+00 1.1154187589145835e+02 2.2020000219345093e-01 0.0000000000000000e+00
4.2000000000000000e+01 1.9000000000000000e+01 0.0000000000000000e+00 2.0000000000000000e+00 6.5020510483398439e+03 0.0000000000000000e+00 1.1154187589145835e+02 2.2020000219345093e-01 0.0000000000000000e+00
4.2000000000000000e+01 2.0000000000000000e+01 0.0000000000000000e+00 1.0000000000000000e+00 6.5360514309936525e+03 0.0000000000000000e+00 1.1196579865375730e+02 3.2580000162124634e-01 0.0000000000000000e+00
4.2000000000000000e+01 2.0000000000000000e+01 0.0000000000000000e+00 2.0000000000000000e+00 6.5360514309936525e+03 0.0000000000000000e+00 1.1196579865375730e+02 1.6290000081062317e-01 0.0000000000000000e+00
4.2000000000000000e+01 2.1000000000000000e+01 0.0000000000000000e+00 1.0000000000000000e+00 6.5740515899963384e+03 0.0000000000000000e+00 1.1164611768525612e+02 5.5210000276565552e-01 0.0000000000000000e+00
4.2000000000000000e+01 2.2000000000000000e+01 0.0000000000000000e+00 1.0000000000000000e+00 6.5740515899963384e+03 0.0000000000000000e+00 1.1067848345195334e+02 4.9029999971389771e-01 0.0000000000000000e+00
4.3000000000000000e+01 1.7000000000000000e+01 0.0000000000000000e+00 1.0000000000000000e+00 6.4259506632629400e+03 0.0000000000000000e+00 7.7370243005218470e+01 1.2309999763965607e-01 0.0000000000000000e+00
4.3000000000000000e+01 1.7000000000000000e+01 0.0000000000000000e+00 2.0000000000000000e+00 6.4290506664001468e+03 0.0000000000000000e+00 7.7370243005218470e+01 2.4609999358654022e-01 0.0000000000000000e+00
4.3000000000000000e+01 1.8000000000000000e+01 0.0000000000000000e+00 1.0000000000000000e+00 6.4680510809020998e+03 0.0000000000000000e+00 7.7787911881878856e+01 1.6060000658035278e-01 0.0000000000000000e+00
4.3000000000000000e+01 1.8000000000000000e+01 0.0000000000000000e+00 2.0000000000000000e+00 6.4680510809020998e+03 0.0000000000000000e+00 7.7787911881878856e+01 2.4089999496936798e-01 0.0000000000000000e+00
4.3000000000000000e+01 1.9000000000000000e+01 0.0000000000000000e+00 1.0000000000000000e+00 6.5028511696960450e+03 0.0000000000000000e+00 7.7221404030061635e+01 2.2020000219345093e-01 0.0000000000000000e+00
4.3000000000000000e+01 1.9000000000000000e+01 0.0000000000000000e+00 2.0000000000000000e+00 6.5020510483398439e+03 0.0000000000000000e+00 7.7221404030061635e+01 2.2020000219345093e-01 0.0000000000000000e+00
4.3000000000000000e+01 2.0000000000000000e+01 0.0000000000000000e+00 1.0000000000000000e+00 6.5360514309936525e+03 0.0000000000000000e+00 7.7686453842435583e+01 3.2580000162124634e-01 0.0000000000000000e+00
4.3000000000000000e+01 2.0000000000000000e+01 0.0000000000000000e+00 2.0000000000000000e+00 6.5360514309936525e+03 0.0000000000000000e+00 7.7686453842435583e+01 1.6290000081062317e-01 0.0000000000000000e+00
4.3000000000000000e+01 2.1000000000000000e+01 0.0000000000000000e+00 1.0000000000000000e+00 6.5740515899963384e+03 0.0000000000000000e+00 7.7650455752304538e+01 5.5210000276565552e-01 0.0000000000000000e+00
4.3000000000000000e+01 2.2000000000000000e+01 0.0000000000000000e+00 1.0000000000000000e+00 6.5740515899963384e+03 0.0000000000000000e+00 7.7243074283982750e+01 4.9029999971389771e-01 0.0000000000000000e+00
4.4000000000000000e+01 1.7000000000000000e+01 0.0000000000000000e+00 1.0000000000000000e+00 6.4259506632629400e+03 0.0000000000000000e+00 5.1713023959954512e+01 1.2309999763965607e-01 0.0000000000000000e+00
4.4000000000000000e+01 1.7000000000000000e+01 0.0000000000000000e+00 2.0000000000000000e+00 6.4290506664001468e+03 0.0000000000000000e+00 5.1713023959954512e+01 2.4609999358654022e-01 0.0000000000000000e+00
4.4000000000000000e+01 1.8000000000000000e+01 0.0000000000000000e+00 1.0000000000000000e+00 6.4680510809020998e+03 0.0000000000000000e+00 5.2040022842482784e+01 1.6060000658035278e-01 0.0000000000000000e+00
4.4000000000000000e+01 1.8000000000000000e+01 0.0000000000000000e+00 2.0000000000000000e+00 6.4680510809020998e+03 0.0000000000000000e+00 5.2040022842482784e+01 2.4089999496936798e-01 0.0000000000000000e+00
4.4000000000000000e+01 1.9000000000000000e+01 0.0000000000000000e+00 1.0000000000000000e+00 6.5028511696960450e+03 0.0000000000000000e+00 5.1737520677484461e+01 2.2020000219345093e-01 0.0000000000000000e+00
4.4000000000000000e+01 1.9000000000000000e+01 0.0000000000000000e+00 2.0000000000000000e+00 6.5020510483398439e+03 0.0000000000000000e+00 5.1737520677484461e+01 2.2020000219345093e-01 0.0000000000000000e+00
4.4000000000000000e+01 2.0000000000000000e+01 0.0000000000000000e+00 1.0000000000000000e+00 6.5360514309936525e+03 0.0000000000000000e+00 5.2108497272845227e+01 3.2580000162124634e-01 0.0000000000000000e+00
4.4000000000000000e+01 2.0000000000000000e+01 0.0000000000000000e+00 2.0000000000000000e+00 6.5360514309936525e+03 0.0000000000000000e+00 5.2108497272845227e+01 1.6290000081062317e-01 0.0000000000000000e+00
4.4000000000000000e+01 2.1000000000000000e+01 0.0000000000000000e+00 1.0000000000000000e+00 6.5740515899963384e+03 0.0000000000000000e+00 5.2153986264136819e+01 5.5210000276565552e-01 0.0000000000000000e+00
4.4000000000000000e+01 2.2000000000000000e+01 0.0000000000000000e+00 1.0000000000000000e+00 6.5740515899963384e+03 0.0000000000000000e+00 5.1986082561035126e+01 4.9029999971389771e-01 0.0000000000000000e+00
4.5000000000000000e+01 1.7000000000000000e+01 0.0000000000000000e+00 1.0000000000000000e+00 6.4259506632629400e+03 0.0000000000000000e+00 3.3241429908921305e+01 1.2309999763965607e-01 0.0000000000000000e+00
4.5000000000000000e+01 1.7000000000000000e+01 0.0000000000000000e+00 2.0000000000000000e+00 6.4290506664001468e+03 0.0000000000000000e+00 3.3241429908921305e+01 2.4609999358654022e-01 0.0000000000000000e+00
4.5000000000000000e+01 1.8000000000000000e+01 0.0000000000000000e+00 1.0000000000000000e+00 6.4680510809020998e+03 0.0000000000000000e+00 3.3460804750220639e+01 1.6060000658035278e-01 0.0000000000000000e+00
4.5000000000000000e+01 1.8000000000000000e+01 0.0000000000000000e+00 2.0000000000000000e+00 6.4680510809020998e+03 0.0000000000000000e+00 3.3460804750220639e+01 2.4089999496936798e-01 0.0000000000000000e+00
4.5000000000000000e+01 1.9000000000000000e+01 0.0000000000000000e+00 1.0000000000000000e+00 6.5028511696960450e+03 0.0000000000000000e+00 3.3286647423305062e+01 2.2020000219345093e-01 0.0000000000000000e+00
4.5000000000000000e+01 1.9000000000000000e+01 0.0000000000000000e+00 2.0000000000000000e+00 6.5020510483398439e+03 0.0000000000000000e+00 3.3286647423305062e+01 2.2020000219345093e-01 0.0000000000000000e+00
4.5000000000000000e+01 2.0000000000000000e+01 0.0000000000000000e+00 1.0000000000000000e+00 6.5360514309936525e+03 0.0000000000000000e+00 3.3538667885728714e+01 3.2580000162124634e-01 0.0000000000000000e+00
4.5000000000000000e+01 2.0000000000000000e+01 0.0000000000000000e+00 2.0000000000000000e+00 6.5360514309936525e+03 0.0000000000000000e+00 3.3538667885728714e+01 1.6290000081062317e-01 0.0000000000000000e+00
4.5000000000000000e+01 2.1000000000000000e+01 0.0000000000000000e+00 1.0000000000000000e+00 6.5740515899963384e+03 0.0000000000000000e+00 3.3586821369167232e+01 5.5210000276565552e-01 0.0000000000000000e+00
4.5000000000000000e+01 2.2000000000000000e+01 0.0000000000000000e+00 1.0000000000000000e+00 6.5740515899963384e+03 0.0000000000000000e+00 3.3510463086536618e+01 4.9029999971389771e-01 0.0000000000000000e+00
4.6000000000000000e+01 1.7000000000000000e+01 0.0000000000000000e+00 1.0000000000000000e+00 6.4259506632629400e+03 0.0000000000000000e+00 1.9892647611633979e+01 1.2309999763965607e-01 0.0000000000000000e+00
4.6000000000000000e+01 1.7000000000000000e+01 0.0000000000000000e+00 2.0000000000000000e+00 6.4290506664001468e+03 0.0000000000000000e+00 1.9892647611633979e+01 2.4609999358654022e-01 0.0000000000000000e+00
4.6000000000000000e+01 1.8000000000000000e+01 0.0000000000000000e+00 1.0000000000000000e+00 6.4680510809020998e+03 0.0000000000000000e+00 2.0023912250200983e+01 1.6060000658035278e-01 0.0000000000000000e+00
4.6000000000000000e+01 1.8000000000000000e+01 0.0000000000000000e+00 2.0000000000000000e+00 6.4680510809020998e+03 0.0000000000000000e+00 2.0023912250200983e+01 2.4089999496936798e-01 0.0000000000000000e+00
4.6000000000000000e+01 1.9000000000000000e+01 0.0000000000000000e+00 1.0000000000000000e+00 6.5028511696960450e+03 0.0000000000000000e+00 1.9923728251638316e+01 2.2020000219345093e-01 0.0000000000000000e+00
4.6000000000000000e+01 1.9000000000000000e+01 0.0000000000000000e+00 2.0000000000000000e+00 6.5020510483398439e+03 0.0000000000000000e+00 1.9923728251638316e+01 2.2020000219345093e-01 0.0000000000000000e+00
4.6000000000000000e+01 2.0000000000000000e+01 0.0000000000000000e+00 1.0000000000000000e+00 6.5360514309936525e+03 0.0000000000000000e+00 2.0075346899754468e+01 3.2580000162124634e-01 0.0000000000000000e+00
4.6000000000000000e+01 2.0000000000000000e+01 0.0000000000000000e+00 2.0000000000000000e+00 6.5360514309936525e+03 0.0000000000000000e+00 2.0075346899754468e+01 1.6290000081062317e-01 0.0000000000000000e+00
4.6000000000000000e+01 2.1000000000000000e+01 0.0000000000000000e+00 1.0000000000000000e+00 6.5740515899963384e+03 0.0000000000000000e+00 2.0107331191977838e+01 5.5210000276565552e-01 0.0000000000000000e+00
4.6000000000000000e+01 2.2000000000000000e+01 0.0000000000000000e+00 1.0000000000000000e+00 6.5740515899963384e+03 0.0000000000000000e+00 2.0068412608849389e+01 4.9029999971389771e-01 0.0000000000000000e+00
4.7000000000000000e+01 1.7000000000000000e+01 0.0000000000000000e+00 1.0000000000000000e+00 6.4259506632629400e+03 0.0000000000000000e+00 9.7982335999595414e+00 1.2309999763965607e-01 0.0000000000000000e+00
4.7000000000000000e+01 1.7000000000000000e+01 0.0000000000000000e+00 2.0000000000000000e+00 6.4290506664001468e+03 0.0000000000000000e+00 9.7982335999595414e+00 2.4609999358654022e-01 0.0000000000000000e+00
4.7000000000000000e+01 1.8000000000000000e+01 0.0000000000000000e+00 1.0000000000000000e+00 6.4680510809020998e+03 0.0000000000000000e+00 9.8622096794078207e+00 1.6060000658035278e-01 0.0000000000000000e+00
4.7000000000000000e+01 1.8000000000000000e+01 0.0000000000000000e+00 2.0000000000000000e+00 6.4680510809020998e+03 0.0000000000000000e+00 9.8622096794078207e+00 2.4089999496936798e-01 0.0000000000000000e+00
4.7000000000000000e+01 1.9000000000000000e+01 0.0000000000000000e+00 1.0000000000000000e+00 6.5028511696960450e+03 0.0000000000000000e+00 9.8135103007293871e+00 2.2020000219345093e-01 0.0000000000000000e+00
4.7000000000000000e+01 1.9000000000000000e+01 0.0000000000000000e+00 2.0000000000000000e+00 6.5020510483398439e+03 0.0000000000000000e+00 9.8135103007293871e+00 2.2020000219345093e-01 0.0000000000000000e+00
4.7000000000000000e+01 2.0000000000000000e+01 0.0000000000000000e+00 1.0000000000000000e+00 6.5360514309936525e+03 0.0000000000000000e+00 9.8875072730725275e+00 3.2580000162124634e-01 0.0000000000000000e+00
4.7000000000000000e+01 2.0000000000000000e+01 0.0000000000000000e+00 2.0000000000000000e+00 6.5360514309936525e+03 0.0000000000000000e+00 9.8875072730725275e+00 1.6290000081062317e-01 0.0000000000000000e+00
4.7000000000000000e+01 2.1000000000000000e+01 0.0000000000000000e+00 1.0000000000000000e+00 6.5740515899963384e+03 0.0000000000000000e+00 9.9033817309494818e+00 5.5210000276565552e-01 0.0000000000000000e+00
4.7000000000000000e+01 2.2000000000000000e+01 0.0000000000000000e+00 1.0000000000000000e+00 6.5740515899963384e+03 0.0000000000000000e+00 9.8851579281232471e+00 4.9029999971389771e-01 0.0000000000000000e+00
