# stage fl_Kalpha_production_per_area bb_Kalpha_production_per_area fl_fraction_of_fluorescence fl_fraction_of_all_Kalpha
# stage is photoionization parent for fluorescence, emitting ion for bound-bound. Powers are sums eps*dz, all directions, before transport.
1.0000000000000000e+00 0.0000000000000000e+00 0.0000000000000000e+00 0.0000000000000000e+00 0.0000000000000000e+00
2.0000000000000000e+00 0.0000000000000000e+00 0.0000000000000000e+00 0.0000000000000000e+00 0.0000000000000000e+00
3.0000000000000000e+00 1.1259514144102412e+04 0.0000000000000000e+00 1.2876743479302425e-10 1.2876738401321873e-10
4.0000000000000000e+00 7.7526966615716600e+08 0.0000000000000000e+00 8.8662339161580916e-06 8.8662304197334368e-06
5.0000000000000000e+00 3.0005531248892251e+12 0.0000000000000000e+00 3.4315293174044803e-02 3.4315279641710980e-02
6.0000000000000000e+00 3.7649046998110711e+13 0.0000000000000000e+00 4.3056664277898976e-01 4.3056647298380507e-01
7.0000000000000000e+00 1.1081582083511047e+13 0.0000000000000000e+00 1.2673254636741771e-01 1.2673249639007628e-01
8.0000000000000000e+00 7.0806411080611133e+12 0.0000000000000000e+00 8.0976495122805303e-02 8.0976463189493295e-02
9.0000000000000000e+00 5.9954599226647754e+12 0.0000000000000000e+00 6.8566013130353473e-02 6.8565986091150458e-02
1.0000000000000000e+01 2.8779248828146416e+12 0.0000000000000000e+00 3.2912877051729884e-02 3.2912864072442864e-02
1.1000000000000000e+01 2.4022988747449155e+12 0.0000000000000000e+00 2.7473464640487937e-02 2.7473453806248729e-02
1.2000000000000000e+01 2.3829895795392974e+12 0.0000000000000000e+00 2.7252637313529868e-02 2.7252626566374550e-02
1.3000000000000000e+01 1.8661670561857925e+12 0.0000000000000000e+00 2.1342088268183481e-02 2.1342079851870047e-02
1.4000000000000000e+01 1.4403263817807061e+12 0.0000000000000000e+00 1.6472036987827302e-02 1.6472030492032493e-02
1.5000000000000000e+01 1.0979006560364678e+12 0.0000000000000000e+00 1.2555945960549656e-02 1.2555941009076524e-02
1.6000000000000000e+01 9.9774443049904907e+11 0.0000000000000000e+00 1.1410527066275235e-02 1.1410522566501314e-02
1.7000000000000000e+01 3.2019793201294609e+12 0.0000000000000000e+00 3.6618868100036575e-02 3.6618853659281407e-02
1.8000000000000000e+01 3.3381532432088667e+12 0.0000000000000000e+00 3.8176196998621618e-02 3.8176181943729348e-02
1.9000000000000000e+01 2.1554682988991145e+12 0.0000000000000000e+00 2.4650630575592098e-02 2.4650620854545561e-02
2.0000000000000000e+01 7.1437953960091467e+11 0.0000000000000000e+00 8.1698747926182962e-03 8.1698715708048483e-03
2.1000000000000000e+01 1.4270838149716470e+11 0.0000000000000000e+00 1.6320590723250164e-03 1.6320584287178622e-03
2.2000000000000000e+01 1.4597020687867701e+10 0.0000000000000000e+00 1.6693623592825728e-04 1.6693617009647609e-04
2.3000000000000000e+01 0.0000000000000000e+00 0.0000000000000000e+00 0.0000000000000000e+00 0.0000000000000000e+00
2.4000000000000000e+01 0.0000000000000000e+00 0.0000000000000000e+00 0.0000000000000000e+00 0.0000000000000000e+00
2.5000000000000000e+01 0.0000000000000000e+00 3.4481935839750491e+07 0.0000000000000000e+00 0.0000000000000000e+00
2.6000000000000000e+01 0.0000000000000000e+00 5.6593150442391300e+02 0.0000000000000000e+00 0.0000000000000000e+00
2.7000000000000000e+01 0.0000000000000000e+00 0.0000000000000000e+00 0.0000000000000000e+00 0.0000000000000000e+00
