READ SERR 1
@_compps_qdp_tmp.pco
!
1.00578973E-2 5.78972722E-5 1.72223613E-9
1.0174362E-2 5.85676898E-5 1.76104642E-9
1.02921762E-2 5.92458709E-5 1.80071602E-9
1.04113538E-2 5.99319064E-5 1.84126348E-9
1.05319116E-2 6.06258873E-5 1.88270777E-9
1.06538655E-2 6.13278971E-5 1.92506788E-9
1.07772313E-2 6.20380451E-5 1.96836347E-9
1.09020257E-2 6.27564077E-5 2.01261496E-9
1.10282646E-2 6.3483094E-5 2.05784234E-9
1.11559667E-2 6.42181985E-5 2.10406692E-9
1.12851467E-2 6.49618087E-5 2.1513098E-9
1.14158224E-2 6.57140263E-5 2.19959251E-9
1.15480116E-2 6.64749605E-5 2.24893748E-9
1.16817309E-2 6.72447059E-5 2.29936736E-9
1.18169989E-2 6.80233643E-5 2.35090503E-9
1.19538335E-2 6.88110376E-5 2.40357445E-9
1.20922523E-2 6.96078278E-5 2.45739917E-9
1.22322738E-2 7.04138511E-5 2.51240384E-9
1.23739168E-2 7.12292021E-5 2.56861377E-9
1.25171999E-2 7.20539974E-5 2.62605426E-9
1.26621425E-2 7.2888346E-5 2.68475131E-9
1.28087634E-2 7.37323498E-5 2.74473155E-9
1.29570812E-2 7.45861325E-5 2.80602208E-9
1.31071173E-2 7.54498033E-5 2.86865043E-9
1.32588912E-2 7.63234711E-5 2.93264457E-9
1.34124216E-2 7.72072526E-5 2.9980336E-9
1.35677299E-2 7.81012714E-5 3.06484615E-9
1.37248375E-2 7.90056365E-5 3.13311266E-9
1.3883763E-2 7.9920479E-5 3.20286286E-9
1.40445298E-2 8.08459154E-5 3.2741283E-9
1.42071573E-2 8.17820692E-5 3.34694028E-9
1.43716689E-2 8.27290642E-5 3.42133122E-9
1.45380851E-2 8.36870167E-5 3.49733353E-9
1.47064282E-2 8.46560652E-5 3.5749812E-9
1.48767205E-2 8.56363404E-5 3.65430797E-9
1.50489844E-2 8.66279588E-5 3.73534892E-9
1.52232433E-2 8.7631066E-5 3.81813958E-9
1.53995203E-2 8.86457856E-5 3.90271548E-9
1.55778388E-2 8.96722559E-5 3.98911437E-9
1.5758222E-2 9.0710615E-5 4.07737355E-9
1.59406923E-2 9.17609941E-5 4.16753076E-9
1.61252767E-2 9.28235313E-5 4.25962554E-9
1.63119994E-2 9.38983794E-5 4.3536974E-9
1.65008828E-2 9.49856694E-5 4.44978721E-9
1.66919548E-2 9.60855541E-5 4.54793581E-9
1.68852378E-2 9.71981717E-5 4.64818495E-9
1.70807596E-2 9.8323675E-5 4.75057726E-9
1.72785465E-2 9.94622096E-5 4.85515672E-9
1.74786225E-2 1.00613928E-4 4.96196773E-9
1.76810157E-2 1.01778984E-4 5.07105469E-9
1.7885752E-2 1.02957529E-4 5.18246424E-9
1.80928595E-2 1.04149716E-4 5.29624256E-9
1.83023643E-2 1.05355713E-4 5.41243805E-9
1.8514296E-2 1.06575673E-4 5.53109913E-9
1.87286809E-2 1.07809763E-4 5.65227465E-9
1.89455487E-2 1.09058143E-4 5.77601567E-9
1.91649273E-2 1.1032098E-4 5.90237326E-9
1.93868484E-2 1.11598434E-4 6.03139938E-9
1.96113363E-2 1.12890681E-4 6.16314777E-9
1.98384244E-2 1.14197894E-4 6.29767216E-9
2.00681426E-2 1.15520241E-4 6.43502762E-9
2.03005224E-2 1.16857904E-4 6.57527011E-9
2.05355901E-2 1.18211057E-4 6.71845735E-9
2.0773381E-2 1.19579876E-4 6.86464663E-9
2.10139267E-2 1.20964542E-4 7.01389702E-9
2.12572552E-2 1.22365251E-4 7.16626847E-9
2.15034038E-2 1.23782171E-4 7.32182182E-9
2.17524003E-2 1.25215505E-4 7.48061879E-9
2.20042821E-2 1.26665429E-4 7.6427229E-9
2.22590789E-2 1.28132146E-4 7.80819764E-9
2.2516828E-2 1.29615844E-4 7.97710964E-9
2.27775592E-2 1.31116729E-4 8.14952372E-9
2.30413117E-2 1.32634988E-4 8.32550739E-9
2.33081169E-2 1.34170827E-4 8.50512993E-9
2.35780124E-2 1.35724447E-4 8.68846062E-9
2.38510333E-2 1.37296069E-4 8.87557139E-9
2.41272151E-2 1.3888588E-4 9.0665333E-9
2.44065952E-2 1.40494099E-4 9.26141919E-9
2.46892106E-2 1.42120945E-4 9.46030543E-9
2.49750968E-2 1.43766636E-4 9.66326574E-9
2.52642948E-2 1.45431375E-4 9.87037918E-9
2.55568419E-2 1.47115381E-4 1.00817221E-8
2.58527771E-2 1.48818901E-4 1.02973754E-8
2.61521377E-2 1.50542139E-4 1.05174189E-8
2.64549647E-2 1.52285342E-4 1.07419345E-8
2.6761299E-2 1.54048714E-4 1.09710037E-8
2.70711798E-2 1.55832517E-4 1.12047127E-8
2.738465E-2 1.57636983E-4 1.14431451E-8
2.77017485E-2 1.59462332E-4 1.16863887E-8
2.80225202E-2 1.6130881E-4 1.19345307E-8
2.83470061E-2 1.63176679E-4 1.21876607E-8
2.86752488E-2 1.65066172E-4 1.24458692E-8
2.90072933E-2 1.66977552E-4 1.27092497E-8
2.93431804E-2 1.68911065E-4 1.29778934E-8
2.96829585E-2 1.70866959E-4 1.32518965E-8
3.00266724E-2 1.7284551E-4 1.35313547E-8
3.03743649E-2 1.74846966E-4 1.38163658E-8
3.07260826E-2 1.76871603E-4 1.41070284E-8
3.10818739E-2 1.78919669E-4 1.44034438E-8
3.14417854E-2 1.80991468E-4 1.47057131E-8
3.18058655E-2 1.8308725E-4 1.50139403E-8
3.21741588E-2 1.85207304E-4 1.53282276E-8
3.25467177E-2 1.87351892E-4 1.56486859E-8
3.29235904E-2 1.89521335E-4 1.59754183E-8
3.33048292E-2 1.91715881E-4 1.63085332E-8
3.36904787E-2 1.93935848E-4 1.66481406E-8
3.40805985E-2 1.96181514E-4 1.69943526E-8
3.44752334E-2 1.98453199E-4 1.73472792E-8
3.48744355E-2 2.00751179E-4 1.77070341E-8
3.52782644E-2 2.03075761E-4 1.80737345E-8
3.56867649E-2 2.05427277E-4 1.8447496E-8
3.61000001E-2 2.07806006E-4 1.88284339E-8
3.65180187E-2 2.10212282E-4 1.92166709E-8
3.69408764E-2 2.12646424E-4 1.9612326E-8
3.73686329E-2 2.15108754E-4 2.00155217E-8
3.78013402E-2 2.17599605E-4 2.04263824E-8
3.82390581E-2 2.20119284E-4 2.08450306E-8
3.86818461E-2 2.22668154E-4 2.12715943E-8
3.91297601E-2 2.2524652E-4 2.17061995E-8
3.95828635E-2 2.27854762E-4 2.21489778E-8
4.0041212E-2 2.30493184E-4 2.26000587E-8
4.05048653E-2 2.3316218E-4 2.30595738E-8
4.09738906E-2 2.3586207E-4 2.35276563E-8
4.14483435E-2 2.38593217E-4 2.40044411E-8
4.1928295E-2 2.41356E-4 2.4490058E-8
4.2413801E-2 2.44150782E-4 2.49846455E-8
4.29049283E-2 2.46977899E-4 2.54883386E-8
4.34017442E-2 2.49837758E-4 2.6001274E-8
4.39043157E-2 2.52730766E-4 2.65235904E-8
4.44127023E-2 2.55657244E-4 2.70554281E-8
4.49269786E-2 2.58617598E-4 2.75969274E-8
4.5447208E-2 2.61612266E-4 2.81482286E-8
4.59734611E-2 2.64641596E-4 2.87094775E-8
4.65058088E-2 2.67705997E-4 2.92808142E-8
4.70443182E-2 2.70805875E-4 2.98623846E-8
4.75890674E-2 2.73941667E-4 3.04543377E-8
4.81401235E-2 2.77113752E-4 3.1056814E-8
4.8697561E-2 2.80322594E-4 3.16699662E-8
4.92614508E-2 2.83568574E-4 3.229394E-8
4.98318709E-2 2.86852155E-4 3.29288845E-8
5.04088961E-2 2.90173746E-4 3.35749526E-8
5.09926043E-2 2.93533783E-4 3.42322899E-8
5.15830703E-2 2.96932732E-4 3.49010527E-8
5.21803759E-2 3.00371059E-4 3.55813867E-8
5.27845956E-2 3.038492E-4 3.62734411E-8
5.33958115E-2 3.0736762E-4 3.69773652E-8
5.40141053E-2 3.10926756E-4 3.7693308E-8
5.46395592E-2 3.14527104E-4 3.84214154E-8
5.52722551E-2 3.18169157E-4 3.91618435E-8
5.59122786E-2 3.21853382E-4 3.99147346E-8
5.65597117E-2 3.25580273E-4 4.06802414E-8
5.72146438E-2 3.29350325E-4 4.14585131E-8
5.78771569E-2 3.33164033E-4 4.22496953E-8
5.85473441E-2 3.37021891E-4 4.30539409E-8
5.9225291E-2 3.40924395E-4 4.38713954E-8
5.99110872E-2 3.44872125E-4 4.47022046E-8
6.06048256E-2 3.48865549E-4 4.55465212E-8
6.13065958E-2 3.52905219E-4 4.64044874E-8
6.20164908E-2 3.56991688E-4 4.72762487E-8
6.27346113E-2 3.61125451E-4 4.81619544E-8
6.34610429E-2 3.65307089E-4 4.90617467E-8
6.41958863E-2 3.69537156E-4 4.99757711E-8
6.49392381E-2 3.73816176E-4 5.09041627E-8
6.56912029E-2 3.78144759E-4 5.18470671E-8
6.64518699E-2 3.82523489E-4 5.28046087E-8
6.72213435E-2 3.86952888E-4 5.37769189E-8
6.7999728E-2 3.91433598E-4 5.47641292E-8
6.87871277E-2 3.9596617E-4 5.5766364E-8
6.9583647E-2 4.00551246E-4 5.67837475E-8
7.038939E-2 4.05189407E-4 5.78164006E-8
7.12044612E-2 4.09881293E-4 5.8864444E-8
7.20289722E-2 4.14627488E-4 5.99279915E-8
7.28630275E-2 4.19428659E-4 6.10071567E-8
7.37067387E-2 4.24285419E-4 6.21020462E-8
7.4560225E-2 4.29198408E-4 6.32127808E-8
7.54235908E-2 4.34168294E-4 6.43394458E-8
7.62969553E-2 4.39195719E-4 6.54821548E-8
7.71804303E-2 4.44281352E-4 6.66410074E-8
7.80741349E-2 4.4942589E-4 6.78160816E-8
7.89781958E-2 4.54630004E-4 6.90074842E-8
7.98927173E-2 4.59894363E-4 7.0215286E-8
8.08178335E-2 4.65219695E-4 7.14395796E-8
8.17536563E-2 4.70606697E-4 7.26804359E-8
8.27003196E-2 4.7605607E-4 7.39379189E-8
8.36579427E-2 4.81568539E-4 7.52120783E-8
8.46266598E-2 4.87144833E-4 7.6502964E-8
8.56065899E-2 4.92785708E-4 7.78106184E-8
8.65978673E-2 4.98491863E-4 7.91350772E-8
8.76006261E-2 5.04264142E-4 8.04763616E-8
8.86149928E-2 5.10103244E-4 8.18345072E-8
8.96411017E-2 5.16009983E-4 8.32095211E-8
9.06791016E-2 5.21985115E-4 8.46014103E-8
9.1729112E-2 5.28029399E-4 8.60101821E-8
9.27912891E-2 5.34143706E-4 8.74358221E-8
9.38657597E-2 5.40328794E-4 8.88783234E-8
9.49526727E-2 5.46585477E-4 9.03376645E-8
9.60521698E-2 5.52914629E-4 9.18138099E-8
9.71644074E-2 5.59317123E-4 9.33067241E-8
9.82895121E-2 5.65793656E-4 9.48163574E-8
9.94276553E-2 5.72345278E-4 9.63426601E-8
0.100578971 5.78972686E-4 9.7885561E-8
0.101743624 5.85676928E-4 9.9444982E-8
0.102921762 5.92458702E-4 1.01020852E-7
0.104113534 5.99319057E-4 1.02613051E-7
0.105319113 6.06258865E-4 1.04221456E-7
0.106538653 6.13279E-4 1.05845928E-7
0.107772313 6.20380451E-4 1.07486308E-7
0.109020256 6.27564092E-4 1.09142441E-7
0.110282652 6.34830969E-4 1.10814156E-7
0.111559667 6.42181956E-4 1.12501255E-7
0.112851463 6.49618043E-4 1.14203544E-7
0.114158221 6.57140277E-4 1.15920805E-7
0.11548011 6.6474959E-4 1.17652817E-7
0.11681731 6.7244703E-4 1.19399346E-7
0.118169986 6.80233643E-4 1.21160127E-7
0.11953833 6.88110362E-4 1.22934892E-7
0.120922521 6.96078292E-4 1.24723371E-7
0.122322738 7.04138482E-4 1.26525265E-7
0.123739168 7.12292036E-4 1.28340261E-7
0.125172004 7.20540003E-4 1.30168047E-7
0.126621425 7.2888349E-4 1.32008267E-7
0.128087625 7.37323542E-4 1.33860581E-7
0.129570812 7.45861325E-4 1.35724605E-7
0.13107118 7.54498004E-4 1.37599955E-7
0.132588908 7.63234682E-4 1.39486161E-7
0.134124219 7.72072526E-4 1.41382785E-7
0.135677308 7.81012699E-4 1.43289341E-7
0.137248367 7.90056423E-4 1.45205348E-7
0.138837636 7.99204805E-4 1.47130308E-7
0.140445292 8.08459183E-4 1.49063666E-7
0.142071575 8.17820721E-4 1.51004912E-7
0.143716693 8.27290583E-4 1.52953447E-7
0.145380855 8.36870167E-4 1.54908719E-7
0.147064283 8.46560695E-4 1.56870129E-7
0.148767203 8.56363389E-4 1.5883704E-7
0.150489852 8.66279588E-4 1.60808838E-7
0.152232438 8.76310689E-4 1.62784858E-7
0.153995201 8.86457856E-4 1.64764444E-7
0.155778378 8.96722544E-4 1.66746901E-7
0.157582209 9.07106092E-4 1.68731518E-7
0.15940693 9.17609897E-4 1.70717584E-7
0.161252782 9.28235357E-4 1.72704361E-7
0.163119987 9.38983809E-4 1.74691081E-7
0.165008828 9.49856709E-4 1.7667692E-7
0.166919544 9.60855512E-4 1.78661068E-7
0.168852389 9.71981732E-4 1.80642616E-7
0.1708076 9.83236707E-4 1.8262071E-7
0.172785461 9.94622125E-4 1.84594427E-7
0.174786225 1.00613921E-3 1.86562858E-7
0.176810145 1.01778982E-3 1.88525064E-7
0.17885752 1.02957524E-3 1.90480094E-7
0.180928588 1.04149722E-3 1.92426967E-7
0.183023646 1.05355715E-3 1.94364716E-7
0.185142964 1.06575678E-3 1.96292319E-7
0.187286809 1.07809762E-3 1.98208767E-7
0.189455494 1.09058141E-3 2.00113035E-7
0.191649288 1.1032098E-3 2.02004088E-7
0.193868473 1.11598428E-3 2.03880845E-7
0.196113363 1.12890685E-3 2.05742268E-7
0.198384255 1.14197889E-3 2.07587263E-7
0.200681433 1.15520239E-3 2.0941475E-7
0.20300521 1.1685791E-3 2.11223622E-7
0.205355912 1.18211051E-3 2.13012783E-7
0.20773381 1.19579874E-3 2.14781053E-7
0.21013926 1.20964542E-3 2.16527255E-7
0.21257256 1.22365251E-3 2.18250179E-7
0.215034038 1.23782177E-3 2.19948646E-7
0.217524007 1.25215505E-3 2.21621434E-7
0.22004281 1.26665423E-3 2.23267335E-7
0.222590789 1.2813214E-3 2.24885127E-7
0.225168273 1.29615841E-3 2.26473617E-7
0.227775604 1.31116726E-3 2.28031567E-7
0.230413109 1.32634991E-3 2.2955777E-7
0.233081177 1.34170824E-3 2.31051033E-7
0.23578012 1.35724456E-3 2.32510132E-7
0.238510326 1.37296063E-3 2.33933875E-7
0.241272151 1.38885877E-3 2.35321082E-7
0.244065955 1.40494108E-3 2.36670544E-7
0.246892095 1.42120942E-3 2.37981112E-7
0.249750972 1.43766636E-3 2.39251619E-7
0.252642959 1.45431375E-3 2.40480944E-7
0.255568415 1.47115381E-3 2.41667919E-7
0.258527756 1.48818898E-3 2.42811439E-7
0.261521369 1.50542147E-3 2.43910364E-7
0.264549643 1.52285339E-3 2.44963587E-7
0.267612994 1.54048717E-3 2.45969972E-7
0.270711809 1.55832525E-3 2.46928494E-7
0.273846507 1.57636974E-3 2.47838017E-7
0.277017504 1.59462332E-3 2.48697575E-7
0.280225217 1.61308818E-3 2.49506144E-7
0.283470064 1.63176679E-3 2.50262758E-7
0.286752492 1.65066181E-3 2.5096648E-7
0.290072918 1.66977558E-3 2.51616456E-7
0.293431818 1.68911065E-3 2.52211748E-7
0.296829581 1.70866959E-3 2.5275159E-7
0.300266713 1.72845507E-3 2.53235214E-7
0.303743631 1.74846966E-3 2.53661824E-7
0.307260841 1.76871591E-3 2.54030766E-7
0.310818732 1.78919674E-3 2.54341387E-7
0.314417839 1.8099146E-3 2.5459309E-7
0.31805864 1.8308725E-3 2.54785277E-7
0.321741581 1.85207301E-3 2.54917495E-7
0.325467169 1.87351892E-3 2.54989288E-7
0.329235911 1.89521327E-3 2.55000231E-7
0.333048284 1.91715884E-3 2.5495001E-7
0.336904794 1.93935854E-3 2.54838312E-7
0.340805978 1.96181517E-3 2.5466494E-7
0.344752312 1.98453199E-3 2.54429722E-7
0.348744363 2.00751168E-3 2.54132544E-7
0.352782637 2.03075772E-3 2.53773379E-7
0.356867671 2.05427269E-3 2.53352255E-7
0.361000001 2.07806006E-3 2.52869228E-7
0.365180165 2.10212287E-3 2.5232444E-7
0.369408756 2.12646439E-3 2.51718149E-7
0.373686314 2.15108762E-3 2.51050579E-7
0.378013402 2.17599608E-3 2.50322103E-7
0.382390589 2.20119278E-3 2.49533116E-7
0.386818469 2.22668145E-3 2.48684103E-7
0.391297609 2.25246535E-3 2.47775574E-7
0.395828635 2.2785475E-3 2.46808128E-7
0.400412112 2.30493187E-3 2.45782445E-7
0.405048668 2.33162171E-3 2.44699237E-7
0.409738898 2.35862075E-3 2.43559271E-7
0.414483458 2.38593225E-3 2.42363456E-7
0.419282943 2.41355994E-3 2.41112815E-7
0.42413801 2.44150776E-3 2.39808344E-7
0.429049283 2.46977899E-3 2.38451207E-7
0.43401745 2.49837781E-3 2.37042556E-7
0.439043134 2.52730749E-3 2.35583585E-7
0.444127023 2.55657244E-3 2.340756E-7
0.449269772 2.58617615E-3 2.32519909E-7
0.454472065 2.6161226E-3 2.30917891E-7
0.459734619 2.64641596E-3 2.29270981E-7
0.465058088 2.67705997E-3 2.27580628E-7
0.470443189 2.7080588E-3 2.25848339E-7
0.475890666 2.73941667E-3 2.24075677E-7
0.481401235 2.77113752E-3 2.22264191E-7
0.48697558 2.803226E-3 2.20415515E-7
0.492614508 2.83568562E-3 2.18531298E-7
0.498318702 2.86852149E-3 2.16613174E-7
0.504088998 2.90173735E-3 2.14662847E-7
0.509926021 2.93533783E-3 2.12682011E-7
0.515830696 2.96932738E-3 2.10672411E-7
0.521803737 3.00371065E-3 2.08635868E-7
0.527845979 3.03849205E-3 2.06574242E-7
0.533958137 3.07367602E-3 2.04489396E-7
0.540141046 3.10926745E-3 2.02383205E-7
0.5463956 3.14527121E-3 2.0025756E-7
0.552722573 3.18169175E-3 1.98114307E-7
0.559122801 3.21853394E-3 1.95955323E-7
0.565597117 3.25580291E-3 1.93782455E-7
0.572146416 3.29350331E-3 1.91597536E-7
0.578771591 3.33164027E-3 1.89402371E-7
0.585473418 3.37021868E-3 1.87198751E-7
0.59225291 3.40924412E-3 1.84988437E-7
0.599110842 3.44872125E-3 1.82773164E-7
0.606048226 3.48865567E-3 1.80554636E-7
0.613065958 3.52905225E-3 1.78334517E-7
0.620164931 3.56991682E-3 1.76114412E-7
0.627346098 3.61125451E-3 1.73895927E-7
0.634610415 3.65307089E-3 1.71680583E-7
0.641958833 3.69537133E-3 1.69469885E-7
0.649392366 3.73816187E-3 1.67265242E-7
0.656912029 3.78144765E-3 1.65068116E-7
0.664518654 3.82523471E-3 1.62879857E-7
0.672213435 3.86952888E-3 1.60701831E-7
0.679997325 3.91433574E-3 1.58535286E-7
0.687871337 3.95966182E-3 1.56381446E-7
0.695836484 4.00551269E-3 1.54241505E-7
0.7038939 4.05189442E-3 1.52116542E-7
0.712044597 4.09881305E-3 1.50007622E-7
0.720289707 4.14627511E-3 1.47915728E-7
0.728630245 4.19428665E-3 1.45841781E-7
0.737067401 4.24285419E-3 1.43786664E-7
0.74560225 4.29198379E-3 1.41751158E-7
0.754235864 4.34168288E-3 1.39736031E-7
0.762969553 4.39195707E-3 1.37741964E-7
0.771804333 4.44281381E-3 1.35769568E-7
0.780741394 4.49425913E-3 1.33819412E-7
0.789781928 4.54630004E-3 1.31892008E-7
0.798927188 4.59894352E-3 1.29987797E-7
0.808178306 4.65219701E-3 1.2810716E-7
0.817536592 4.70606703E-3 1.26250441E-7
0.827003181 4.76056058E-3 1.2441788E-7
0.836579442 4.8156851E-3 1.22609649E-7
0.846266568 4.8714485E-3 1.2082586E-7
0.856065869 4.92785685E-3 1.1906662E-7
0.865978658 4.98491898E-3 1.17331972E-7
0.876006246 5.04264142E-3 1.15621923E-7
0.886149883 5.10103256E-3 1.13936444E-7
0.896411061 5.16009983E-3 1.1227548E-7
0.906790972 5.21985069E-3 1.10638929E-7
0.917291105 5.28029399E-3 1.09026665E-7
0.927912891 5.34143671E-3 1.07438545E-7
0.938657582 5.40328771E-3 1.05874378E-7
0.949526727 5.46585489E-3 1.04333957E-7
0.960521758 5.52914664E-3 1.02817062E-7
0.971644044 5.59317088E-3 1.01323437E-7
0.982895136 5.65793691E-3 9.98528193E-8
0.994276524 5.72345266E-3 9.84049251E-8
1.00578976 5.78972697E-3 9.69794485E-8
1.01743627 5.85676916E-3 9.55760981E-8
1.0292176 5.92458714E-3 9.41945331E-8
1.04113531 5.99319069E-3 9.28343624E-8
1.05319118 6.06258865E-3 9.14951812E-8
1.06538653 6.13278989E-3 9.01765773E-8
1.07772315 6.20380417E-3 8.88781457E-8
1.09020257 6.27564127E-3 8.75994672E-8
1.10282648 6.34830957E-3 8.6340151E-8
1.11559665 6.42181933E-3 8.50997921E-8
1.12851465 6.49618078E-3 8.38779997E-8
1.14158225 6.57140277E-3 8.26743971E-8
1.15480113 6.64749602E-3 8.14885937E-8
1.16817307 6.72447076E-3 8.0320234E-8
1.18169987 6.80233631E-3 7.91689487E-8
1.19538331 6.88110339E-3 7.80343967E-8
1.20922518 6.96078315E-3 7.69162227E-8
1.22322738 7.04138493E-3 7.5814107E-8
1.23739171 7.12292036E-3 7.47277298E-8
1.25172007 7.20540015E-3 7.36567785E-8
1.26621425 7.28883455E-3 7.26009546E-8
1.28087628 7.37323519E-3 7.15599668E-8
1.29570818 7.45861325E-3 7.05335381E-8
1.31071174 7.54497992E-3 6.95213842E-8
1.32588911 7.63234682E-3 6.85232067E-8
1.34124219 7.72072515E-3 6.75387426E-8
1.35677302 7.81012699E-3 6.6567722E-8
1.37248373 7.900564E-3 6.56098962E-8
1.38837636 7.99204782E-3 6.46650236E-8
1.40445292 8.08459148E-3 6.37328768E-8
1.42071581 8.17820709E-3 6.28132426E-8
1.43716681 8.27290583E-3 6.19059151E-8
1.45380843 8.36870167E-3 6.10106881E-8
1.47064281 8.46560672E-3 6.01273769E-8
1.48767197 8.56363401E-3 5.92558003E-8
1.50489843 8.66279658E-3 5.83957878E-8
1.52232432 8.76310654E-3 5.75471759E-8
1.53995204 8.86457879E-3 5.67098049E-8
1.55778384 8.96722544E-3 5.58835254E-8
1.57582211 9.07106139E-3 5.50681882E-8
1.59406924 9.17609874E-3 5.4263662E-8
1.61252773 9.28235333E-3 5.34698081E-8
1.63119996 9.3898382E-3 5.26864987E-8
1.65008831 9.49856732E-3 5.19136059E-8
1.66919541 9.60855559E-3 5.11509981E-8
1.68852389 9.71981697E-3 5.03985618E-8
1.708076 9.8323673E-3 4.9656169E-8
1.72785461 9.94622055E-3 4.89237131E-8
1.74786222 1.00613926E-2 4.82010734E-8
1.76810145 1.01778982E-2 4.74881503E-8
1.78857517 1.02957524E-2 4.67848302E-8
1.80928588 1.0414972E-2 4.60910101E-8
1.83023643 1.05355717E-2 4.54065869E-8
1.85142958 1.06575675E-2 4.47314648E-8
1.87286806 1.07809762E-2 4.4065537E-8
1.89455485 1.09058144E-2 4.34087148E-8
1.91649282 1.1032098E-2 4.27608988E-8
1.9386847 1.11598428E-2 4.2121993E-8
1.96113372 1.12890685E-2 4.14919015E-8
1.98384249 1.14197899E-2 4.08705354E-8
2.00681424 1.15520246E-2 4.02578024E-8
2.03005219 1.16857905E-2 3.96536066E-8
2.05355906 1.18211051E-2 3.90578627E-8
2.07733822 1.19579872E-2 3.84704748E-8
2.10139251 1.20964544E-2 3.78913434E-8
2.12572551 1.22365244E-2 3.73203797E-8
2.15034032 1.23782167E-2 3.67574913E-8
2.17524004 1.25215501E-2 3.62025823E-8
2.20042825 1.2666543E-2 3.56555603E-8
2.22590804 1.28132142E-2 3.51163401E-8
2.25168276 1.29615841E-2 3.45848257E-8
2.27775598 1.31116724E-2 3.40609283E-8
2.30413127 1.32634984E-2 3.35445556E-8
2.33081174 1.34170828E-2 3.30356258E-8
2.3578012 1.35724451E-2 3.25340466E-8
2.38510323 1.37296068E-2 3.20397326E-8
2.4127214 1.38885882E-2 3.15525952E-8
2.44065952 1.40494099E-2 3.10725454E-8
2.46892095 1.42120952E-2 3.05995016E-8
2.49750972 1.43766627E-2 3.01333749E-8
2.52642965 1.45431366E-2 2.96740854E-8
2.55568433 1.47115383E-2 2.92215443E-8
2.58527756 1.48818903E-2 2.87756698E-8
2.61521387 1.50542147E-2 2.83363732E-8
2.64549661 1.52285341E-2 2.79035675E-8
2.67612982 1.54048717E-2 2.74771654E-8
2.70711803 1.55832525E-2 2.70570784E-8
2.73846507 1.57636981E-2 2.66432227E-8
2.77017498 1.59462318E-2 2.62355151E-8
2.80225205 1.61308814E-2 2.58338684E-8
2.83470058 1.63176674E-2 2.54382044E-8
2.86752486 1.65066179E-2 2.5048438E-8
2.90072918 1.66977551E-2 2.46644891E-8
2.93431807 1.6891107E-2 2.42862797E-8
2.96829581 1.70866959E-2 2.39137297E-8
3.00266719 1.72845516E-2 2.35467592E-8
3.03743649 1.74846966E-2 2.31852955E-8
3.07260823 1.76871605E-2 2.28292567E-8
3.10818744 1.78919677E-2 2.24785719E-8
3.14417863 1.8099146E-2 2.21331664E-8
3.18058634 1.83087252E-2 2.17929639E-8
3.21741581 1.85207296E-2 2.14578932E-8
3.25467181 1.8735189E-2 2.11278817E-8
3.29235911 1.89521331E-2 2.08028563E-8
3.33048272 1.91715881E-2 2.04827426E-8
3.36904788 1.93935856E-2 2.01674677E-8
3.4080596 1.96181517E-2 1.98569587E-8
3.44752312 1.98453199E-2 1.95511465E-8
3.48744369 2.00751182E-2 1.92499616E-8
3.52782631 2.03075763E-2 1.89533331E-8
3.56867671 2.05427278E-2 1.86611953E-8
3.6099999 2.07806006E-2 1.83734823E-8
3.65180182 2.10212283E-2 1.8090125E-8
3.69408774 2.12646425E-2 1.78110611E-8
3.73686314 2.15108767E-2 1.75362249E-8
3.78013396 2.17599608E-2 1.72655561E-8
3.82390594 2.20119283E-2 1.69989907E-8
3.86818457 2.22668145E-2 1.67364682E-8
3.91297603 2.2524653E-2 1.64779301E-8
3.95828629 2.27854755E-2 1.62233142E-8
4.00412083 2.30493192E-2 1.59725619E-8
4.05048656 2.33162176E-2 1.57256199E-8
4.09738922 2.35862061E-2 1.5482426E-8
4.14483452 2.38593221E-2 1.52429269E-8
4.19282961 2.41355989E-2 1.5007064E-8
4.24138021 2.44150776E-2 1.47747841E-8
4.29049301 2.46977899E-2 1.4546031E-8
4.34017467 2.49837767E-2 1.43207517E-8
4.3904314 2.52730753E-2 1.40988927E-8
4.44127035 2.55657248E-2 1.38804026E-8
4.49269772 2.58617606E-2 1.36652298E-8
4.54472065 2.61612255E-2 1.34533247E-8
4.59734583 2.64641587E-2 1.32446365E-8
4.65058088 2.67705992E-2 1.30391165E-8
4.70443201 2.7080588E-2 1.28367166E-8
4.75890684 2.73941662E-2 1.26373898E-8
4.81401253 2.77113765E-2 1.24410899E-8
4.86975574 2.80322582E-2 1.22477699E-8
4.92614508 2.83568576E-2 1.20573853E-8
4.9831872 2.8685214E-2 1.18698917E-8
5.04088974 2.90173739E-2 1.16852448E-8
5.09926033 2.93533783E-2 1.15034018E-8
5.15830708 2.96932738E-2 1.13243201E-8
5.21803761 3.00371069E-2 1.11479581E-8
5.27845955 3.03849205E-2 1.09742748E-8
5.33958101 3.07367612E-2 1.08032294E-8
5.40141058 3.10926754E-2 1.06347828E-8
5.46395588 3.14527117E-2 1.04688951E-8
5.52722549 3.18169184E-2 1.03055289E-8
5.59122801 3.21853384E-2 1.01446442E-8
5.65597105 3.25580277E-2 9.98620564E-9
5.72146416 3.29350308E-2 9.83017578E-9
5.78771591 3.33164036E-2 9.67651737E-9
5.85473442 3.37021872E-2 9.52519663E-9
5.92252922 3.40924412E-2 9.37617628E-9
5.99110842 3.44872139E-2 9.22942256E-9
6.0604825 3.48865576E-2 9.08490172E-9
6.13065958 3.52905244E-2 8.94258001E-9
6.20164919 3.56991664E-2 8.80242368E-9
6.27346087 3.61125432E-2 8.66440164E-9
6.34610415 3.6530707E-2 8.52848014E-9
6.41958857 3.69537137E-2 8.3946281E-9
6.49392414 3.73816192E-2 8.26281443E-9
6.56911993 3.78144756E-2 8.13300982E-9
6.6451869 3.82523462E-2 8.00518318E-9
6.72213459 3.86952907E-2 7.87930521E-9
6.79997301 3.91433612E-2 7.75534836E-9
6.87871313 3.95966172E-2 7.63328245E-9
6.95836496 4.0055126E-2 7.51307994E-9
7.038939 4.05189432E-2 7.39471329E-9
7.12044621 4.09881286E-2 7.27815541E-9
7.20289707 4.14627492E-2 7.16337878E-9
7.28630257 4.19428647E-2 7.05035763E-9
7.37067366 4.24285419E-2 6.93906532E-9
7.45602226 4.29198407E-2 6.82947654E-9
7.54235888 4.34168279E-2 6.72156553E-9
7.62969542 4.39195707E-2 6.61530741E-9
7.71804285 4.44281362E-2 6.51067733E-9
7.80741358 4.49425913E-2 6.40765174E-9
7.89781952 4.54629995E-2 6.30620622E-9
7.98927164 4.59894389E-2 6.20631679E-9
8.08178329 4.65219691E-2 6.10796125E-9
8.17536545 4.70606685E-2 6.01111561E-9
8.27003193 4.76056039E-2 5.91575855E-9
8.36579418 4.81568538E-2 5.82186699E-9
8.46266556 4.87144813E-2 5.72942005E-9
8.56065941 4.92785685E-2 5.63839597E-9
8.65978718 4.98491898E-2 5.54877388E-9
8.76006222 5.04264161E-2 5.46053247E-9
8.86149883 5.10103256E-2 5.3736513E-9
8.96411037 5.16009964E-2 5.28811084E-9
9.06791019 5.21985069E-2 5.20389021E-9
9.17291164 5.2802939E-2 5.12097031E-9
9.27912903 5.34143671E-2 5.03933206E-9
9.3865757 5.40328771E-2 4.95895547E-9
9.49526691 5.4658547E-2 4.87982232E-9
9.60521698 5.52914664E-2 4.80191398E-9
9.7164402 5.59317097E-2 4.72521222E-9
9.82895184 5.65793701E-2 4.64969929E-9
9.94276524 5.72345257E-2 4.57535654E-9
10.0578976 5.78972697E-2 4.50216708E-9
10.1743622 5.85676916E-2 4.43011361E-9
10.2921762 5.92458732E-2 4.35917924E-9
10.4113531 5.99319078E-2 4.28934666E-9
10.5319109 6.06258847E-2 4.22059987E-9
10.6538649 6.13279007E-2 4.15292201E-9
10.7772312 6.20380454E-2 4.08629752E-9
10.9020252 6.27564117E-2 4.02071043E-9
11.028265 6.34830967E-2 3.95614475E-9
11.1559668 6.42181933E-2 3.89258537E-9
11.2851467 6.49618059E-2 3.83001719E-9
11.415822 6.57140315E-2 3.76842468E-9
11.5480108 6.64749593E-2 3.70779407E-9
11.6817312 6.72447085E-2 3.64811026E-9
11.8169985 6.80233613E-2 3.58935881E-9
11.9538336 6.88110366E-2 3.53152596E-9
12.0922518 6.96078315E-2 3.4745975E-9
12.2322741 7.04138502E-2 3.4185601E-9
12.3739166 7.12292045E-2 3.36339978E-9
12.5172005 7.20539987E-2 3.30910388E-9
12.6621428 7.28883445E-2 3.25565863E-9
12.8087635 7.37323537E-2 3.2030516E-9
12.9570818 7.45861307E-2 3.15126991E-9
13.1071177 7.5449802E-2 3.1003009E-9
13.2588911 7.63234645E-2 3.05013215E-9
13.4124212 7.72072524E-2 3.0007512E-9
13.5677299 7.81012699E-2 2.95214608E-9
13.7248373 7.90056437E-2 2.9043048E-9
13.8837633 7.99204856E-2 2.85721558E-9
14.0445299 8.08459148E-2 2.81086687E-9
14.2071571 8.17820728E-2 2.76524714E-9
14.3716688 8.27290639E-2 2.7203455E-9
14.538085 8.36870149E-2 2.67615086E-9
14.7064276 8.46560672E-2 2.6326521E-9
14.8767204 8.56363401E-2 2.58983857E-9
15.0489845 8.66279602E-2 2.54769983E-9
15.2232437 8.76310691E-2 2.50622523E-9
15.3995209 8.8645786E-2 2.46540499E-9
15.5778389 8.96722525E-2 2.42522868E-9
15.7582216 9.07106102E-2 2.38568632E-9
15.9406929 9.1760993E-2 2.34676856E-9
16.1252766 9.28235352E-2 2.3084652E-9
16.3120003 9.38983783E-2 2.27076735E-9
16.5008831 9.49856713E-2 2.23366503E-9
16.6919556 9.60855559E-2 2.19714913E-9
16.8852386 9.71981734E-2 2.16121077E-9
17.080761 9.8323673E-2 2.12584017E-9
17.2785454 9.94622111E-2 2.09102913E-9
17.4786224 0.100613929 2.05676853E-9
17.681015 0.101778984 2.02304973E-9
17.8857517 0.102957524 1.9898645E-9
18.0928593 0.104149714 1.9572044E-9
18.3023643 0.105355717 1.925061E-9
18.5142956 0.106575675 1.8934263E-9
18.7286816 0.107809767 1.86229265E-9
18.945549 0.109058142 1.83165194E-9
19.1649284 0.110320978 1.80149651E-9
19.3868484 0.111598432 1.7718188E-9
19.6113358 0.112890683 1.74261128E-9
19.8384247 0.114197895 1.71386683E-9
20.0681438 0.115520246 1.68557801E-9
20.3005219 0.116857901 1.65773784E-9
20.5355911 0.118211053 1.6303392E-9
20.7733822 0.119579874 1.60337521E-9
21.0139256 0.120964542 1.57683899E-9
21.2572556 0.122365251 1.55072355E-9
21.5034027 0.123782173 1.52502244E-9
21.7524014 0.125215501 1.4997289E-9
22.004282 0.126665428 1.47483659E-9
22.259079 0.12813215 1.45033907E-9
22.5168266 0.129615843 1.42623025E-9
22.7775593 0.131116733 1.40250389E-9
23.0413113 0.132634982 1.37915401E-9
23.3081169 0.13417083 1.35617451E-9
23.5780125 0.135724455 1.33355971E-9
23.8510323 0.137296066 1.31130384E-9
24.1272144 0.138885885 1.28940125E-9
24.4065952 0.140494108 1.26784638E-9
24.6892109 0.142120942 1.2466338E-9
24.9750977 0.143766627 1.22575805E-9
25.2642956 0.14543137 1.20521382E-9
25.5568428 0.14711538 1.1849961E-9
25.8527775 0.148818895 1.16509968E-9
26.1521378 0.15054214 1.14551935E-9
26.4549656 0.152285337 1.12625009E-9
26.7612991 0.154048726 1.10728704E-9
27.0711803 0.155832514 1.08862519E-9
27.3846493 0.15763697 1.07025977E-9
27.7017498 0.159462333 1.05218612E-9
28.0225201 0.16130881 1.03439957E-9
28.3470058 0.163176686 1.01689557E-9
28.6752491 0.165066183 9.99669569E-10
29.0072918 0.166977555 9.82717241E-10
29.3431816 0.16891107 9.66034253E-10
29.6829586 0.170866966 9.49616386E-10
30.0266724 0.172845513 9.3345931E-10
30.3743649 0.174846962 9.1755914E-10
30.7260818 0.176871598 9.01911712E-10
31.0818748 0.178919673 8.86513141E-10
31.4417858 0.180991471 8.71359374E-10
31.8058643 0.183087245 8.56446747E-10
32.17416 0.185207292 8.41771375E-10
32.5467186 0.187351897 8.27329594E-10
32.9235916 0.189521328 8.13117629E-10
33.3048286 0.191715881 7.99131872E-10
33.6904793 0.193935856 7.85368659E-10
34.0805969 0.196181521 7.71824382E-10
34.4752312 0.198453188 7.58495655E-10
34.8744354 0.200751171 7.45379036E-10
35.2782631 0.203075767 7.32471084E-10
35.6867676 0.205427274 7.19768523E-10
36.0999985 0.207806006 7.07268133E-10
36.5180168 0.21021229 6.94966751E-10
36.940876 0.212646425 6.82861212E-10
37.3686333 0.215108752 6.70948408E-10
37.8013382 0.217599601 6.59225341E-10
38.2390594 0.220119283 6.47689014E-10
38.6818466 0.222668141 6.36336595E-10
39.1297607 0.225246519 6.25165142E-10
39.5828629 0.227854759 6.1417188E-10
40.0412102 0.230493188 6.03354033E-10
40.5048637 0.23316218 5.92708882E-10
40.9738884 0.235862061 5.82233706E-10
41.4483452 0.238593221 5.7192584E-10
41.9282951 0.241356 5.61782565E-10
42.4137993 0.244150773 5.51801327E-10
42.9049301 0.246977895 5.41979517E-10
43.4017448 0.249837771 5.32314581E-10
43.9043121 0.252730757 5.22804022E-10
44.4127007 0.255657226 5.13445453E-10
44.9269753 0.25861761 5.0423643E-10
45.4472084 0.261612266 4.95174679E-10
45.9734612 0.264641583 4.86257867E-10
46.5058098 0.267706007 4.77483664E-10
47.0443192 0.270805895 4.68849959E-10
47.5890694 0.273941666 4.60354505E-10
48.1401215 0.277113765 4.51995219E-10
48.6975594 0.280322582 4.43769937E-10
49.2614517 0.283568561 4.35676634E-10
49.831871 0.286852151 4.27713281E-10
50.4088974 0.290173739 4.19877882E-10
50.9926033 0.293533772 4.12168494E-10
51.5830727 0.296932757 4.045832E-10
52.1803741 0.300371081 3.97120004E-10
52.7845955 0.30384919 3.89776988E-10
53.395813 0.307367593 3.8255224E-10
54.0141068 0.310926765 3.75443898E-10
54.6395607 0.314527124 3.68450104E-10
55.2722549 0.318169177 3.61569108E-10
55.9122772 0.321853399 3.54799107E-10
56.5597115 0.325580269 3.48138435E-10
57.2146416 0.329350322 3.41585343E-10
57.8771591 0.333164036 3.35138167E-10
58.5473442 0.337021887 3.28795352E-10
59.2252884 0.340924412 3.22555233E-10
59.911087 0.344872117 3.16416282E-10
60.6048241 0.348865569 3.10376946E-10
61.3065948 0.352905244 3.04435727E-10
62.0164909 0.356991678 2.98591152E-10
62.7346077 0.361125439 2.92841779E-10
63.4610405 0.365307093 2.87186136E-10
64.1958847 0.369537145 2.81622892E-10
64.9392395 0.373816192 2.76150602E-10
65.6912003 0.378144771 2.70767908E-10
66.4518661 0.382523477 2.65473338E-10
67.221344 0.386952877 2.60265559E-10
67.999733 0.391433597 2.55143212E-10
68.7871323 0.395966172 2.50104965E-10
69.5836487 0.40055126 2.45149512E-10
70.389389 0.405189425 2.40275633E-10
71.2044601 0.409881294 2.35482023E-10
72.0289688 0.414627492 2.30767502E-10
72.8630219 0.419428647 2.26130878E-10
73.7067413 0.424285412 2.21570984E-10
74.5602188 0.429198414 2.17086668E-10
75.4235916 0.434168279 2.12676807E-10
76.2969513 0.439195722 2.08340317E-10
77.1804276 0.444281369 2.04076117E-10
78.0741348 0.449425906 1.99883138E-10
78.9781952 0.454630017 1.95760352E-10
79.8927155 0.459894359 1.91706734E-10
80.8178329 0.465219706 1.87721297E-10
81.7536621 0.470606685 1.83803056E-10
82.7003174 0.476056069 1.79950971E-10
83.6579437 0.481568515 1.76164028E-10
84.6266556 0.487144828 1.72441214E-10
85.6065903 0.492785692 1.68781586E-10
86.5978699 0.498491883 1.65184158E-10
87.6006241 0.504264176 1.61648001E-10
88.6149902 0.510103285 1.58172211E-10
89.6411057 0.516009986 1.54755889E-10
90.6791 0.521985114 1.51398172E-10
91.7291107 0.528029382 1.48098186E-10
92.7912827 0.534143686 1.44855114E-10
93.8657608 0.540328801 1.41668122E-10
94.9526749 0.5465855 1.38536405E-10
96.0521698 0.552914619 1.35459172E-10
97.1644058 0.559317112 1.3243566E-10
98.2895126 0.565793693 1.29465119E-10
99.4276581 0.572345257 1.26546787E-10
100.578972 0.578972697 1.23679941E-10
101.743622 0.585676908 1.20863874E-10
102.921761 0.592458725 1.18097879E-10
104.113533 0.599319041 1.15381191E-10
105.319115 0.606258869 1.12713075E-10
106.538651 0.613278985 1.1009281E-10
107.772308 0.620380461 1.07519681E-10
109.020256 0.627564132 1.04993E-10
110.282654 0.634830952 1.02512075E-10
111.559662 0.642181933 1.0007626E-10
112.851463 0.649618089 9.76848949E-11
114.158218 0.657140315 9.53373491E-11
115.48011 0.664749622 9.3032998E-11
116.817307 0.672447026 9.07712377E-11
118.169991 0.680233598 8.85514786E-11
119.53833 0.688110352 8.63731239E-11
120.922523 0.6960783 8.42356115E-11
122.322739 0.704138517 8.21383656E-11
123.739166 0.712292075 8.00808447E-11
125.172005 0.720539987 7.80625078E-11
126.621422 0.728883445 7.60828206E-11
128.087631 0.737323523 7.41412487E-11
129.570816 0.745861351 7.22372787E-11
131.071182 0.754498005 7.03703623E-11
132.588913 0.763234675 6.85399446E-11
134.124222 0.772072494 6.67454772E-11
135.677307 0.781012714 6.49864398E-11
137.248367 0.790056407 6.3262319E-11
138.837631 0.799204826 6.15726012E-11
140.445297 0.808459163 5.99167937E-11
142.071579 0.817820668 5.82944179E-11
143.71669 0.827290595 5.67049914E-11
145.380844 0.836870193 5.51480528E-11
147.064285 0.846560657 5.36231441E-11
148.767197 0.856363416 5.21298178E-11
150.489838 0.866279602 5.06676263E-11
152.232437 0.876310647 4.92361429E-11
153.995209 0.88645786 4.78349339E-11
155.778381 0.896722555 4.6463583E-11
157.582214 0.907106102 4.51216703E-11
159.406937 0.91760993 4.38087865E-11
161.252777 0.928235352 4.25245256E-11
163.119995 0.938983798 4.12684921E-11
165.008835 0.949856699 4.00402489E-11
166.91954 0.960855544 3.88393727E-11
168.852386 0.971981704 3.76654367E-11
170.807602 0.98323673 3.65180351E-11
172.785461 0.994622052 3.5396755E-11
174.786224 1.00613928 3.43012077E-11
176.81015 1.01778984 3.32309943E-11
178.857513 1.02957523 3.21857367E-11
180.928589 1.04149723 3.11650566E-11
183.023636 1.05355716 3.0168576E-11
185.14296 1.0657568 2.91959304E-11
187.286804 1.07809758 2.82467608E-11
189.45549 1.09058142 2.73207047E-11
191.649277 1.10320973 2.64174082E-11
193.868469 1.11598432 2.55365243E-11
196.113373 1.12890685 2.46777026E-11
198.384247 1.14197898 2.38406031E-11
200.681427 1.15520239 2.30248823E-11
203.005219 1.1685791 2.22302055E-11
205.355911 1.18211055 2.14562344E-11
207.73381 1.19579875 2.07026132E-11
210.139252 1.20964539 1.99689865E-11
212.572556 1.22365248 1.92550056E-11
215.034027 1.2378217 1.85603252E-11
217.524002 1.25215507 1.78846035E-11
220.042816 1.26665425 1.72275093E-11
222.59079 1.28132141 1.65887078E-11
225.168274 1.29615843 1.59678746E-11
227.775604 1.31116724 1.5364687E-11
230.413116 1.32634985 1.4778824E-11
233.081177 1.3417083 1.42099691E-11
235.780121 1.35724449 1.36578093E-11
238.51033 1.37296069 1.31220347E-11
241.272156 1.3888588 1.26023358E-11
244.065948 1.40494108 1.20984073E-11
246.892105 1.42120945 1.16099465E-11
249.750977 1.4376663 1.11366506E-11
252.64296 1.45431376 1.06782213E-11
255.56842 1.47115386 1.02343602E-11
258.527771 1.48818898 9.80477071E-12
261.521393 1.5054214 9.38914658E-12
264.549652 1.52285337 8.98718166E-12
267.613007 1.54048717 8.59857411E-12
270.711792 1.55832517 8.22302556E-12
273.846497 1.57636976 7.8602411E-12
277.017487 1.59462321 7.50993191E-12
280.22522 1.61308813 7.17180915E-12
283.470062 1.6317668 6.84559007E-12
286.752502 1.65066183 6.53099319E-12
290.072937 1.66977549 6.22774141E-12
293.431824 1.68911064 5.93555977E-12
296.82959 1.70866966 5.65417591E-12
300.266724 1.72845507 5.38332096E-12
303.743652 1.74846959 5.12272863E-12
307.260834 1.76871598 4.87213481E-12
310.818726 1.78919673 4.63127887E-12
314.417847 1.80991471 4.39990232E-12
318.058624 1.83087254 4.17774886E-12
321.741577 1.85207295 3.96456652E-12
325.467163 1.87351894 3.76010291E-12
329.235901 1.89521325 3.56410604E-12
333.048279 1.91715884 3.37632439E-12
336.904785 1.93935847 3.19651098E-12
340.805969 1.96181524 3.02442359E-12
344.752319 1.984532 2.85982349E-12
348.744354 2.00751185 2.70247648E-12
352.782623 2.03075767 2.55215185E-12
356.867676 2.05427265 2.408623E-12
361 2.07806015 2.27166745E-12
365.180176 2.10212278 2.1410664E-12
369.408752 2.12646437 2.01660477E-12
373.68631 2.15108752 1.89807154E-12
378.013397 2.17599607 1.78525966E-12
382.390594 2.20119286 1.67796538E-12
386.818451 2.22668147 1.57598945E-12
391.297607 2.25246525 1.47913615E-12
395.828613 2.27854753 1.38721359E-12
400.412109 2.30493188 1.30003419E-12
405.048645 2.33162165 1.21741397E-12
409.738892 2.35862064 1.13917274E-12
414.483459 2.38593221 1.06513279E-12
419.282928 2.41355991 9.95120002E-13
424.138 2.44150758 9.28965021E-13
429.049286 2.46977901 8.66503375E-13
434.017456 2.4983778 8.07574873E-13
439.043152 2.52730751 7.5202404E-13
444.127014 2.55657244 6.99699738E-13
449.269775 2.58617616 6.5045533E-13
454.472076 2.61612272 6.04148513E-13
459.734619 2.64641595 5.60641377E-13
465.058075 2.67705989 5.1980024E-13
470.443207 2.70805883 4.81495648E-13
475.890686 2.7394166 4.45602512E-13
481.401245 2.77113771 4.11999672E-13
486.975586 2.80322599 3.8057025E-13
492.614502 2.83568573 3.51201408E-13
498.318726 2.86852145 3.23784294E-13
504.088959 2.90173721 2.9821409E-13
509.926056 2.93533778 2.74389886E-13
515.830688 2.96932745 2.52214536E-13
521.803772 3.00371075 2.31594393E-13
527.845947 3.03849196 2.12439441E-13
533.95813 3.07367611 1.94663648E-13
540.141052 3.10926747 1.78184737E-13
546.39563 3.1452713 1.62924145E-13
552.722595 3.18169165 1.48806884E-13
559.122803 3.21853399 1.35761506E-13
565.597107 3.25580287 1.23719923E-13
572.146423 3.29350328 1.1261736E-13
578.771606 3.33164024 1.0239227E-13
585.47345 3.37021875 9.2986186E-14
592.25293 3.40924406 8.43436784E-14
599.11084 3.44872117 7.64122178E-14
606.048218 3.48865557 6.91421001E-14
613.065979 3.52905226 6.24863659E-14
620.164917 3.56991673 5.64006612E-14
627.346069 3.61125445 5.08431865E-14
634.610413 3.65307093 4.57745719E-14
641.958862 3.69537139 4.11577985E-14
649.392395 3.7381618 3.69580905E-14
656.911987 3.78144765 3.31427492E-14
664.518677 3.82523489 2.96811526E-14
672.21344 3.86952901 2.65446997E-14
679.997314 3.91433597 2.37067107E-14
687.871338 3.95966172 2.11423303E-14
695.836487 4.00551271 1.8828426E-14
703.89386 4.05189419 1.67435086E-14
712.044617 4.09881306 1.48676305E-14
720.289673 4.14627504 1.31823094E-14
728.630249 4.19428635 1.16704428E-14
737.067383 4.24285412 1.0316226E-14
745.602234 4.29198408 9.10507733E-15
754.235901 4.34168291 8.02356364E-15
762.969543 4.39195728 7.05932971E-15
771.804321 4.4428134 6.20102868E-15
780.741394 4.49425888 5.43825688E-15
789.781921 4.54629993 4.7614911E-15
798.927185 4.59894371 4.16202979E-15
808.178345 4.65219688 3.63193371E-15
817.53656 4.70606709 3.16397193E-15
827.003235 4.76056051 2.75156429E-15
836.579468 4.81568527 2.38874006E-15
846.266602 4.87144852 2.07009495E-15
856.065918 4.92785692 1.79074433E-15
865.978699 4.98491907 1.54628247E-15
876.006226 5.04264164 1.33274133E-15
886.149902 5.10103273 1.14655407E-15
896.411011 5.16009951 9.84520477E-16
906.791016 5.21985102 8.43774517E-16
917.291138 5.28029394 7.21754286E-16
927.912842 5.34143686 6.16174276E-16
938.657593 5.40328789 5.24999491E-16
949.526733 5.46585464 4.46421568E-16
960.521729 5.52914667 3.78836968E-16
971.644043 5.59317112 3.2082654E-16
982.895142 5.65793705 2.71137046E-16
994.27655 5.72345257 2.28664114E-16
