READ SERR 1
@_compps_qdp_tmp.pco
!
1.00578973E-2 5.78972722E-5 1.04173399E-8
1.0174362E-2 5.85676898E-5 1.06532561E-8
1.02921762E-2 5.92458709E-5 1.08944356E-8
1.04113538E-2 5.99319064E-5 1.11409912E-8
1.05319116E-2 6.06258873E-5 1.13930421E-8
1.06538655E-2 6.13278971E-5 1.16507053E-8
1.07772313E-2 6.20380451E-5 1.19141044E-8
1.09020257E-2 6.27564077E-5 1.21833637E-8
1.10282646E-2 6.3483094E-5 1.24586093E-8
1.11559667E-2 6.42181985E-5 1.27399709E-8
1.12851467E-2 6.49618087E-5 1.30275808E-8
1.14158224E-2 6.57140263E-5 1.33215741E-8
1.15480116E-2 6.64749605E-5 1.36220901E-8
1.16817309E-2 6.72447059E-5 1.39292675E-8
1.18169989E-2 6.80233643E-5 1.42432501E-8
1.19538335E-2 6.88110376E-5 1.45641863E-8
1.20922523E-2 6.96078278E-5 1.48922235E-8
1.22322738E-2 7.04138511E-5 1.52275152E-8
1.23739168E-2 7.12292021E-5 1.55702189E-8
1.25171999E-2 7.20539974E-5 1.59204916E-8
1.26621425E-2 7.2888346E-5 1.62784968E-8
1.28087634E-2 7.37323498E-5 1.66443979E-8
1.29570812E-2 7.45861325E-5 1.70183672E-8
1.31071173E-2 7.54498033E-5 1.74005752E-8
1.32588912E-2 7.63234711E-5 1.77911978E-8
1.34124216E-2 7.72072526E-5 1.81904145E-8
1.35677299E-2 7.81012714E-5 1.85984064E-8
1.37248375E-2 7.90056365E-5 1.90153617E-8
1.3883763E-2 7.9920479E-5 1.94414707E-8
1.40445298E-2 8.08459154E-5 1.9876925E-8
1.42071573E-2 8.17820692E-5 2.03219255E-8
1.43716689E-2 8.27290642E-5 2.07766728E-8
1.45380851E-2 8.36870167E-5 2.12413731E-8
1.47064282E-2 8.46560652E-5 2.17162359E-8
1.48767205E-2 8.56363404E-5 2.22014744E-8
1.50489844E-2 8.66279588E-5 2.26973107E-8
1.52232433E-2 8.7631066E-5 2.3203965E-8
1.53995203E-2 8.86457856E-5 2.37216629E-8
1.55778388E-2 8.96722559E-5 2.42506406E-8
1.5758222E-2 9.0710615E-5 2.47911309E-8
1.59406923E-2 9.17609941E-5 2.53433772E-8
1.61252767E-2 9.28235313E-5 2.59076245E-8
1.63119994E-2 9.38983794E-5 2.64841216E-8
1.65008828E-2 9.49856694E-5 2.7073126E-8
1.66919548E-2 9.60855541E-5 2.7674897E-8
1.68852378E-2 9.71981717E-5 2.82896977E-8
1.70807596E-2 9.8323675E-5 2.89177979E-8
1.72785465E-2 9.94622096E-5 2.95594731E-8
1.74786225E-2 1.00613928E-4 3.02150056E-8
1.76810157E-2 1.01778984E-4 3.08846779E-8
1.7885752E-2 1.02957529E-4 3.15687814E-8
1.80928595E-2 1.04149716E-4 3.22676144E-8
1.83023643E-2 1.05355713E-4 3.29814753E-8
1.8514296E-2 1.06575673E-4 3.37106769E-8
1.87286809E-2 1.07809763E-4 3.44555318E-8
1.89455487E-2 1.09058143E-4 3.52163596E-8
1.91649273E-2 1.1032098E-4 3.59934837E-8
1.93868484E-2 1.11598434E-4 3.67872381E-8
1.96113363E-2 1.12890681E-4 3.75979603E-8
1.98384244E-2 1.14197894E-4 3.84259984E-8
2.00681426E-2 1.15520241E-4 3.9271697E-8
2.03005224E-2 1.16857904E-4 4.0135415E-8
2.05355901E-2 1.18211057E-4 4.10175218E-8
2.0773381E-2 1.19579876E-4 4.19183834E-8
2.10139267E-2 1.20964542E-4 4.28383728E-8
2.12572552E-2 1.22365251E-4 4.37778773E-8
2.15034038E-2 1.23782171E-4 4.47372805E-8
2.17524003E-2 1.25215505E-4 4.57169875E-8
2.20042821E-2 1.26665429E-4 4.67173926E-8
2.22590789E-2 1.28132146E-4 4.77389115E-8
2.2516828E-2 1.29615844E-4 4.87819634E-8
2.27775592E-2 1.31116729E-4 4.9846971E-8
2.30413117E-2 1.32634988E-4 5.09343678E-8
2.33081169E-2 1.34170827E-4 5.2044598E-8
2.35780124E-2 1.35724447E-4 5.31781055E-8
2.38510333E-2 1.37296069E-4 5.43353451E-8
2.41272151E-2 1.3888588E-4 5.55167894E-8
2.44065952E-2 1.40494099E-4 5.67229037E-8
2.46892106E-2 1.42120945E-4 5.79541677E-8
2.49750968E-2 1.43766636E-4 5.92110752E-8
2.52642948E-2 1.45431375E-4 6.04941235E-8
2.55568419E-2 1.47115381E-4 6.18038172E-8
2.58527771E-2 1.48818901E-4 6.31406607E-8
2.61521377E-2 1.50542139E-4 6.45051941E-8
2.64549647E-2 1.52285342E-4 6.58979289E-8
2.6761299E-2 1.54048714E-4 6.73194052E-8
2.70711798E-2 1.55832517E-4 6.87701771E-8
2.738465E-2 1.57636983E-4 7.02507847E-8
2.77017485E-2 1.59462332E-4 7.17618036E-8
2.80225202E-2 1.6130881E-4 7.33038021E-8
2.83470061E-2 1.63176679E-4 7.4877363E-8
2.86752488E-2 1.65066172E-4 7.64830688E-8
2.90072933E-2 1.66977552E-4 7.81215306E-8
2.93431804E-2 1.68911065E-4 7.97933453E-8
2.96829585E-2 1.70866959E-4 8.14991452E-8
3.00266724E-2 1.7284551E-4 8.32395557E-8
3.03743649E-2 1.74846966E-4 8.50152091E-8
3.07260826E-2 1.76871603E-4 8.6826752E-8
3.10818739E-2 1.78919669E-4 8.86748523E-8
3.14417854E-2 1.80991468E-4 9.0560178E-8
3.18058655E-2 1.8308725E-4 9.24833969E-8
3.21741588E-2 1.85207304E-4 9.44451983E-8
3.25467177E-2 1.87351892E-4 9.64462927E-8
3.29235904E-2 1.89521335E-4 9.84873694E-8
3.33048292E-2 1.91715881E-4 1.00569153E-7
3.36904787E-2 1.93935848E-4 1.02692347E-7
3.40805985E-2 1.96181514E-4 1.04857698E-7
3.44752334E-2 1.98453199E-4 1.07065944E-7
3.48744355E-2 2.00751179E-4 1.09317831E-7
3.52782644E-2 2.03075761E-4 1.11614121E-7
3.56867649E-2 2.05427277E-4 1.13955586E-7
3.61000001E-2 2.07806006E-4 1.1634301E-7
3.65180187E-2 2.10212282E-4 1.1877718E-7
3.69408764E-2 2.12646424E-4 1.21258907E-7
3.73686329E-2 2.15108754E-4 1.23788993E-7
3.78013402E-2 2.17599605E-4 1.26368249E-7
3.82390581E-2 2.20119284E-4 1.28997542E-7
3.86818461E-2 2.22668154E-4 1.3167768E-7
3.91297601E-2 2.2524652E-4 1.34409532E-7
3.95828635E-2 2.27854762E-4 1.3719395E-7
4.0041212E-2 2.30493184E-4 1.4003183E-7
4.05048653E-2 2.3316218E-4 1.42924037E-7
4.09738906E-2 2.3586207E-4 1.45871468E-7
4.14483435E-2 2.38593217E-4 1.48875017E-7
4.1928295E-2 2.41356E-4 1.51935581E-7
4.2413801E-2 2.44150782E-4 1.55054067E-7
4.29049283E-2 2.46977899E-4 1.58231387E-7
4.34017442E-2 2.49837758E-4 1.61468478E-7
4.39043157E-2 2.52730766E-4 1.64766263E-7
4.44127023E-2 2.55657244E-4 1.6812568E-7
4.49269786E-2 2.58617598E-4 1.71547683E-7
4.5447208E-2 2.61612266E-4 1.75033236E-7
4.59734611E-2 2.64641596E-4 1.78583292E-7
4.65058088E-2 2.67705997E-4 1.82198846E-7
4.70443182E-2 2.70805875E-4 1.85880864E-7
4.75890674E-2 2.73941667E-4 1.89630342E-7
4.81401235E-2 2.77113752E-4 1.93448273E-7
4.8697561E-2 2.80322594E-4 1.97335666E-7
4.92614508E-2 2.83568574E-4 2.01293531E-7
4.98318709E-2 2.86852155E-4 2.05322891E-7
5.04088961E-2 2.90173746E-4 2.09424769E-7
5.09926043E-2 2.93533783E-4 2.13600188E-7
5.15830703E-2 2.96932732E-4 2.178502E-7
5.21803759E-2 3.00371059E-4 2.22175814E-7
5.27845956E-2 3.038492E-4 2.26578052E-7
5.33958115E-2 3.0736762E-4 2.31057925E-7
5.40141053E-2 3.10926756E-4 2.35616483E-7
5.46395592E-2 3.14527104E-4 2.40254707E-7
5.52722551E-2 3.18169157E-4 2.44973677E-7
5.59122786E-2 3.21853382E-4 2.49774359E-7
5.65597117E-2 3.25580273E-4 2.54657834E-7
5.72146438E-2 3.29350325E-4 2.59625097E-7
5.78771569E-2 3.33164033E-4 2.64677197E-7
5.85473441E-2 3.37021891E-4 2.6981516E-7
5.9225291E-2 3.40924395E-4 2.75040009E-7
5.99110872E-2 3.44872125E-4 2.80352793E-7
6.06048256E-2 3.48865549E-4 2.85754481E-7
6.13065958E-2 3.52905219E-4 2.91246153E-7
6.20164908E-2 3.56991688E-4 2.96828773E-7
6.27346113E-2 3.61125451E-4 3.02503423E-7
6.34610429E-2 3.65307089E-4 3.08271041E-7
6.41958863E-2 3.69537156E-4 3.14132677E-7
6.49392381E-2 3.73816176E-4 3.20089327E-7
6.56912029E-2 3.78144759E-4 3.26141901E-7
6.64518699E-2 3.82523489E-4 3.32291364E-7
6.72213435E-2 3.86952888E-4 3.38538598E-7
6.7999728E-2 3.91433598E-4 3.44884484E-7
6.87871277E-2 3.9596617E-4 3.5132993E-7
6.9583647E-2 4.00551246E-4 3.57875791E-7
7.038939E-2 4.05189407E-4 3.64522947E-7
7.12044612E-2 4.09881293E-4 3.71272165E-7
7.20289722E-2 4.14627488E-4 3.78124298E-7
7.28630275E-2 4.19428659E-4 3.85080142E-7
7.37067387E-2 4.24285419E-4 3.92140464E-7
7.4560225E-2 4.29198408E-4 3.99306032E-7
7.54235908E-2 4.34168294E-4 4.06577556E-7
7.62969553E-2 4.39195719E-4 4.13955746E-7
7.71804303E-2 4.44281352E-4 4.21441285E-7
7.80741349E-2 4.4942589E-4 4.29034856E-7
7.89781958E-2 4.54630004E-4 4.36737054E-7
7.98927173E-2 4.59894363E-4 4.44548533E-7
8.08178335E-2 4.65219695E-4 4.52469806E-7
8.17536563E-2 4.70606697E-4 4.6050144E-7
8.27003196E-2 4.7605607E-4 4.68643861E-7
8.36579427E-2 4.81568539E-4 4.76897412E-7
8.46266598E-2 4.87144833E-4 4.85262433E-7
8.56065899E-2 4.92785708E-4 4.93739094E-7
8.65978673E-2 4.98491863E-4 5.02327737E-7
8.76006261E-2 5.04264142E-4 5.11028475E-7
8.86149928E-2 5.10103244E-4 5.19841421E-7
8.96411017E-2 5.16009983E-4 5.28766691E-7
9.06791016E-2 5.21985115E-4 5.37804226E-7
9.1729112E-2 5.28029399E-4 5.46954084E-7
9.27912891E-2 5.34143706E-4 5.5621615E-7
9.38657597E-2 5.40328794E-4 5.65590256E-7
9.49526727E-2 5.46585477E-4 5.75076172E-7
9.60521698E-2 5.52914629E-4 5.84673728E-7
9.71644074E-2 5.59317123E-4 5.94382527E-7
9.82895121E-2 5.65793656E-4 6.04202171E-7
9.94276553E-2 5.72345278E-4 6.14132261E-7
0.100578971 5.78972686E-4 6.2417223E-7
0.101743624 5.85676928E-4 6.34321509E-7
0.102921762 5.92458702E-4 6.44579416E-7
0.104113534 5.99319057E-4 6.5494504E-7
0.105319113 6.06258865E-4 6.6541736E-7
0.106538653 6.13279E-4 6.75995295E-7
0.107772313 6.20380451E-4 6.86677481E-7
0.109020256 6.27564092E-4 6.97462724E-7
0.110282652 6.34830969E-4 7.08349546E-7
0.111559667 6.42181956E-4 7.19336413E-7
0.112851463 6.49618043E-4 7.30421846E-7
0.114158221 6.57140277E-4 7.41603969E-7
0.11548011 6.6474959E-4 7.52881022E-7
0.11681731 6.7244703E-4 7.64251183E-7
0.118169986 6.80233643E-4 7.75712294E-7
0.11953833 6.88110362E-4 7.87262309E-7
0.120922521 6.96078292E-4 7.98899009E-7
0.122322738 7.04138482E-4 8.10619952E-7
0.123739168 7.12292036E-4 8.22422749E-7
0.125172004 7.20540003E-4 8.34304842E-7
0.126621425 7.2888349E-4 8.46263504E-7
0.128087625 7.37323542E-4 8.58295948E-7
0.129570812 7.45861325E-4 8.70399219E-7
0.13107118 7.54498004E-4 8.82569964E-7
0.132588908 7.63234682E-4 8.94804714E-7
0.134124219 7.72072526E-4 9.07099604E-7
0.135677308 7.81012699E-4 9.19450827E-7
0.137248367 7.90056423E-4 9.31854402E-7
0.138837636 7.99204805E-4 9.44306123E-7
0.140445292 8.08459183E-4 9.56801728E-7
0.142071575 8.17820721E-4 9.69336838E-7
0.143716693 8.27290583E-4 9.81906737E-7
0.145380855 8.36870167E-4 9.94506763E-7
0.147064283 8.46560695E-4 1.00713203E-6
0.148767203 8.56363389E-4 1.01977764E-6
0.150489852 8.66279588E-4 1.03243826E-6
0.152232438 8.76310689E-4 1.04510866E-6
0.153995201 8.86457856E-4 1.05778349E-6
0.155778378 8.96722544E-4 1.07045707E-6
0.157582209 9.07106092E-4 1.08312372E-6
0.15940693 9.17609897E-4 1.09577763E-6
0.161252782 9.28235357E-4 1.10841279E-6
0.163119987 9.38983809E-4 1.12102293E-6
0.165008828 9.49856709E-4 1.13360147E-6
0.166919544 9.60855512E-4 1.14614124E-6
0.168852389 9.71981732E-4 1.15863509E-6
0.1708076 9.83236707E-4 1.1710755E-6
0.172785461 9.94622125E-4 1.18345497E-6
0.174786225 1.00613921E-3 1.19576589E-6
0.176810145 1.01778982E-3 1.2080003E-6
0.17885752 1.02957524E-3 1.22015047E-6
0.180928588 1.04149722E-3 1.23220821E-6
0.183023646 1.05355715E-3 1.24416533E-6
0.185142964 1.06575678E-3 1.25601366E-6
0.187286809 1.07809762E-3 1.26774455E-6
0.189455494 1.09058141E-3 1.2793497E-6
0.191649288 1.1032098E-3 1.29082036E-6
0.193868473 1.11598428E-3 1.30214801E-6
0.196113363 1.12890685E-3 1.31332376E-6
0.198384255 1.14197889E-3 1.32433877E-6
0.200681433 1.15520239E-3 1.33518427E-6
0.20300521 1.1685791E-3 1.34585116E-6
0.205355912 1.18211051E-3 1.35633047E-6
0.20773381 1.19579874E-3 1.36661242E-6
0.21013926 1.20964542E-3 1.3766869E-6
0.21257256 1.22365251E-3 1.38654377E-6
0.215034038 1.23782177E-3 1.39617282E-6
0.217524007 1.25215505E-3 1.40556403E-6
0.22004281 1.26665423E-3 1.41470707E-6
0.222590789 1.2813214E-3 1.42359193E-6
0.225168273 1.29615841E-3 1.43220836E-6
0.227775604 1.31116726E-3 1.44054627E-6
0.230413109 1.32634991E-3 1.44859575E-6
0.233081177 1.34170824E-3 1.45634681E-6
0.23578012 1.35724456E-3 1.46378954E-6
0.238510326 1.37296063E-3 1.4709143E-6
0.241272151 1.38885877E-3 1.47771129E-6
0.244065955 1.40494108E-3 1.48417109E-6
0.246892095 1.42120942E-3 1.49028449E-6
0.249750972 1.43766636E-3 1.49604216E-6
0.252642959 1.45431375E-3 1.50143535E-6
0.255568415 1.47115381E-3 1.50645508E-6
0.258527756 1.48818898E-3 1.51109282E-6
0.261521369 1.50542147E-3 1.51533936E-6
0.264549643 1.52285339E-3 1.51918528E-6
0.267612994 1.54048717E-3 1.52262169E-6
0.270711809 1.55832525E-3 1.52563973E-6
0.273846507 1.57636974E-3 1.528231E-6
0.277017504 1.59462332E-3 1.53038741E-6
0.280225217 1.61308818E-3 1.53210112E-6
0.283470064 1.63176679E-3 1.53336498E-6
0.286752492 1.65066181E-3 1.53417193E-6
0.290072918 1.66977558E-3 1.53451538E-6
0.293431818 1.68911065E-3 1.53438918E-6
0.296829581 1.70866959E-3 1.53378778E-6
0.300266713 1.72845507E-3 1.53270616E-6
0.303743631 1.74846966E-3 1.53113933E-6
0.307260841 1.76871591E-3 1.52908342E-6
0.310818732 1.78919674E-3 1.52653456E-6
0.314417839 1.8099146E-3 1.52348991E-6
0.31805864 1.8308725E-3 1.51994686E-6
0.321741581 1.85207301E-3 1.51590336E-6
0.325467169 1.87351892E-3 1.51135816E-6
0.329235911 1.89521327E-3 1.50630956E-6
0.333048284 1.91715884E-3 1.50075607E-6
0.336904794 1.93935854E-3 1.49469724E-6
0.340805978 1.96181517E-3 1.48813285E-6
0.344752312 1.98453199E-3 1.4810638E-6
0.348744363 2.00751168E-3 1.47349135E-6
0.352782637 2.03075772E-3 1.46541754E-6
0.356867671 2.05427269E-3 1.45684533E-6
0.361000001 2.07806006E-3 1.447778E-6
0.365180165 2.10212287E-3 1.43822001E-6
0.369408756 2.12646439E-3 1.42817623E-6
0.373686314 2.15108762E-3 1.41765236E-6
0.378013402 2.17599608E-3 1.40665486E-6
0.382390589 2.20119278E-3 1.39519091E-6
0.386818469 2.22668145E-3 1.38326823E-6
0.391297609 2.25246535E-3 1.37089546E-6
0.395828635 2.2785475E-3 1.35808205E-6
0.400412112 2.30493187E-3 1.34483764E-6
0.405048668 2.33162171E-3 1.33117317E-6
0.409738898 2.35862075E-3 1.31709976E-6
0.414483458 2.38593225E-3 1.30262879E-6
0.419282943 2.41355994E-3 1.28777219E-6
0.42413801 2.44150776E-3 1.27254225E-6
0.429049283 2.46977899E-3 1.25695237E-6
0.43401745 2.49837781E-3 1.24101609E-6
0.439043134 2.52730749E-3 1.22474808E-6
0.444127023 2.55657244E-3 1.20816321E-6
0.449269772 2.58617615E-3 1.19127708E-6
0.454472065 2.6161226E-3 1.17410559E-6
0.459734619 2.64641596E-3 1.15666558E-6
0.465058088 2.67705997E-3 1.13897374E-6
0.470443189 2.7080588E-3 1.12104783E-6
0.475890666 2.73941667E-3 1.10290534E-6
0.481401235 2.77113752E-3 1.0845647E-6
0.48697558 2.803226E-3 1.06604409E-6
0.492614508 2.83568562E-3 1.0473625E-6
0.498318702 2.86852149E-3 1.02853858E-6
0.504088998 2.90173735E-3 1.00959164E-6
0.509926021 2.93533783E-3 9.90540684E-7
0.515830696 2.96932738E-3 9.71405143E-7
0.521803737 3.00371065E-3 9.52203948E-7
0.527845979 3.03849205E-3 9.32956141E-7
0.533958137 3.07367602E-3 9.13680822E-7
0.540141046 3.10926745E-3 8.94396976E-7
0.5463956 3.14527121E-3 8.75123476E-7
0.552722573 3.18169175E-3 8.5587925E-7
0.559122801 3.21853394E-3 8.3668283E-7
0.565597117 3.25580291E-3 8.17552632E-7
0.572146416 3.29350331E-3 7.98506846E-7
0.578771591 3.33164027E-3 7.79563322E-7
0.585473418 3.37021868E-3 7.60739454E-7
0.59225291 3.40924412E-3 7.42052407E-7
0.599110842 3.44872125E-3 7.23518724E-7
0.606048226 3.48865567E-3 7.05154548E-7
0.613065958 3.52905225E-3 6.86975454E-7
0.620164931 3.56991682E-3 6.68996563E-7
0.627346098 3.61125451E-3 6.51232313E-7
0.634610415 3.65307089E-3 6.33696459E-7
0.641958833 3.69537133E-3 6.16402133E-7
0.649392366 3.73816187E-3 5.9936184E-7
0.656912029 3.78144765E-3 5.82587063E-7
0.664518654 3.82523471E-3 5.66088602E-7
0.672213435 3.86952888E-3 5.49876518E-7
0.679997325 3.91433574E-3 5.33960304E-7
0.687871337 3.95966182E-3 5.18348656E-7
0.695836484 4.00551269E-3 5.03049534E-7
0.7038939 4.05189442E-3 4.88070214E-7
0.712044597 4.09881305E-3 4.73417202E-7
0.720289707 4.14627511E-3 4.59096242E-7
0.728630245 4.19428665E-3 4.45112306E-7
0.737067401 4.24285419E-3 4.31469658E-7
0.74560225 4.29198379E-3 4.18171766E-7
0.754235864 4.34168288E-3 4.05221328E-7
0.762969553 4.39195707E-3 3.92620365E-7
0.771804333 4.44281381E-3 3.80370096E-7
0.780741394 4.49425913E-3 3.68471063E-7
0.789781928 4.54630004E-3 3.56923067E-7
0.798927188 4.59894352E-3 3.45725283E-7
0.808178306 4.65219701E-3 3.34876148E-7
0.817536592 4.70606703E-3 3.24373474E-7
0.827003181 4.76056058E-3 3.1421402E-7
0.836579442 4.8156851E-3 3.0439395E-7
0.846266568 4.8714485E-3 2.94908915E-7
0.856065869 4.92785685E-3 2.85754112E-7
0.865978658 4.98491898E-3 2.76924311E-7
0.876006246 5.04264142E-3 2.68413885E-7
0.886149883 5.10103256E-3 2.60216837E-7
0.896411061 5.16009983E-3 2.52326828E-7
0.906790972 5.21985069E-3 2.44737208E-7
0.917291105 5.28029399E-3 2.37441029E-7
0.927912891 5.34143671E-3 2.30431084E-7
0.938657582 5.40328771E-3 2.23699928E-7
0.949526727 5.46585489E-3 2.17239943E-7
0.960521758 5.52914664E-3 2.11043343E-7
0.971644044 5.59317088E-3 2.05102182E-7
0.982895136 5.65793691E-3 1.99408419E-7
0.994276524 5.72345266E-3 1.93953952E-7
1.00578976 5.78972697E-3 1.88730624E-7
1.01743627 5.85676916E-3 1.83730222E-7
1.0292176 5.92458714E-3 1.78944546E-7
1.04113531 5.99319069E-3 1.74365084E-7
1.05319118 6.06258865E-3 1.69983295E-7
1.06538653 6.13278989E-3 1.6579078E-7
1.07772315 6.20380417E-3 1.61779241E-7
1.09020257 6.27564127E-3 1.57940576E-7
1.10282648 6.34830957E-3 1.54266871E-7
1.11559665 6.42181933E-3 1.50750338E-7
1.12851465 6.49618078E-3 1.4738346E-7
1.14158225 6.57140277E-3 1.44158861E-7
1.15480113 6.64749602E-3 1.41069435E-7
1.16817307 6.72447076E-3 1.38108291E-7
1.18169987 6.80233631E-3 1.35268735E-7
1.19538331 6.88110339E-3 1.32544372E-7
1.20922518 6.96078315E-3 1.29928992E-7
1.22322738 7.04138493E-3 1.27416669E-7
1.23739171 7.12292036E-3 1.25001719E-7
1.25172007 7.20540015E-3 1.22678699E-7
1.26621425 7.28883455E-3 1.20442408E-7
1.28087628 7.37323519E-3 1.18287915E-7
1.29570818 7.45861325E-3 1.16210494E-7
1.31071174 7.54497992E-3 1.14205577E-7
1.32588911 7.63234682E-3 1.12268786E-7
1.34124219 7.72072515E-3 1.10395995E-7
1.35677302 7.81012699E-3 1.08583322E-7
1.37248373 7.900564E-3 1.06827116E-7
1.38837636 7.99204782E-3 1.05123938E-7
1.40445292 8.08459148E-3 1.03470576E-7
1.42071581 8.17820709E-3 1.01864018E-7
1.43716681 8.27290583E-3 1.00301449E-7
1.45380843 8.36870167E-3 9.8780248E-8
1.47064281 8.46560672E-3 9.72979706E-8
1.48767197 8.56363401E-3 9.58523287E-8
1.50489843 8.66279658E-3 9.44412193E-8
1.52232432 8.76310654E-3 9.3062674E-8
1.53995204 8.86457879E-3 9.1714881E-8
1.55778384 8.96722544E-3 9.03961492E-8
1.57582211 9.07106139E-3 8.91049368E-8
1.59406924 9.17609874E-3 8.7839787E-8
1.61252773 9.28235333E-3 8.65993925E-8
1.63119996 9.3898382E-3 8.53825171E-8
1.65008831 9.49856732E-3 8.4188045E-8
1.66919541 9.60855559E-3 8.30149389E-8
1.68852389 9.71981697E-3 8.18622468E-8
1.708076 9.8323673E-3 8.07290874E-8
1.72785461 9.94622055E-3 7.9614658E-8
1.74786222 1.00613926E-2 7.85182195E-8
1.76810145 1.01778982E-2 7.74390756E-8
1.78857517 1.02957524E-2 7.63766153E-8
1.80928588 1.0414972E-2 7.53302487E-8
1.83023643 1.05355717E-2 7.42994359E-8
1.85142958 1.06575675E-2 7.32836938E-8
1.87286806 1.07809762E-2 7.22825604E-8
1.89455485 1.09058144E-2 7.12956094E-8
1.91649282 1.1032098E-2 7.03224572E-8
1.9386847 1.11598428E-2 6.93627271E-8
1.96113372 1.12890685E-2 6.84160852E-8
1.98384249 1.14197899E-2 6.74822047E-8
2.00681424 1.15520246E-2 6.65608013E-8
2.03005219 1.16857905E-2 6.56515837E-8
2.05355906 1.18211051E-2 6.47542961E-8
2.07733822 1.19579872E-2 6.3868697E-8
2.10139251 1.20964544E-2 6.29945802E-8
2.12572551 1.22365244E-2 6.21317255E-8
2.15034032 1.23782167E-2 6.12799482E-8
2.17524004 1.25215501E-2 6.04390493E-8
2.20042825 1.2666543E-2 5.96088654E-8
2.22590804 1.28132142E-2 5.87892046E-8
2.25168276 1.29615841E-2 5.79799178E-8
2.27775598 1.31116724E-2 5.71808378E-8
2.30413127 1.32634984E-2 5.63918121E-8
2.33081174 1.34170828E-2 5.56126878E-8
2.3578012 1.35724451E-2 5.48433228E-8
2.38510323 1.37296068E-2 5.40835785E-8
2.4127214 1.38885882E-2 5.33333129E-8
2.44065952 1.40494099E-2 5.2592398E-8
2.46892095 1.42120952E-2 5.18606988E-8
2.49750972 1.43766627E-2 5.11380875E-8
2.52642965 1.45431366E-2 5.04244433E-8
2.55568433 1.47115383E-2 4.97196453E-8
2.58527756 1.48818903E-2 4.90235763E-8
2.61521387 1.50542147E-2 4.83361227E-8
2.64549661 1.52285341E-2 4.76571884E-8
2.67612982 1.54048717E-2 4.69866777E-8
2.70711803 1.55832525E-2 4.63244838E-8
2.73846507 1.57636981E-2 4.56705109E-8
2.77017498 1.59462318E-2 4.50246702E-8
2.80225205 1.61308814E-2 4.43868622E-8
2.83470058 1.63176674E-2 4.37569909E-8
2.86752486 1.65066179E-2 4.31349747E-8
2.90072918 1.66977551E-2 4.25207105E-8
2.93431807 1.6891107E-2 4.19141166E-8
2.96829581 1.70866959E-2 4.13151042E-8
3.00266719 1.72845516E-2 4.07235845E-8
3.03743649 1.74846966E-2 4.01394722E-8
3.07260823 1.76871605E-2 3.9562682E-8
3.10818744 1.78919677E-2 3.89931287E-8
3.14417863 1.8099146E-2 3.84307342E-8
3.18058634 1.83087252E-2 3.78754095E-8
3.21741581 1.85207296E-2 3.73270801E-8
3.25467181 1.8735189E-2 3.67856607E-8
3.29235911 1.89521331E-2 3.62510839E-8
3.33048272 1.91715881E-2 3.57232786E-8
3.36904788 1.93935856E-2 3.52021701E-8
3.4080596 1.96181517E-2 3.4687698E-8
3.44752312 1.98453199E-2 3.41797843E-8
3.48744369 2.00751182E-2 3.36783685E-8
3.52782631 2.03075763E-2 3.31833796E-8
3.56867671 2.05427278E-2 3.269475E-8
3.6099999 2.07806006E-2 3.22124123E-8
3.65180182 2.10212283E-2 3.17363025E-8
3.69408774 2.12646425E-2 3.12663531E-8
3.73686314 2.15108767E-2 3.08025001E-8
3.78013396 2.17599608E-2 3.03446761E-8
3.82390594 2.20119283E-2 2.98928207E-8
3.86818457 2.22668145E-2 2.94468663E-8
3.91297603 2.2524653E-2 2.90067508E-8
3.95828629 2.27854755E-2 2.85724102E-8
4.00412083 2.30493192E-2 2.81437824E-8
4.05048656 2.33162176E-2 2.7720807E-8
4.09738922 2.35862061E-2 2.730342E-8
4.14483452 2.38593221E-2 2.68915663E-8
4.19282961 2.41355989E-2 2.64851892E-8
4.24138021 2.44150776E-2 2.60842299E-8
4.29049301 2.46977899E-2 2.5688637E-8
4.34017467 2.49837767E-2 2.52983501E-8
4.3904314 2.52730753E-2 2.49133159E-8
4.44127035 2.55657248E-2 2.45334792E-8
4.49269772 2.58617606E-2 2.41587852E-8
4.54472065 2.61612255E-2 2.37891804E-8
4.59734583 2.64641587E-2 2.34246063E-8
4.65058088 2.67705992E-2 2.3065013E-8
4.70443201 2.7080588E-2 2.27103438E-8
4.75890684 2.73941662E-2 2.23605454E-8
4.81401253 2.77113765E-2 2.20155663E-8
4.86975574 2.80322582E-2 2.16753513E-8
4.92614508 2.83568576E-2 2.13398472E-8
4.9831872 2.8685214E-2 2.10090043E-8
5.04088974 2.90173739E-2 2.06827675E-8
5.09926033 2.93533783E-2 2.0361087E-8
5.15830708 2.96932738E-2 2.00439079E-8
5.21803761 3.00371069E-2 1.97311856E-8
5.27845955 3.03849205E-2 1.94228669E-8
5.33958101 3.07367612E-2 1.91189038E-8
5.40141058 3.10926754E-2 1.88192466E-8
5.46395588 3.14527117E-2 1.85238491E-8
5.52722549 3.18169184E-2 1.82326616E-8
5.59122801 3.21853384E-2 1.79456361E-8
5.65597105 3.25580277E-2 1.76627246E-8
5.72146416 3.29350308E-2 1.7383881E-8
5.78771591 3.33164036E-2 1.71090555E-8
5.85473442 3.37021872E-2 1.68382019E-8
5.92252922 3.40924412E-2 1.65712759E-8
5.99110842 3.44872139E-2 1.63082277E-8
6.0604825 3.48865576E-2 1.60490128E-8
6.13065958 3.52905244E-2 1.57935851E-8
6.20164919 3.56991664E-2 1.55419002E-8
6.27346087 3.61125432E-2 1.52939101E-8
6.34610415 3.6530707E-2 1.50495723E-8
6.41958857 3.69537137E-2 1.48088395E-8
6.49392414 3.73816192E-2 1.45716701E-8
6.56911993 3.78144756E-2 1.43380188E-8
6.6451869 3.82523462E-2 1.4107842E-8
6.72213459 3.86952907E-2 1.38810972E-8
6.79997301 3.91433612E-2 1.36577416E-8
6.87871313 3.95966172E-2 1.34377309E-8
6.95836496 4.0055126E-2 1.32210243E-8
7.038939 4.05189432E-2 1.30075799E-8
7.12044621 4.09881286E-2 1.27973561E-8
7.20289707 4.14627492E-2 1.2590311E-8
7.28630257 4.19428647E-2 1.23864039E-8
7.37067366 4.24285419E-2 1.21855939E-8
7.45602226 4.29198407E-2 1.19878409E-8
7.54235888 4.34168279E-2 1.1793106E-8
7.62969542 4.39195707E-2 1.16013483E-8
7.71804285 4.44281362E-2 1.14125296E-8
7.80741358 4.49425913E-2 1.12266099E-8
7.89781952 4.54629995E-2 1.1043551E-8
7.98927164 4.59894389E-2 1.08633156E-8
8.08178329 4.65219691E-2 1.06858646E-8
8.17536545 4.70606685E-2 1.05111617E-8
8.27003193 4.76056039E-2 1.03391677E-8
8.36579418 4.81568538E-2 1.01698472E-8
8.46266556 4.87144813E-2 1.00031619E-8
8.56065941 4.92785685E-2 9.83907533E-9
8.65978718 4.98491898E-2 9.67755209E-9
8.76006222 5.04264161E-2 9.51855572E-9
8.86149883 5.10103256E-2 9.36205069E-9
8.96411037 5.16009964E-2 9.20800236E-9
9.06791019 5.21985069E-2 9.05637609E-9
9.17291164 5.2802939E-2 8.90713725E-9
9.27912903 5.34143671E-2 8.76025297E-9
9.3865757 5.40328771E-2 8.61568861E-9
9.49526691 5.4658547E-2 8.47341131E-9
9.60521698 5.52914664E-2 8.33338909E-9
9.7164402 5.59317097E-2 8.19558821E-9
9.82895184 5.65793701E-2 8.05997846E-9
9.94276524 5.72345257E-2 7.92652699E-9
10.0578976 5.78972697E-2 7.79520271E-9
10.1743622 5.85676916E-2 7.66597452E-9
10.2921762 5.92458732E-2 7.53881313E-9
10.4113531 5.99319078E-2 7.41368655E-9
10.5319109 6.06258847E-2 7.2905646E-9
10.6538649 6.13279007E-2 7.16941706E-9
10.7772312 6.20380454E-2 7.05021419E-9
10.9020252 6.27564117E-2 6.93292712E-9
11.028265 6.34830967E-2 6.8175261E-9
11.1559668 6.42181933E-2 6.70398315E-9
11.2851467 6.49618059E-2 6.59227029E-9
11.415822 6.57140315E-2 6.48235909E-9
11.5480108 6.64749593E-2 6.37422248E-9
11.6817312 6.72447085E-2 6.26783381E-9
11.8169985 6.80233613E-2 6.16316598E-9
11.9538336 6.88110366E-2 6.06019279E-9
12.0922518 6.96078315E-2 5.95888805E-9
12.2322741 7.04138502E-2 5.85922688E-9
12.3739166 7.12292045E-2 5.76118353E-9
12.5172005 7.20539987E-2 5.66473357E-9
12.6621428 7.28883445E-2 5.56985214E-9
12.8087635 7.37323537E-2 5.47651569E-9
12.9570818 7.45861307E-2 5.38469935E-9
13.1071177 7.5449802E-2 5.2943796E-9
13.2588911 7.63234645E-2 5.20553289E-9
13.4124212 7.72072524E-2 5.11813569E-9
13.5677299 7.81012699E-2 5.03216446E-9
13.7248373 7.90056437E-2 4.94759744E-9
13.8837633 7.99204856E-2 4.8644111E-9
14.0445299 8.08459148E-2 4.78258411E-9
14.2071571 8.17820728E-2 4.70209516E-9
14.3716688 8.27290639E-2 4.62292205E-9
14.538085 8.36870149E-2 4.54504434E-9
14.7064276 8.46560672E-2 4.46844117E-9
14.8767204 8.56363401E-2 4.39309211E-9
15.0489845 8.66279602E-2 4.31897762E-9
15.2232437 8.76310691E-2 4.24607771E-9
15.3995209 8.8645786E-2 4.17437285E-9
15.5778389 8.96722525E-2 4.10384393E-9
15.7582216 9.07106102E-2 4.03447231E-9
15.9406929 9.1760993E-2 3.96623934E-9
16.1252766 9.28235352E-2 3.89912724E-9
16.3120003 9.38983783E-2 3.83311738E-9
16.5008831 9.49856713E-2 3.76819242E-9
16.6919556 9.60855559E-2 3.70433395E-9
16.8852386 9.71981734E-2 3.64152464E-9
17.080761 9.8323673E-2 3.57974739E-9
17.2785454 9.94622111E-2 3.51898533E-9
17.4786224 0.100613929 3.45922158E-9
17.681015 0.101778984 3.40043993E-9
17.8857517 0.102957524 3.34262418E-9
18.0928593 0.104149714 3.28575878E-9
18.3023643 0.105355717 3.22982774E-9
18.5142956 0.106575675 3.17481619E-9
18.7286816 0.107809767 3.12070902E-9
18.945549 0.109058142 3.06749137E-9
19.1649284 0.110320978 3.01514858E-9
19.3868484 0.111598432 2.96366665E-9
19.6113358 0.112890683 2.91303159E-9
19.8384247 0.114197895 2.86322921E-9
20.0681438 0.115520246 2.81424617E-9
20.3005219 0.116857901 2.76606937E-9
20.5355911 0.118211053 2.71868528E-9
20.7733822 0.119579874 2.67208078E-9
21.0139256 0.120964542 2.62624322E-9
21.2572556 0.122365251 2.58115951E-9
21.5034027 0.123782173 2.53681742E-9
21.7524014 0.125215501 2.49320431E-9
22.004282 0.126665428 2.45030862E-9
22.259079 0.12813215 2.40811793E-9
22.5168266 0.129615843 2.3666209E-9
22.7775593 0.131116733 2.32580599E-9
23.0413113 0.132634982 2.2856621E-9
23.3081169 0.13417083 2.24617813E-9
23.5780125 0.135724455 2.20734298E-9
23.8510323 0.137296066 2.16914642E-9
24.1272144 0.138885885 2.13157758E-9
24.4065952 0.140494108 2.09462625E-9
24.6892109 0.142120942 2.05828266E-9
24.9750977 0.143766627 2.02253636E-9
25.2642956 0.14543137 1.98737804E-9
25.5568428 0.14711538 1.9527977E-9
25.8527775 0.148818895 1.91878624E-9
26.1521378 0.15054214 1.88533411E-9
26.4549656 0.152285337 1.8524321E-9
26.7612991 0.154048726 1.82007087E-9
27.0711803 0.155832514 1.78824155E-9
27.3846493 0.15763697 1.75693549E-9
27.7017498 0.159462333 1.72614378E-9
28.0225201 0.16130881 1.69585823E-9
28.3470058 0.163176686 1.66607028E-9
28.6752491 0.165066183 1.63677194E-9
29.0072918 0.166977555 1.60795499E-9
29.3431816 0.16891107 1.57961166E-9
29.6829586 0.170866966 1.55173419E-9
30.0266724 0.172845513 1.5243149E-9
30.3743649 0.174846962 1.49734647E-9
30.7260818 0.176871598 1.47082146E-9
31.0818748 0.178919673 1.44473278E-9
31.4417858 0.180991471 1.41907308E-9
31.8058643 0.183087245 1.39383571E-9
32.17416 0.185207292 1.36901368E-9
32.5467186 0.187351897 1.34460032E-9
32.9235916 0.189521328 1.32058886E-9
33.3048286 0.191715881 1.29697275E-9
33.6904793 0.193935856 1.27374544E-9
34.0805969 0.196181521 1.25090049E-9
34.4752312 0.198453188 1.22843169E-9
34.8744354 0.200751171 1.20633292E-9
35.2782631 0.203075767 1.18459809E-9
35.6867676 0.205427274 1.1632213E-9
36.0999985 0.207806006 1.14219667E-9
36.5180168 0.21021229 1.12151854E-9
36.940876 0.212646425 1.10118126E-9
37.3686333 0.215108752 1.08117948E-9
37.8013382 0.217599601 1.06150755E-9
38.2390594 0.220119283 1.04216036E-9
38.6818466 0.222668141 1.02313258E-9
39.1297607 0.225246519 1.0044191E-9
39.5828629 0.227854759 9.86015047E-10
40.0412102 0.230493188 9.67915303E-10
40.5048637 0.23316218 9.50114987E-10
40.9738884 0.235862061 9.32609434E-10
41.4483452 0.238593221 9.15393872E-10
41.9282951 0.241356 8.98463526E-10
42.4137993 0.244150773 8.81813678E-10
42.9049301 0.246977895 8.65439831E-10
43.4017448 0.249837771 8.49337545E-10
43.9043121 0.252730757 8.33502378E-10
44.4127007 0.255657226 8.17930002E-10
44.9269753 0.25861761 8.02616251E-10
45.4472084 0.261612266 7.87556964E-10
45.9734612 0.264641583 7.72748032E-10
46.5058098 0.267706007 7.58185514E-10
47.0443192 0.270805895 7.43865414E-10
47.5890694 0.273941666 7.29784011E-10
48.1401215 0.277113765 7.1593742E-10
48.6975594 0.280322582 7.02321923E-10
49.2614517 0.283568561 6.88933965E-10
49.831871 0.286852151 6.75769884E-10
50.4088974 0.290173739 6.62826183E-10
50.9926033 0.293533772 6.50099474E-10
51.5830727 0.296932757 6.37586262E-10
52.1803741 0.300371081 6.25283159E-10
52.7845955 0.30384919 6.13186724E-10
53.395813 0.307367593 6.01293737E-10
54.0141068 0.310926765 5.89600757E-10
54.6395607 0.314527124 5.78104675E-10
55.2722549 0.318169177 5.66802383E-10
55.9122772 0.321853399 5.55690716E-10
56.5597115 0.325580269 5.44766676E-10
57.2146416 0.329350322 5.34027267E-10
57.8771591 0.333164036 5.23469657E-10
58.5473442 0.337021887 5.13090903E-10
59.2252884 0.340924412 5.02888231E-10
59.911087 0.344872117 4.9285892E-10
60.6048241 0.348865569 4.83000251E-10
61.3065948 0.352905244 4.73309558E-10
62.0164909 0.356991678 4.63784289E-10
62.7346077 0.361125439 4.54421833E-10
63.4610405 0.365307093 4.45219722E-10
64.1958847 0.369537145 4.36175457E-10
64.9392395 0.373816192 4.27286623E-10
65.6912003 0.378144771 4.1855075E-10
66.4518661 0.382523477 4.09965339E-10
67.221344 0.386952877 4.01528061E-10
67.999733 0.391433597 3.93236471E-10
68.7871323 0.395966172 3.85088322E-10
69.5836487 0.40055126 3.77081283E-10
70.389389 0.405189425 3.69213188E-10
71.2044601 0.409881294 3.61481844E-10
72.0289688 0.414627492 3.53885116E-10
72.8630219 0.419428647 3.4642092E-10
73.7067413 0.424285412 3.39087203E-10
74.5602188 0.429198414 3.31881939E-10
75.4235916 0.434168279 3.24803157E-10
76.2969513 0.439195722 3.17848942E-10
77.1804276 0.444281369 3.11017379E-10
78.0741348 0.449425906 3.0430658E-10
78.9781952 0.454630017 2.97714742E-10
79.8927155 0.459894359 2.91240088E-10
80.8178329 0.465219706 2.84880786E-10
81.7536621 0.470606685 2.78635143E-10
82.7003174 0.476056069 2.72501355E-10
83.6579437 0.481568515 2.6647759E-10
84.6266556 0.487144828 2.60562155E-10
85.6065903 0.492785692 2.5475333E-10
86.5978699 0.498491883 2.4904942E-10
87.6006241 0.504264176 2.43448761E-10
88.6149902 0.510103285 2.37949799E-10
89.6411057 0.516009986 2.32550923E-10
90.6791 0.521985114 2.27250607E-10
91.7291107 0.528029382 2.22047325E-10
92.7912827 0.534143686 2.16939619E-10
93.8657608 0.540328801 2.11926005E-10
94.9526749 0.5465855 2.0700508E-10
96.0521698 0.552914619 2.02175429E-10
97.1644058 0.559317112 1.97435693E-10
98.2895126 0.565793693 1.92784511E-10
99.4276581 0.572345257 1.88220564E-10
100.578972 0.578972697 1.83742563E-10
101.743622 0.585676908 1.79349216E-10
102.921761 0.592458725 1.75039261E-10
104.113533 0.599319041 1.70811379E-10
105.319115 0.606258869 1.66664266E-10
106.538651 0.613278985 1.62596644E-10
107.772308 0.620380461 1.58607252E-10
109.020256 0.627564132 1.54694868E-10
110.282654 0.634830952 1.50858284E-10
111.559662 0.642181933 1.47096335E-10
112.851463 0.649618089 1.43407855E-10
114.158218 0.657140315 1.3979172E-10
115.48011 0.664749622 1.36246847E-10
116.817307 0.672447026 1.32772113E-10
118.169991 0.680233598 1.29366476E-10
119.53833 0.688110352 1.26028896E-10
120.922523 0.6960783 1.22758331E-10
122.322739 0.704138517 1.19553784E-10
123.739166 0.712292075 1.16414253E-10
125.172005 0.720539987 1.13338769E-10
126.621422 0.728883445 1.1032638E-10
128.087631 0.737323523 1.07376129E-10
129.570816 0.745861351 1.04487093E-10
131.071182 0.754498005 1.01658293E-10
132.588913 0.763234675 9.88887514E-11
134.124222 0.772072494 9.61775035E-11
135.677307 0.781012714 9.35236194E-11
137.248367 0.790056407 9.09261902E-11
138.837631 0.799204826 8.83843068E-11
140.445297 0.808459163 8.58971019E-11
142.071579 0.817820668 8.34637012E-11
143.71669 0.827290595 8.10832651E-11
145.380844 0.836870193 7.87549539E-11
147.064285 0.846560657 7.64779698E-11
148.767197 0.856363416 7.42514869E-11
150.489838 0.866279602 7.20747351E-11
152.232437 0.876310647 6.99469302E-11
153.995209 0.88645786 6.78673021E-11
155.778381 0.896722555 6.58351013E-11
157.582214 0.907106102 6.38495923E-11
159.406937 0.91760993 6.19100257E-11
161.252777 0.928235352 6.00156938E-11
163.119995 0.938983798 5.8165868E-11
165.008835 0.949856699 5.63598022E-11
166.91954 0.960855544 5.45967438E-11
168.852386 0.971981704 5.28759571E-11
170.807602 0.98323673 5.11967205E-11
172.785461 0.994622052 4.95583227E-11
174.786224 1.00613928 4.79600665E-11
176.81015 1.01778984 4.64012717E-11
178.857513 1.02957523 4.48812654E-11
180.928589 1.04149723 4.33993848E-11
183.023636 1.05355716 4.19549777E-11
185.14296 1.0657568 4.05474022E-11
187.286804 1.07809758 3.9176027E-11
189.45549 1.09058142 3.7840224E-11
191.649277 1.10320973 3.65393792E-11
193.868469 1.11598432 3.52728818E-11
196.113373 1.12890685 3.40401353E-11
198.384247 1.14197898 3.28405358E-11
200.681427 1.15520239 3.16735006E-11
203.005219 1.1685791 3.05384468E-11
205.355911 1.18211055 2.94347914E-11
207.73381 1.19579875 2.83619361E-11
210.139252 1.20964539 2.73192788E-11
212.572556 1.22365248 2.63062298E-11
215.034027 1.2378217 2.53222096E-11
217.524002 1.25215507 2.43666459E-11
220.042816 1.26665425 2.34389747E-11
222.59079 1.28132141 2.25386446E-11
225.168274 1.29615843 2.16651072E-11
227.775604 1.31116724 2.08178232E-11
230.413116 1.32634985 1.99962616E-11
233.081177 1.3417083 1.91998951E-11
235.780121 1.35724449 1.84282051E-11
238.51033 1.37296069 1.76806798E-11
241.272156 1.3888588 1.6956811E-11
244.065948 1.40494108 1.62560937E-11
246.892105 1.42120945 1.55780354E-11
249.750977 1.4376663 1.49221399E-11
252.64296 1.45431376 1.42879233E-11
255.56842 1.47115386 1.36749024E-11
258.527771 1.48818898 1.30825984E-11
261.521393 1.5054214 1.25105204E-11
264.549652 1.52285337 1.19581836E-11
267.613007 1.54048717 1.14251074E-11
270.711792 1.55832517 1.09108209E-11
273.846497 1.57636976 1.04148599E-11
277.017487 1.59462321 9.93676755E-12
280.22522 1.61308813 9.47609265E-12
283.470062 1.6317668 9.03239115E-12
286.752502 1.65066183 8.60522591E-12
290.072937 1.66977549 8.19416496E-12
293.431824 1.68911064 7.79878332E-12
296.82959 1.70866966 7.41866117E-12
300.266724 1.72845507 7.05338348E-12
303.743652 1.74846959 6.70254303E-12
307.260834 1.76871598 6.3657365E-12
310.818726 1.78919673 6.04256619E-12
314.417847 1.80991471 5.73264136E-12
318.058624 1.83087254 5.4355743E-12
321.741577 1.85207295 5.15098511E-12
325.467163 1.87351894 4.87849648E-12
329.235901 1.89521325 4.61773241E-12
333.048279 1.91715884 4.36831951E-12
336.904785 1.93935847 4.12989261E-12
340.805969 1.96181524 3.90209436E-12
344.752319 1.984532 3.68457391E-12
348.744354 2.00751185 3.47698801E-12
352.782623 2.03075767 3.27899947E-12
356.867676 2.05427265 3.09027847E-12
361 2.07806015 2.9105017E-12
365.180176 2.10212278 2.73935302E-12
369.408752 2.12646437 2.57652211E-12
373.68631 2.15108752 2.42170585E-12
378.013397 2.17599607 2.27460694E-12
382.390594 2.20119286 2.13493546E-12
386.818451 2.22668147 2.00240692E-12
391.297607 2.25246525 1.87674399E-12
395.828613 2.27854753 1.75767549E-12
400.412109 2.30493188 1.6449369E-12
405.048645 2.33162165 1.53826973E-12
409.738892 2.35862064 1.4374219E-12
414.483459 2.38593221 1.34214536E-12
419.282928 2.41355991 1.25219843E-12
424.138 2.44150758 1.16734638E-12
429.049286 2.46977901 1.08736186E-12
434.017456 2.4983778 1.01202423E-12
439.043152 2.52730751 9.41119795E-13
444.127014 2.55657244 8.74441741E-13
449.269775 2.58617616 8.11789655E-13
454.472076 2.61612272 7.52969844E-13
459.734619 2.64641595 6.97794849E-13
465.058075 2.67705989 6.46083772E-13
470.443207 2.70805883 5.9766184E-13
475.890686 2.7394166 5.52360404E-13
481.401245 2.77113771 5.10016996E-13
486.975586 2.80322599 4.70475004E-13
492.614502 2.83568573 4.33583779E-13
498.318726 2.86852145 3.99198361E-13
504.088959 2.90173721 3.6717954E-13
509.926056 2.93533778 3.37393714E-13
515.830688 2.96932745 3.09712542E-13
521.803772 3.00371075 2.84012695E-13
527.845947 3.03849196 2.60175968E-13
533.95813 3.07367611 2.38089632E-13
540.141052 3.10926747 2.17646159E-13
546.39563 3.1452713 1.98743162E-13
552.722595 3.18169165 1.8128313E-13
559.122803 3.21853399 1.65173349E-13
565.597107 3.25580287 1.50325743E-13
572.146423 3.29350328 1.36656691E-13
578.771606 3.33164024 1.24086912E-13
585.47345 3.37021875 1.1254131E-13
592.25293 3.40924406 1.01948838E-13
599.11084 3.44872117 9.22423352E-14
606.048218 3.48865557 8.33583961E-14
613.065979 3.52905226 7.52372475E-14
620.164917 3.56991673 6.78225718E-14
627.346069 3.61125445 6.10614125E-14
634.610413 3.65307093 5.49040048E-14
641.958862 3.69537139 4.93036635E-14
649.392395 3.7381618 4.42166242E-14
656.911987 3.78144765 3.96018294E-14
664.518677 3.82523489 3.54209256E-14
672.21344 3.86952901 3.16381544E-14
679.997314 3.91433597 2.82202308E-14
687.871338 3.95966172 2.51362126E-14
695.836487 4.00551271 2.23573652E-14
703.89386 4.05189419 1.98570391E-14
712.044617 4.09881306 1.76105587E-14
720.289673 4.14627504 1.5595098E-14
728.630249 4.19428635 1.37895829E-14
737.067383 4.24285412 1.21745748E-14
745.602234 4.29198408 1.07321743E-14
754.235901 4.34168291 9.44592677E-15
762.969543 4.39195728 8.30072383E-15
771.804321 4.4428134 7.28271813E-15
780.741394 4.49425888 6.37923891E-15
789.781921 4.54629993 5.57870849E-15
798.927185 4.59894371 4.87056735E-15
808.178345 4.65219688 4.24519954E-15
817.53656 4.70606709 3.69386367E-15
827.003235 4.76056051 3.20861988E-15
836.579468 4.81568527 2.78227623E-15
846.266602 4.87144852 2.40833447E-15
856.065918 4.92785692 2.0809321E-15
865.978699 4.98491907 1.79478955E-15
876.006226 5.04264164 1.54516089E-15
886.149902 5.10103273 1.32778693E-15
896.411011 5.16009951 1.13885263E-15
906.791016 5.21985102 9.74947204E-16
917.291138 5.28029394 8.33027099E-16
927.912842 5.34143686 7.10381387E-16
938.657593 5.40328789 6.04600365E-16
949.526733 5.46585464 5.13546282E-16
960.521729 5.52914667 4.35326548E-16
971.644043 5.59317112 3.68268908E-16
982.895142 5.65793705 3.10898943E-16
994.27655 5.72345257 2.61919449E-16
