READ SERR 1
@_compps_qdp_tmp.pco
!
1.00578973E-2 5.78972722E-5 1.40491245E-8
1.0174362E-2 5.85676898E-5 1.4367437E-8
1.02921762E-2 5.92458709E-5 1.46928567E-8
1.04113538E-2 5.99319064E-5 1.50255364E-8
1.05319116E-2 6.06258873E-5 1.53656341E-8
1.06538655E-2 6.13278971E-5 1.57133115E-8
1.07772313E-2 6.20380451E-5 1.60687357E-8
1.09020257E-2 6.27564077E-5 1.64320699E-8
1.10282646E-2 6.3483094E-5 1.68034902E-8
1.11559667E-2 6.42181985E-5 1.71831687E-8
1.12851467E-2 6.49618087E-5 1.75712866E-8
1.14158224E-2 6.57140263E-5 1.79680253E-8
1.15480116E-2 6.64749605E-5 1.83735729E-8
1.16817309E-2 6.72447059E-5 1.8788116E-8
1.18169989E-2 6.80233643E-5 1.92118517E-8
1.19538335E-2 6.88110376E-5 1.96449772E-8
1.20922523E-2 6.96078278E-5 2.00876968E-8
1.22322738E-2 7.04138511E-5 2.05402131E-8
1.23739168E-2 7.12292021E-5 2.10027409E-8
1.25171999E-2 7.20539974E-5 2.14754934E-8
1.26621425E-2 7.2888346E-5 2.19586891E-8
1.28087634E-2 7.37323498E-5 2.24525536E-8
1.29570812E-2 7.45861325E-5 2.2957316E-8
1.31071173E-2 7.54498033E-5 2.34732092E-8
1.32588912E-2 7.63234711E-5 2.40004692E-8
1.34124216E-2 7.72072526E-5 2.45393394E-8
1.35677299E-2 7.81012714E-5 2.50900669E-8
1.37248375E-2 7.90056365E-5 2.56529038E-8
1.3883763E-2 7.9920479E-5 2.62281059E-8
1.40445298E-2 8.08459154E-5 2.68159397E-8
1.42071573E-2 8.17820692E-5 2.74166698E-8
1.43716689E-2 8.27290642E-5 2.80305681E-8
1.45380851E-2 8.36870167E-5 2.86579169E-8
1.47064282E-2 8.46560652E-5 2.92989988E-8
1.48767205E-2 8.56363404E-5 2.9954105E-8
1.50489844E-2 8.66279588E-5 3.06235286E-8
1.52232433E-2 8.7631066E-5 3.13075716E-8
1.53995203E-2 8.86457856E-5 3.20065432E-8
1.55778388E-2 8.96722559E-5 3.27207594E-8
1.5758222E-2 9.0710615E-5 3.3450533E-8
1.59406923E-2 9.17609941E-5 3.41961979E-8
1.61252767E-2 9.28235313E-5 3.49580809E-8
1.63119994E-2 9.38983794E-5 3.57365266E-8
1.65008828E-2 9.49856694E-5 3.65318762E-8
1.66919548E-2 9.60855541E-5 3.73444813E-8
1.68852378E-2 9.71981717E-5 3.81747007E-8
1.70807596E-2 9.8323675E-5 3.9022904E-8
1.72785465E-2 9.94622096E-5 3.98894571E-8
1.74786225E-2 1.00613928E-4 4.077474E-8
1.76810157E-2 1.01778984E-4 4.16791437E-8
1.7885752E-2 1.02957529E-4 4.26030624E-8
1.80928595E-2 1.04149716E-4 4.35468941E-8
1.83023643E-2 1.05355713E-4 4.45110473E-8
1.8514296E-2 1.06575673E-4 4.54959448E-8
1.87286809E-2 1.07809763E-4 4.65020058E-8
1.89455487E-2 1.09058143E-4 4.75296673E-8
1.91649273E-2 1.1032098E-4 4.85793699E-8
1.93868484E-2 1.11598434E-4 4.96515611E-8
1.96113363E-2 1.12890681E-4 5.07467028E-8
1.98384244E-2 1.14197894E-4 5.1865257E-8
2.00681426E-2 1.15520241E-4 5.30077031E-8
2.03005224E-2 1.16857904E-4 5.4174528E-8
2.05355901E-2 1.18211057E-4 5.53662183E-8
2.0773381E-2 1.19579876E-4 5.65832785E-8
2.10139267E-2 1.20964542E-4 5.78262167E-8
2.12572552E-2 1.22365251E-4 5.90955551E-8
2.15034038E-2 1.23782171E-4 6.03918124E-8
2.17524003E-2 1.25215505E-4 6.17155393E-8
2.20042821E-2 1.26665429E-4 6.30672758E-8
2.22590789E-2 1.28132146E-4 6.44475762E-8
2.2516828E-2 1.29615844E-4 6.58570087E-8
2.27775592E-2 1.31116729E-4 6.72961491E-8
2.30413117E-2 1.32634988E-4 6.87655941E-8
2.33081169E-2 1.34170827E-4 7.02659335E-8
2.35780124E-2 1.35724447E-4 7.17977713E-8
2.38510333E-2 1.37296069E-4 7.33617327E-8
2.41272151E-2 1.3888588E-4 7.49584501E-8
2.44065952E-2 1.40494099E-4 7.6588563E-8
2.46892106E-2 1.42120945E-4 7.8252711E-8
2.49750968E-2 1.43766636E-4 7.9951576E-8
2.52642948E-2 1.45431375E-4 8.1685819E-8
2.55568419E-2 1.47115381E-4 8.34561362E-8
2.58527771E-2 1.48818901E-4 8.52632169E-8
2.61521377E-2 1.50542139E-4 8.71077717E-8
2.64549647E-2 1.52285342E-4 8.8990511E-8
2.6761299E-2 1.54048714E-4 9.09121738E-8
2.70711798E-2 1.55832517E-4 9.2873492E-8
2.738465E-2 1.57636983E-4 9.48752188E-8
2.77017485E-2 1.59462332E-4 9.69181286E-8
2.80225202E-2 1.6130881E-4 9.90029818E-8
2.83470061E-2 1.63176679E-4 1.01130581E-7
2.86752488E-2 1.65066172E-4 1.03301723E-7
2.90072933E-2 1.66977552E-4 1.05517223E-7
2.93431804E-2 1.68911065E-4 1.07777907E-7
2.96829585E-2 1.70866959E-4 1.10084621E-7
3.00266724E-2 1.7284551E-4 1.12438215E-7
3.03743649E-2 1.74846966E-4 1.14839551E-7
3.07260826E-2 1.76871603E-4 1.17289517E-7
3.10818739E-2 1.78919669E-4 1.19789007E-7
3.14417854E-2 1.80991468E-4 1.22338918E-7
3.18058655E-2 1.8308725E-4 1.24940186E-7
3.21741588E-2 1.85207304E-4 1.27593736E-7
3.25467177E-2 1.87351892E-4 1.30300535E-7
3.29235904E-2 1.89521335E-4 1.33061505E-7
3.33048292E-2 1.91715881E-4 1.35877642E-7
3.36904787E-2 1.93935848E-4 1.38749911E-7
3.40805985E-2 1.96181514E-4 1.41679308E-7
3.44752334E-2 1.98453199E-4 1.44666842E-7
3.48744355E-2 2.00751179E-4 1.47713536E-7
3.52782644E-2 2.03075761E-4 1.50820426E-7
3.56867649E-2 2.05427277E-4 1.53988566E-7
3.61000001E-2 2.07806006E-4 1.57218992E-7
3.65180187E-2 2.10212282E-4 1.60512812E-7
3.69408764E-2 2.12646424E-4 1.63871093E-7
3.73686329E-2 2.15108754E-4 1.67294957E-7
3.78013402E-2 2.17599605E-4 1.70785512E-7
3.82390581E-2 2.20119284E-4 1.74343896E-7
3.86818461E-2 2.22668154E-4 1.77971245E-7
3.91297601E-2 2.2524652E-4 1.81668725E-7
3.95828635E-2 2.27854762E-4 1.85437514E-7
4.0041212E-2 2.30493184E-4 1.89278794E-7
4.05048653E-2 2.3316218E-4 1.93193785E-7
4.09738906E-2 2.3586207E-4 1.97183681E-7
4.14483435E-2 2.38593217E-4 2.01249705E-7
4.1928295E-2 2.41356E-4 2.05393079E-7
4.2413801E-2 2.44150782E-4 2.09615038E-7
4.29049283E-2 2.46977899E-4 2.13916834E-7
4.34017442E-2 2.49837758E-4 2.18299732E-7
4.39043157E-2 2.52730766E-4 2.22764982E-7
4.44127023E-2 2.55657244E-4 2.27313876E-7
4.49269786E-2 2.58617598E-4 2.31947709E-7
4.5447208E-2 2.61612266E-4 2.36667773E-7
4.59734611E-2 2.64641596E-4 2.41475419E-7
4.65058088E-2 2.67705997E-4 2.4637194E-7
4.70443182E-2 2.70805875E-4 2.51358699E-7
4.75890674E-2 2.73941667E-4 2.56437033E-7
4.81401235E-2 2.77113752E-4 2.61608278E-7
4.8697561E-2 2.80322594E-4 2.66873855E-7
4.92614508E-2 2.83568574E-4 2.72235098E-7
4.98318709E-2 2.86852155E-4 2.77693431E-7
5.04088961E-2 2.90173746E-4 2.83250216E-7
5.09926043E-2 2.93533783E-4 2.88906875E-7
5.15830703E-2 2.96932732E-4 2.94664858E-7
5.21803759E-2 3.00371059E-4 3.005255E-7
5.27845956E-2 3.038492E-4 3.06490193E-7
5.33958115E-2 3.0736762E-4 3.12560388E-7
5.40141053E-2 3.10926756E-4 3.1873742E-7
5.46395592E-2 3.14527104E-4 3.25022683E-7
5.52722551E-2 3.18169157E-4 3.31417624E-7
5.59122786E-2 3.21853382E-4 3.37923609E-7
5.65597117E-2 3.25580273E-4 3.44542059E-7
5.72146438E-2 3.29350325E-4 3.51274394E-7
5.78771569E-2 3.33164033E-4 3.58121952E-7
5.85473441E-2 3.37021891E-4 3.65086208E-7
5.9225291E-2 3.40924395E-4 3.72168529E-7
5.99110872E-2 3.44872125E-4 3.79370334E-7
6.06048256E-2 3.48865549E-4 3.86692989E-7
6.13065958E-2 3.52905219E-4 3.94137942E-7
6.20164908E-2 3.56991688E-4 4.01706529E-7
6.27346113E-2 3.61125451E-4 4.09400172E-7
6.34610429E-2 3.65307089E-4 4.17220235E-7
6.41958863E-2 3.69537156E-4 4.25168082E-7
6.49392381E-2 3.73816176E-4 4.33245077E-7
6.56912029E-2 3.78144759E-4 4.41452528E-7
6.64518699E-2 3.82523489E-4 4.49791685E-7
6.72213435E-2 3.86952888E-4 4.58263798E-7
6.7999728E-2 3.91433598E-4 4.66870034E-7
6.87871277E-2 3.9596617E-4 4.75611671E-7
6.9583647E-2 4.00551246E-4 4.84489874E-7
7.038939E-2 4.05189407E-4 4.93505752E-7
7.12044612E-2 4.09881293E-4 5.02660441E-7
7.20289722E-2 4.14627488E-4 5.11955136E-7
7.28630275E-2 4.19428659E-4 5.21390859E-7
7.37067387E-2 4.24285419E-4 5.30968691E-7
7.4560225E-2 4.29198408E-4 5.40689598E-7
7.54235908E-2 4.34168294E-4 5.50554716E-7
7.62969553E-2 4.39195719E-4 5.60564843E-7
7.71804303E-2 4.44281352E-4 5.70721056E-7
7.80741349E-2 4.4942589E-4 5.8102421E-7
7.89781958E-2 4.54630004E-4 5.914751E-7
7.98927173E-2 4.59894363E-4 6.02074635E-7
8.08178335E-2 4.65219695E-4 6.12823555E-7
8.17536563E-2 4.70606697E-4 6.23722599E-7
8.27003196E-2 4.7605607E-4 6.34772391E-7
8.36579427E-2 4.81568539E-4 6.4597333E-7
8.46266598E-2 4.87144833E-4 6.5732587E-7
8.56065899E-2 4.92785708E-4 6.6883041E-7
8.65978673E-2 4.98491863E-4 6.80487176E-7
8.76006261E-2 5.04264142E-4 6.92296453E-7
8.86149928E-2 5.10103244E-4 7.04258355E-7
8.96411017E-2 5.16009983E-4 7.16373052E-7
9.06791016E-2 5.21985115E-4 7.28640487E-7
9.1729112E-2 5.28029399E-4 7.4106066E-7
9.27912891E-2 5.34143706E-4 7.53633458E-7
9.38657597E-2 5.40328794E-4 7.66358653E-7
9.49526727E-2 5.46585477E-4 7.79235904E-7
9.60521698E-2 5.52914629E-4 7.92264984E-7
9.71644074E-2 5.59317123E-4 8.05445325E-7
9.82895121E-2 5.65793656E-4 8.18776414E-7
9.94276553E-2 5.72345278E-4 8.32257626E-7
0.100578971 5.78972686E-4 8.4588828E-7
0.101743624 5.85676928E-4 8.59667523E-7
0.102921762 5.92458702E-4 8.73594445E-7
0.104113534 5.99319057E-4 8.87667795E-7
0.105319113 6.06258865E-4 9.01886096E-7
0.106538653 6.13279E-4 9.16247814E-7
0.107772313 6.20380451E-4 9.30751298E-7
0.109020256 6.27564092E-4 9.45394618E-7
0.110282652 6.34830969E-4 9.60175953E-7
0.111559667 6.42181956E-4 9.7509303E-7
0.112851463 6.49618043E-4 9.90143803E-7
0.114158221 6.57140277E-4 1.00532588E-6
0.11548011 6.6474959E-4 1.02063677E-6
0.11681731 6.7244703E-4 1.03607363E-6
0.118169986 6.80233643E-4 1.05163394E-6
0.11953833 6.88110362E-4 1.06731466E-6
0.120922521 6.96078292E-4 1.08311258E-6
0.122322738 7.04138482E-4 1.09902464E-6
0.123739168 7.12292036E-4 1.11504733E-6
0.125172004 7.20540003E-4 1.13117721E-6
0.126621425 7.2888349E-4 1.14741056E-6
0.128087625 7.37323542E-4 1.16374338E-6
0.129570812 7.45861325E-4 1.18017169E-6
0.13107118 7.54498004E-4 1.19669096E-6
0.132588908 7.63234682E-4 1.21329617E-6
0.134124219 7.72072526E-4 1.22998222E-6
0.135677308 7.81012699E-4 1.24674364E-6
0.137248367 7.90056423E-4 1.26357497E-6
0.138837636 7.99204805E-4 1.28047054E-6
0.140445292 8.08459183E-4 1.29742432E-6
0.142071575 8.17820721E-4 1.31443028E-6
0.143716693 8.27290583E-4 1.33148194E-6
0.145380855 8.36870167E-4 1.34857294E-6
0.147064283 8.46560695E-4 1.36569633E-6
0.148767203 8.56363389E-4 1.38284543E-6
0.150489852 8.66279588E-4 1.40001293E-6
0.152232438 8.76310689E-4 1.41719158E-6
0.153995201 8.86457856E-4 1.43437387E-6
0.155778378 8.96722544E-4 1.45155218E-6
0.157582209 9.07106092E-4 1.46871844E-6
0.15940693 9.17609897E-4 1.48586469E-6
0.161252782 9.28235357E-4 1.50298274E-6
0.163119987 9.38983809E-4 1.52006396E-6
0.165008828 9.49856709E-4 1.53709891E-6
0.166919544 9.60855512E-4 1.55407804E-6
0.168852389 9.71981732E-4 1.57099123E-6
0.1708076 9.83236707E-4 1.58782814E-6
0.172785461 9.94622125E-4 1.60457842E-6
0.174786225 1.00613921E-3 1.62123149E-6
0.176810145 1.01778982E-3 1.63777656E-6
0.17885752 1.02957524E-3 1.65420249E-6
0.180928588 1.04149722E-3 1.67049825E-6
0.183023646 1.05355715E-3 1.68665258E-6
0.185142964 1.06575678E-3 1.70265378E-6
0.187286809 1.07809762E-3 1.71849047E-6
0.189455494 1.09058141E-3 1.7341506E-6
0.191649288 1.1032098E-3 1.74962258E-6
0.193868473 1.11598428E-3 1.76489414E-6
0.196113363 1.12890685E-3 1.77995332E-6
0.198384255 1.14197889E-3 1.79478786E-6
0.200681433 1.15520239E-3 1.80938559E-6
0.20300521 1.1685791E-3 1.8237339E-6
0.205355912 1.18211051E-3 1.83782049E-6
0.20773381 1.19579874E-3 1.85163174E-6
0.21013926 1.20964542E-3 1.86515365E-6
0.21257256 1.22365251E-3 1.87837225E-6
0.215034038 1.23782177E-3 1.89127331E-6
0.217524007 1.25215505E-3 1.90384299E-6
0.22004281 1.26665423E-3 1.91606705E-6
0.222590789 1.2813214E-3 1.92793141E-6
0.225168273 1.29615841E-3 1.93942196E-6
0.227775604 1.31116726E-3 1.95052507E-6
0.230413109 1.32634991E-3 1.96122664E-6
0.233081177 1.34170824E-3 1.97151326E-6
0.23578012 1.35724456E-3 1.98137081E-6
0.238510326 1.37296063E-3 1.9907859E-6
0.241272151 1.38885877E-3 1.99974556E-6
0.244065955 1.40494108E-3 2.00823661E-6
0.246892095 1.42120942E-3 2.01624607E-6
0.249750972 1.43766636E-3 2.02376123E-6
0.252642959 1.45431375E-3 2.03077002E-6
0.255568415 1.47115381E-3 2.03726017E-6
0.258527756 1.48818898E-3 2.04321987E-6
0.261521369 1.50542147E-3 2.04863636E-6
0.264549643 1.52285339E-3 2.0534967E-6
0.267612994 1.54048717E-3 2.05778861E-6
0.270711809 1.55832525E-3 2.0614998E-6
0.273846507 1.57636974E-3 2.06461891E-6
0.277017504 1.59462332E-3 2.06713435E-6
0.280225217 1.61308818E-3 2.06903565E-6
0.283470064 1.63176679E-3 2.0703128E-6
0.286752492 1.65066181E-3 2.07095604E-6
0.290072918 1.66977558E-3 2.0709565E-6
0.293431818 1.68911065E-3 2.07030598E-6
0.296829581 1.70866959E-3 2.06899676E-6
0.300266713 1.72845507E-3 2.06702157E-6
0.303743631 1.74846966E-3 2.06437448E-6
0.307260841 1.76871591E-3 2.0610496E-6
0.310818732 1.78919674E-3 2.05704214E-6
0.314417839 1.8099146E-3 2.05234824E-6
0.31805864 1.8308725E-3 2.04696425E-6
0.321741581 1.85207301E-3 2.04088815E-6
0.325467169 1.87351892E-3 2.03411787E-6
0.329235911 1.89521327E-3 2.0266516E-6
0.333048284 1.91715884E-3 2.01848707E-6
0.336904794 1.93935854E-3 2.00962404E-6
0.340805978 1.96181517E-3 2.00006252E-6
0.344752312 1.98453199E-3 1.98980342E-6
0.348744363 2.00751168E-3 1.97884901E-6
0.352782637 2.03075772E-3 1.96720248E-6
0.356867671 2.05427269E-3 1.95486768E-6
0.361000001 2.07806006E-3 1.94185009E-6
0.365180165 2.10212287E-3 1.9281556E-6
0.369408756 2.12646439E-3 1.91379149E-6
0.373686314 2.15108762E-3 1.89876596E-6
0.378013402 2.17599608E-3 1.88308809E-6
0.382390589 2.20119278E-3 1.86676834E-6
0.386818469 2.22668145E-3 1.84981798E-6
0.391297609 2.25246535E-3 1.83224904E-6
0.395828635 2.2785475E-3 1.81407506E-6
0.400412112 2.30493187E-3 1.79531014E-6
0.405048668 2.33162171E-3 1.77596939E-6
0.409738898 2.35862075E-3 1.75606897E-6
0.414483458 2.38593225E-3 1.73562489E-6
0.419282943 2.41355994E-3 1.71465376E-6
0.42413801 2.44150776E-3 1.69317343E-6
0.429049283 2.46977899E-3 1.6712022E-6
0.43401745 2.49837781E-3 1.64875962E-6
0.439043134 2.52730749E-3 1.62586605E-6
0.444127023 2.55657244E-3 1.60254262E-6
0.449269772 2.58617615E-3 1.57881118E-6
0.454472065 2.6161226E-3 1.55469456E-6
0.459734619 2.64641596E-3 1.53021585E-6
0.465058088 2.67705997E-3 1.50539915E-6
0.470443189 2.7080588E-3 1.48026902E-6
0.475890666 2.73941667E-3 1.45485058E-6
0.481401235 2.77113752E-3 1.42916952E-6
0.48697558 2.803226E-3 1.40325164E-6
0.492614508 2.83568562E-3 1.37712334E-6
0.498318702 2.86852149E-3 1.35081143E-6
0.504088998 2.90173735E-3 1.32434263E-6
0.509926021 2.93533783E-3 1.29774412E-6
0.515830696 2.96932738E-3 1.27104283E-6
0.521803737 3.00371065E-3 1.24426572E-6
0.527845979 3.03849205E-3 1.21743926E-6
0.533958137 3.07367602E-3 1.19059007E-6
0.540141046 3.10926745E-3 1.16374486E-6
0.5463956 3.14527121E-3 1.13693011E-6
0.552722573 3.18169175E-3 1.11017221E-6
0.559122801 3.21853394E-3 1.08349707E-6
0.565597117 3.25580291E-3 1.0569305E-6
0.572146416 3.29350331E-3 1.03049797E-6
0.578771591 3.33164027E-3 1.00422426E-6
0.585473418 3.37021868E-3 9.78133812E-7
0.59225291 3.40924412E-3 9.52250446E-7
0.599110842 3.44872125E-3 9.26597409E-7
0.606048226 3.48865567E-3 9.01197154E-7
0.613065958 3.52905225E-3 8.76071454E-7
0.620164931 3.56991682E-3 8.51241225E-7
0.627346098 3.61125451E-3 8.26726534E-7
0.634610415 3.65307089E-3 8.02546651E-7
0.641958833 3.69537133E-3 7.78719766E-7
0.649392366 3.73816187E-3 7.55263102E-7
0.656912029 3.78144765E-3 7.32192632E-7
0.664518654 3.82523471E-3 7.09523192E-7
0.672213435 3.86952888E-3 6.87268823E-7
0.679997325 3.91433574E-3 6.65442428E-7
0.687871337 3.95966182E-3 6.44055945E-7
0.695836484 4.00551269E-3 6.23120229E-7
0.7038939 4.05189442E-3 6.02645287E-7
0.712044597 4.09881305E-3 5.82639814E-7
0.720289707 4.14627511E-3 5.63111655E-7
0.728630245 4.19428665E-3 5.44067291E-7
0.737067401 4.24285419E-3 5.25512462E-7
0.74560225 4.29198379E-3 5.07451603E-7
0.754235864 4.34168288E-3 4.8988818E-7
0.762969553 4.39195707E-3 4.72824524E-7
0.771804333 4.44281381E-3 4.56262001E-7
0.780741394 4.49425913E-3 4.40200949E-7
0.789781928 4.54630004E-3 4.2464066E-7
0.798927188 4.59894352E-3 4.09579485E-7
0.808178306 4.65219701E-3 3.95014894E-7
0.817536592 4.70606703E-3 3.80943277E-7
0.827003181 4.76056058E-3 3.67359803E-7
0.836579442 4.8156851E-3 3.54258589E-7
0.846266568 4.8714485E-3 3.41633182E-7
0.856065869 4.92785685E-3 3.29476478E-7
0.865978658 4.98491898E-3 3.17780717E-7
0.876006246 5.04264142E-3 3.06537629E-7
0.886149883 5.10103256E-3 2.95738374E-7
0.896411061 5.16009983E-3 2.85373687E-7
0.906790972 5.21985069E-3 2.7543382E-7
0.917291105 5.28029399E-3 2.65908596E-7
0.927912891 5.34143671E-3 2.56787501E-7
0.938657582 5.40328771E-3 2.48059706E-7
0.949526727 5.46585489E-3 2.39714154E-7
0.960521758 5.52914664E-3 2.31739435E-7
0.971644044 5.59317088E-3 2.24124079E-7
0.982895136 5.65793691E-3 2.16856421E-7
0.994276524 5.72345266E-3 2.09924679E-7
1.00578976 5.78972697E-3 2.03317015E-7
1.01743627 5.85676916E-3 1.97021606E-7
1.0292176 5.92458714E-3 1.91026558E-7
1.04113531 5.99319069E-3 1.85319578E-7
1.05319118 6.06258865E-3 1.7988836E-7
1.06538653 6.13278989E-3 1.74720796E-7
1.07772315 6.20380417E-3 1.69804977E-7
1.09020257 6.27564127E-3 1.65129237E-7
1.10282648 6.34830957E-3 1.60682148E-7
1.11559665 6.42181933E-3 1.56452558E-7
1.12851465 6.49618078E-3 1.52429635E-7
1.14158225 6.57140277E-3 1.48602808E-7
1.15480113 6.64749602E-3 1.44961845E-7
1.16817307 6.72447076E-3 1.41496855E-7
1.18169987 6.80233631E-3 1.38198246E-7
1.19538331 6.88110339E-3 1.35056837E-7
1.20922518 6.96078315E-3 1.32063732E-7
1.22322738 7.04138493E-3 1.2921042E-7
1.23739171 7.12292036E-3 1.26488771E-7
1.25172007 7.20540015E-3 1.23890985E-7
1.26621425 7.28883455E-3 1.21409641E-7
1.28087628 7.37323519E-3 1.19037651E-7
1.29570818 7.45861325E-3 1.16768284E-7
1.31071174 7.54497992E-3 1.14594982E-7
1.32588911 7.63234682E-3 1.12511501E-7
1.34124219 7.72072515E-3 1.10511934E-7
1.35677302 7.81012699E-3 1.08590726E-7
1.37248373 7.900564E-3 1.06742661E-7
1.38837636 7.99204782E-3 1.04962844E-7
1.40445292 8.08459148E-3 1.03246684E-7
1.42071581 8.17820709E-3 1.01589897E-7
1.43716681 8.27290583E-3 9.99884762E-8
1.45380843 8.36870167E-3 9.8438683E-8
1.47064281 8.46560672E-3 9.69370504E-8
1.48767197 8.56363401E-3 9.54803525E-8
1.50489843 8.66279658E-3 9.40655838E-8
1.52232432 8.76310654E-3 9.2689973E-8
1.53995204 8.86457879E-3 9.13509481E-8
1.55778384 8.96722544E-3 9.0046143E-8
1.57582211 9.07106139E-3 8.87733691E-8
1.59406924 9.17609874E-3 8.75306085E-8
1.61252773 9.28235333E-3 8.63159926E-8
1.63119996 9.3898382E-3 8.51278301E-8
1.65008831 9.49856732E-3 8.39645438E-8
1.66919541 9.60855559E-3 8.28247195E-8
1.68852389 9.71981697E-3 8.17070287E-8
1.708076 9.8323673E-3 8.06102776E-8
1.72785461 9.94622055E-3 7.95333719E-8
1.74786222 1.00613926E-2 7.84752885E-8
1.76810145 1.01778982E-2 7.74351179E-8
1.78857517 1.02957524E-2 7.64120003E-8
1.80928588 1.0414972E-2 7.54051754E-8
1.83023643 1.05355717E-2 7.44139257E-8
1.85142958 1.06575675E-2 7.34375973E-8
1.87286806 1.07809762E-2 7.24755935E-8
1.89455485 1.09058144E-2 7.152736E-8
1.91649282 1.1032098E-2 7.05924066E-8
1.9386847 1.11598428E-2 6.967025E-8
1.96113372 1.12890685E-2 6.8760464E-8
1.98384249 1.14197899E-2 6.78626506E-8
2.00681424 1.15520246E-2 6.69764404E-8
2.03005219 1.16857905E-2 6.61014852E-8
2.05355906 1.18211051E-2 6.52374794E-8
2.07733822 1.19579872E-2 6.43841531E-8
2.10139251 1.20964544E-2 6.35412647E-8
2.12572551 1.22365244E-2 6.27085868E-8
2.15034032 1.23782167E-2 6.18859275E-8
2.17524004 1.25215501E-2 6.10730808E-8
2.20042825 1.2666543E-2 6.02698549E-8
2.22590804 1.28132142E-2 5.94760827E-8
2.25168276 1.29615841E-2 5.86915974E-8
2.27775598 1.31116724E-2 5.79162354E-8
2.30413127 1.32634984E-2 5.7149844E-8
2.33081174 1.34170828E-2 5.63922811E-8
2.3578012 1.35724451E-2 5.5643401E-8
2.38510323 1.37296068E-2 5.49030723E-8
2.4127214 1.38885882E-2 5.41711636E-8
2.44065952 1.40494099E-2 5.34475504E-8
2.46892095 1.42120952E-2 5.2732112E-8
2.49750972 1.43766627E-2 5.20247241E-8
2.52642965 1.45431366E-2 5.132528E-8
2.55568433 1.47115383E-2 5.06336661E-8
2.58527756 1.48818903E-2 4.99497759E-8
2.61521387 1.50542147E-2 4.92735275E-8
2.64549661 1.52285341E-2 4.86048428E-8
2.67612982 1.54048717E-2 4.79436508E-8
2.70711803 1.55832525E-2 4.72898734E-8
2.73846507 1.57636981E-2 4.66434464E-8
2.77017498 1.59462318E-2 4.60042955E-8
2.80225205 1.61308814E-2 4.5372353E-8
2.83470058 1.63176674E-2 4.47475443E-8
2.86752486 1.65066179E-2 4.41298056E-8
2.90072918 1.66977551E-2 4.35190692E-8
2.93431807 1.6891107E-2 4.29152678E-8
2.96829581 1.70866959E-2 4.23183337E-8
3.00266719 1.72845516E-2 4.17282067E-8
3.03743649 1.74846966E-2 4.11448191E-8
3.07260823 1.76871605E-2 4.05681035E-8
3.10818744 1.78919677E-2 3.99980031E-8
3.14417863 1.8099146E-2 3.94344539E-8
3.18058634 1.83087252E-2 3.8877392E-8
3.21741581 1.85207296E-2 3.83267604E-8
3.25467181 1.8735189E-2 3.77824918E-8
3.29235911 1.89521331E-2 3.72445434E-8
3.33048272 1.91715881E-2 3.67128692E-8
3.36904788 1.93935856E-2 3.61874193E-8
3.4080596 1.96181517E-2 3.56681511E-8
3.44752312 1.98453199E-2 3.51550113E-8
3.48744369 2.00751182E-2 3.46479609E-8
3.52782631 2.03075763E-2 3.41469502E-8
3.56867671 2.05427278E-2 3.36519292E-8
3.6099999 2.07806006E-2 3.3162852E-8
3.65180182 2.10212283E-2 3.26796759E-8
3.69408774 2.12646425E-2 3.22023475E-8
3.73686314 2.15108767E-2 3.17308242E-8
3.78013396 2.17599608E-2 3.12650528E-8
3.82390594 2.20119283E-2 3.08049906E-8
3.86818457 2.22668145E-2 3.03505914E-8
3.91297603 2.2524653E-2 2.99018019E-8
3.95828629 2.27854755E-2 2.9458576E-8
4.00412083 2.30493192E-2 2.90208675E-8
4.05048656 2.33162176E-2 2.85886284E-8
4.09738922 2.35862061E-2 2.81618107E-8
4.14483452 2.38593221E-2 2.774037E-8
4.19282961 2.41355989E-2 2.73242673E-8
4.24138021 2.44150776E-2 2.69134564E-8
4.29049301 2.46977899E-2 2.65078963E-8
4.34017467 2.49837767E-2 2.61075446E-8
4.3904314 2.52730753E-2 2.57123567E-8
4.44127035 2.55657248E-2 2.53222883E-8
4.49269772 2.58617606E-2 2.49372967E-8
4.54472065 2.61612255E-2 2.45573393E-8
4.59734583 2.64641587E-2 2.41823681E-8
4.65058088 2.67705992E-2 2.38123423E-8
4.70443201 2.7080588E-2 2.34472157E-8
4.75890684 2.73941662E-2 2.30869439E-8
4.81401253 2.77113765E-2 2.27314825E-8
4.86975574 2.80322582E-2 2.2380787E-8
4.92614508 2.83568576E-2 2.20348113E-8
4.9831872 2.8685214E-2 2.16935128E-8
5.04088974 2.90173739E-2 2.13568434E-8
5.09926033 2.93533783E-2 2.10247606E-8
5.15830708 2.96932738E-2 2.06972182E-8
5.21803761 3.00371069E-2 2.03741735E-8
5.27845955 3.03849205E-2 2.00555821E-8
5.33958101 3.07367612E-2 1.97414014E-8
5.40141058 3.10926754E-2 1.94315852E-8
5.46395588 3.14527117E-2 1.91260927E-8
5.52722549 3.18169184E-2 1.88248794E-8
5.59122801 3.21853384E-2 1.8527901E-8
5.65597105 3.25580277E-2 1.82351148E-8
5.72146416 3.29350308E-2 1.79464763E-8
5.78771591 3.33164036E-2 1.7661943E-8
5.85473442 3.37021872E-2 1.73814687E-8
5.92252922 3.40924412E-2 1.71050125E-8
5.99110842 3.44872139E-2 1.683253E-8
6.0604825 3.48865576E-2 1.65639769E-8
6.13065958 3.52905244E-2 1.62993121E-8
6.20164919 3.56991664E-2 1.60384896E-8
6.27346087 3.61125432E-2 1.57814686E-8
6.34610415 3.6530707E-2 1.55282063E-8
6.41958857 3.69537137E-2 1.52786583E-8
6.49392414 3.73816192E-2 1.50327821E-8
6.56911993 3.78144756E-2 1.47905368E-8
6.6451869 3.82523462E-2 1.45518779E-8
6.72213459 3.86952907E-2 1.43167638E-8
6.79997301 3.91433612E-2 1.40851517E-8
6.87871313 3.95966172E-2 1.3857E-8
6.95836496 4.0055126E-2 1.36322669E-8
7.038939 4.05189432E-2 1.34109115E-8
7.12044621 4.09881286E-2 1.31928912E-8
7.20289707 4.14627492E-2 1.29781652E-8
7.28630257 4.19428647E-2 1.27666935E-8
7.37067366 4.24285419E-2 1.25584352E-8
7.45602226 4.29198407E-2 1.23533503E-8
7.54235888 4.34168279E-2 1.21513972E-8
7.62969542 4.39195707E-2 1.19525376E-8
7.71804285 4.44281362E-2 1.17567325E-8
7.80741358 4.49425913E-2 1.15639409E-8
7.89781952 4.54629995E-2 1.13741248E-8
7.98927164 4.59894389E-2 1.11872458E-8
8.08178329 4.65219691E-2 1.1003265E-8
8.17536545 4.70606685E-2 1.08221441E-8
8.27003193 4.76056039E-2 1.06438458E-8
8.36579418 4.81568538E-2 1.04683302E-8
8.46266556 4.87144813E-2 1.02955608E-8
8.56065941 4.92785685E-2 1.01254987E-8
8.65978718 4.98491898E-2 9.95810634E-9
8.76006222 5.04264161E-2 9.79334835E-9
8.86149883 5.10103256E-2 9.63118651E-9
8.96411037 5.16009964E-2 9.47158618E-9
9.06791019 5.21985069E-2 9.31451094E-9
9.17291164 5.2802939E-2 9.15992437E-9
9.27912903 5.34143671E-2 9.00779273E-9
9.3865757 5.40328771E-2 8.85808138E-9
9.49526691 5.4658547E-2 8.71075478E-9
9.60521698 5.52914664E-2 8.56578009E-9
9.7164402 5.59317097E-2 8.42312264E-9
9.82895184 5.65793701E-2 8.28275049E-9
9.94276524 5.72345257E-2 8.14462986E-9
10.0578976 5.78972697E-2 8.00872879E-9
10.1743622 5.85676916E-2 7.87501531E-9
10.2921762 5.92458732E-2 7.74345743E-9
10.4113531 5.99319078E-2 7.6140223E-9
10.5319109 6.06258847E-2 7.48667883E-9
10.6538649 6.13279007E-2 7.36139416E-9
10.7772312 6.20380454E-2 7.23813853E-9
10.9020252 6.27564117E-2 7.11688086E-9
11.028265 6.34830967E-2 6.99759006E-9
11.1559668 6.42181933E-2 6.88023682E-9
11.2851467 6.49618059E-2 6.76479184E-9
11.415822 6.57140315E-2 6.65122535E-9
11.5480108 6.64749593E-2 6.53950893E-9
11.6817312 6.72447085E-2 6.42961417E-9
11.8169985 6.80233613E-2 6.32151309E-9
11.9538336 6.88110366E-2 6.21517859E-9
12.0922518 6.96078315E-2 6.11058271E-9
12.2322741 7.04138502E-2 6.00769923E-9
12.3739166 7.12292045E-2 5.90650107E-9
12.5172005 7.20539987E-2 5.80696291E-9
12.6621428 7.28883445E-2 5.709059E-9
12.8087635 7.37323537E-2 5.61276314E-9
12.9570818 7.45861307E-2 5.51805091E-9
13.1071177 7.5449802E-2 5.42489742E-9
13.2588911 7.63234645E-2 5.33327649E-9
13.4124212 7.72072524E-2 5.24316457E-9
13.5677299 7.81012699E-2 5.15453635E-9
13.7248373 7.90056437E-2 5.06736919E-9
13.8837633 7.99204856E-2 4.98163821E-9
14.0445299 8.08459148E-2 4.89732122E-9
14.2071571 8.17820728E-2 4.8143951E-9
14.3716688 8.27290639E-2 4.73283723E-9
14.538085 8.36870149E-2 4.65262584E-9
14.7064276 8.46560672E-2 4.57373917E-9
14.8767204 8.56363401E-2 4.49615545E-9
15.0489845 8.66279602E-2 4.41985426E-9
15.2232437 8.76310691E-2 4.34481429E-9
15.3995209 8.8645786E-2 4.27101599E-9
15.5778389 8.96722525E-2 4.19843849E-9
15.7582216 9.07106102E-2 4.12706225E-9
15.9406929 9.1760993E-2 4.05686773E-9
16.1252766 9.28235352E-2 3.98783628E-9
16.3120003 9.38983783E-2 3.91994881E-9
16.5008831 9.49856713E-2 3.85318621E-9
16.6919556 9.60855559E-2 3.78752985E-9
16.8852386 9.71981734E-2 3.72296172E-9
17.080761 9.8323673E-2 3.65946318E-9
17.2785454 9.94622111E-2 3.59701646E-9
17.4786224 0.100613929 3.53560448E-9
17.681015 0.101778984 3.4752099E-9
17.8857517 0.102957524 3.41581585E-9
18.0928593 0.104149714 3.35740569E-9
18.3023643 0.105355717 3.29996297E-9
18.5142956 0.106575675 3.24347216E-9
18.7286816 0.107809767 3.18791704E-9
18.945549 0.109058142 3.1332823E-9
19.1649284 0.110320978 3.07955283E-9
19.3868484 0.111598432 3.02671355E-9
19.6113358 0.112890683 2.97474978E-9
19.8384247 0.114197895 2.9236471E-9
20.0681438 0.115520246 2.87339152E-9
20.3005219 0.116857901 2.82396884E-9
20.5355911 0.118211053 2.77536527E-9
20.7733822 0.119579874 2.72756728E-9
21.0139256 0.120964542 2.68056133E-9
21.2572556 0.122365251 2.63433386E-9
21.5034027 0.123782173 2.58887178E-9
21.7524014 0.125215501 2.54416266E-9
22.004282 0.126665428 2.50019339E-9
22.259079 0.12813215 2.45695198E-9
22.5168266 0.129615843 2.41442599E-9
22.7775593 0.131116733 2.37260345E-9
23.0413113 0.132634982 2.33147301E-9
23.3081169 0.13417083 2.29102293E-9
23.5780125 0.135724455 2.25124164E-9
23.8510323 0.137296066 2.21211849E-9
24.1272144 0.138885885 2.17364238E-9
24.4065952 0.140494108 2.13580242E-9
24.6892109 0.142120942 2.09858841E-9
24.9750977 0.143766627 2.06198969E-9
25.2642956 0.14543137 2.02599626E-9
25.5568428 0.14711538 1.99059835E-9
25.8527775 0.148818895 1.95578576E-9
26.1521378 0.15054214 1.9215487E-9
26.4549656 0.152285337 1.88787785E-9
26.7612991 0.154048726 1.85476345E-9
27.0711803 0.155832514 1.82219639E-9
27.3846493 0.15763697 1.79016735E-9
27.7017498 0.159462333 1.75866743E-9
28.0225201 0.16130881 1.72768788E-9
28.3470058 0.163176686 1.69722003E-9
28.6752491 0.165066183 1.66725533E-9
29.0072918 0.166977555 1.63778557E-9
29.3431816 0.16891107 1.60880242E-9
29.6829586 0.170866966 1.580298E-9
30.0266724 0.172845513 1.55226443E-9
30.3743649 0.174846962 1.52469382E-9
30.7260818 0.176871598 1.49757873E-9
31.0818748 0.178919673 1.47091161E-9
31.4417858 0.180991471 1.44468526E-9
31.8058643 0.183087245 1.41889223E-9
32.17416 0.185207292 1.39352574E-9
32.5467186 0.187351897 1.36857858E-9
32.9235916 0.189521328 1.34404399E-9
33.3048286 0.191715881 1.31991507E-9
33.6904793 0.193935856 1.29618516E-9
34.0805969 0.196181521 1.27284749E-9
34.4752312 0.198453188 1.24989574E-9
34.8744354 0.200751171 1.22732347E-9
35.2782631 0.203075767 1.20512456E-9
35.6867676 0.205427274 1.1832928E-9
36.0999985 0.207806006 1.16182219E-9
36.5180168 0.21021229 1.14070675E-9
36.940876 0.212646425 1.11994092E-9
37.3686333 0.215108752 1.09951892E-9
37.8013382 0.217599601 1.0794351E-9
38.2390594 0.220119283 1.05968412E-9
38.6818466 0.222668141 1.04026054E-9
39.1297607 0.225246519 1.02115894E-9
39.5828629 0.227854759 1.00237441E-9
40.0412102 0.230493188 9.83901627E-10
40.5048637 0.23316218 9.65735825E-10
40.9738884 0.235862061 9.47871781E-10
41.4483452 0.238593221 9.30304833E-10
41.9282951 0.241356 9.1303004E-10
42.4137993 0.244150773 8.96042518E-10
42.9049301 0.246977895 8.79337658E-10
43.4017448 0.249837771 8.62910909E-10
43.9043121 0.252730757 8.46757664E-10
44.4127007 0.255657226 8.30873537E-10
44.9269753 0.25861761 8.15254197E-10
45.4472084 0.261612266 7.99895372E-10
45.9734612 0.264641583 7.84792897E-10
46.5058098 0.267706007 7.6994261E-10
47.0443192 0.270805895 7.55340568E-10
47.5890694 0.273941666 7.4098272E-10
48.1401215 0.277113765 7.2686529E-10
48.6975594 0.280322582 7.12984394E-10
49.2614517 0.283568561 6.99336256E-10
49.831871 0.286852151 6.85917323E-10
50.4088974 0.290173739 6.72723877E-10
50.9926033 0.293533772 6.59752419E-10
51.5830727 0.296932757 6.46999454E-10
52.1803741 0.300371081 6.34461428E-10
52.7845955 0.30384919 6.22134899E-10
53.395813 0.307367593 6.10016371E-10
54.0141068 0.310926765 5.98102567E-10
54.6395607 0.314527124 5.86390214E-10
55.2722549 0.318169177 5.7487598E-10
55.9122772 0.321853399 5.63556812E-10
56.5597115 0.325580269 5.52429491E-10
57.2146416 0.329350322 5.4149113E-10
57.8771591 0.333164036 5.3073862E-10
58.5473442 0.337021887 5.20169019E-10
59.2252884 0.340924412 5.09779552E-10
59.911087 0.344872117 4.99567387E-10
60.6048241 0.348865569 4.89529695E-10
61.3065948 0.352905244 4.79663753E-10
62.0164909 0.356991678 4.69966954E-10
62.7346077 0.361125439 4.60436633E-10
63.4610405 0.365307093 4.51070237E-10
64.1958847 0.369537145 4.41865239E-10
64.9392395 0.373816192 4.32819142E-10
65.6912003 0.378144771 4.23929419E-10
66.4518661 0.382523477 4.15193546E-10
67.221344 0.386952877 4.06609024E-10
67.999733 0.391433597 3.98173494E-10
68.7871323 0.395966172 3.89884541E-10
69.5836487 0.40055126 3.81739834E-10
70.389389 0.405189425 3.73737152E-10
71.2044601 0.409881294 3.65874248E-10
72.0289688 0.414627492 3.58148899E-10
72.8630219 0.419428647 3.50558998E-10
73.7067413 0.424285412 3.43102408E-10
74.5602188 0.429198414 3.35777128E-10
75.4235916 0.434168279 3.28581079E-10
76.2969513 0.439195722 3.21512317E-10
77.1804276 0.444281369 3.14568843E-10
78.0741348 0.449425906 3.07748799E-10
78.9781952 0.454630017 3.01050268E-10
79.8927155 0.459894359 2.94471419E-10
80.8178329 0.465219706 2.88010449E-10
81.7536621 0.470606685 2.81665552E-10
82.7003174 0.476056069 2.75434897E-10
83.6579437 0.481568515 2.69316652E-10
84.6266556 0.487144828 2.63309041E-10
85.6065903 0.492785692 2.5741026E-10
86.5978699 0.498491883 2.51618643E-10
87.6006241 0.504264176 2.45932497E-10
88.6149902 0.510103285 2.40350156E-10
89.6411057 0.516009986 2.34870012E-10
90.6791 0.521985114 2.29490496E-10
91.7291107 0.528029382 2.24210039E-10
92.7912827 0.534143686 2.19027144E-10
93.8657608 0.540328801 2.1394031E-10
94.9526749 0.5465855 2.08948081E-10
96.0521698 0.552914619 2.04049014E-10
97.1644058 0.559317112 1.99241693E-10
98.2895126 0.565793693 1.94524757E-10
99.4276581 0.572345257 1.8989682E-10
100.578972 0.578972697 1.85356577E-10
101.743622 0.585676908 1.80902696E-10
102.921761 0.592458725 1.76533871E-10
104.113533 0.599319041 1.72248785E-10
105.319115 0.606258869 1.68046063E-10
106.538651 0.613278985 1.63924416E-10
107.772308 0.620380461 1.59882552E-10
109.020256 0.627564132 1.55919194E-10
110.282654 0.634830952 1.52033136E-10
111.559662 0.642181933 1.4822317E-10
112.851463 0.649618089 1.44488088E-10
114.158218 0.657140315 1.40826767E-10
115.48011 0.664749622 1.3723804E-10
116.817307 0.672447026 1.33720826E-10
118.169991 0.680233598 1.30274E-10
119.53833 0.688110352 1.26896521E-10
120.922523 0.6960783 1.23587307E-10
122.322739 0.704138517 1.20345331E-10
123.739166 0.712292075 1.17169593E-10
125.172005 0.720539987 1.14059068E-10
126.621422 0.728883445 1.11012789E-10
128.087631 0.737323523 1.0802978E-10
129.570816 0.745861351 1.05109074E-10
131.071182 0.754498005 1.02249674E-10
132.588913 0.763234675 9.94505867E-11
134.124222 0.772072494 9.67108199E-11
135.677307 0.781012714 9.40294162E-11
137.248367 0.790056407 9.14054388E-11
138.837631 0.799204826 8.88379717E-11
140.445297 0.808459163 8.6326106E-11
142.071579 0.817820668 8.38689534E-11
143.71669 0.827290595 8.14656467E-11
145.380844 0.836870193 7.91153462E-11
147.064285 0.846560657 7.68171915E-11
148.767197 0.856363416 7.45703777E-11
150.489838 0.866279602 7.23740859E-11
152.232437 0.876310647 7.02275182E-11
153.995209 0.88645786 6.81298976E-11
155.778381 0.896722555 6.60804328E-11
157.582214 0.907106102 6.40783746E-11
159.406937 0.91760993 6.21229734E-11
161.252777 0.928235352 6.02134731E-11
163.119995 0.938983798 5.8349145E-11
165.008835 0.949856699 5.65292223E-11
166.91954 0.960855544 5.47529279E-11
168.852386 0.971981704 5.30195124E-11
170.807602 0.98323673 5.13282333E-11
172.785461 0.994622052 4.96783621E-11
174.786224 1.00613928 4.8069191E-11
176.81015 1.01778984 4.65000156E-11
178.857513 1.02957523 4.49701491E-11
180.928589 1.04149723 4.3478908E-11
183.023636 1.05355716 4.2025633E-11
185.14296 1.0657568 4.0609658E-11
187.286804 1.07809758 3.92303377E-11
189.45549 1.09058142 3.78870338E-11
191.649277 1.10320973 3.65791147E-11
193.868469 1.11598432 3.53059526E-11
196.113373 1.12890685 3.40669333E-11
198.384247 1.14197898 3.28614497E-11
200.681427 1.15520239 3.16888946E-11
203.005219 1.1685791 3.05486782E-11
205.355911 1.18211055 2.94402003E-11
207.73381 1.19579875 2.83628485E-11
210.139252 1.20964539 2.73160123E-11
212.572556 1.22365248 2.62990879E-11
215.034027 1.2378217 2.53114821E-11
217.524002 1.25215507 2.43526102E-11
220.042816 1.26665425 2.34218981E-11
222.59079 1.28132141 2.2518782E-11
225.168274 1.29615843 2.16427033E-11
227.775604 1.31116724 2.0793112E-11
230.413116 1.32634985 1.99694636E-11
233.081177 1.3417083 1.91712236E-11
235.780121 1.35724449 1.83978631E-11
238.51033 1.37296069 1.76488563E-11
241.272156 1.3888588 1.69236881E-11
244.065948 1.40494108 1.62218468E-11
246.892105 1.42120945 1.5542824E-11
249.750977 1.4376663 1.48861201E-11
252.64296 1.45431376 1.42512417E-11
255.56842 1.47115386 1.36376951E-11
258.527771 1.48818898 1.3044993E-11
261.521393 1.5054214 1.24726401E-11
264.549652 1.52285337 1.19201411E-11
267.613007 1.54048717 1.13870085E-11
270.711792 1.55832517 1.08727654E-11
273.846497 1.57636976 1.03769389E-11
277.017487 1.59462321 9.89906681E-12
280.22522 1.61308813 9.43869115E-12
283.470062 1.6317668 8.99536175E-12
286.752502 1.65066183 8.56863538E-12
290.072937 1.66977549 8.15807404E-12
293.431824 1.68911064 7.76324751E-12
296.82959 1.70866966 7.38373078E-12
300.266724 1.72845507 7.01910405E-12
303.743652 1.74846959 6.66895445E-12
307.260834 1.76871598 6.33287433E-12
310.818726 1.78919673 6.01046209E-12
314.417847 1.80991471 5.70132179E-12
318.058624 1.83087254 5.40506268E-12
321.741577 1.85207295 5.12130009E-12
325.467163 1.87351894 4.8496541E-12
329.235901 1.89521325 4.58974395E-12
333.048279 1.91715884 4.34119494E-12
336.904785 1.93935847 4.10363757E-12
340.805969 1.96181524 3.87671232E-12
344.752319 1.984532 3.66006574E-12
348.744354 2.00751185 3.45335132E-12
352.782623 2.03075767 3.25623057E-12
356.867676 2.05427265 3.06837108E-12
361 2.07806015 2.88944801E-12
365.180176 2.10212278 2.71914284E-12
369.408752 2.12646437 2.55714417E-12
373.68631 2.15108752 2.40314648E-12
378.013397 2.17599607 2.25685226E-12
382.390594 2.20119286 2.11796921E-12
386.818451 2.22668147 1.98621241E-12
391.297607 2.25246525 1.86130365E-12
395.828613 2.27854753 1.74297068E-12
400.412109 2.30493188 1.63094798E-12
405.048645 2.33162165 1.52497687E-12
409.738892 2.35862064 1.42480439E-12
414.483459 2.38593221 1.33018238E-12
419.282928 2.41355991 1.24086852E-12
424.138 2.44150758 1.15662818E-12
429.049286 2.46977901 1.07723368E-12
434.017456 2.4983778 1.00246439E-12
439.043152 2.52730751 9.32106605E-13
444.127014 2.55657244 8.6595363E-13
449.269775 2.58617616 8.03805102E-13
454.472076 2.61612272 7.45467544E-13
459.734619 2.64641595 6.90753878E-13
465.058075 2.67705989 6.39483366E-13
470.443207 2.70805883 5.91481562E-13
475.890686 2.7394166 5.46580359E-13
481.401245 2.77113771 5.04617561E-13
486.975586 2.80322599 4.65437096E-13
492.614502 2.83568573 4.28888777E-13
498.318726 2.86852145 3.94828186E-13
504.088959 2.90173721 3.63116628E-13
509.926056 2.93533778 3.33620989E-13
515.830688 2.96932745 3.06213605E-13
521.803772 3.00371075 2.80771635E-13
527.845947 3.03849196 2.57177526E-13
533.95813 3.07367611 2.35319116E-13
540.141052 3.10926747 2.15089516E-13
546.39563 3.1452713 1.96386893E-13
552.722595 3.18169165 1.79114346E-13
559.122803 3.21853399 1.63179745E-13
565.597107 3.25580287 1.48495582E-13
572.146423 3.29350328 1.3497882E-13
578.771606 3.33164024 1.22550719E-13
585.47345 3.37021875 1.1113676E-13
592.25293 3.40924406 1.0066641E-13
599.11084 3.44872117 9.10730299E-14
606.048218 3.48865557 8.22937299E-14
613.065979 3.52905226 7.42692244E-14
620.164917 3.56991673 6.69436837E-14
627.346069 3.61125445 6.02645985E-14
634.610413 3.65307093 5.41826546E-14
641.958862 3.69537139 4.8651587E-14
649.392395 3.7381618 4.36280447E-14
656.911987 3.78144765 3.90713598E-14
664.518677 3.82523489 3.4943548E-14
672.21344 3.86952901 3.12092102E-14
679.997314 3.91433597 2.78353966E-14
687.871338 3.95966172 2.47914872E-14
695.836487 4.00551271 2.20490486E-14
703.89386 4.05189419 1.95817212E-14
712.044617 4.09881306 1.73650953E-14
720.289673 4.14627504 1.53766041E-14
728.630249 4.19428635 1.35954074E-14
737.067383 4.24285412 1.20022917E-14
745.602234 4.29198408 1.0579566E-14
754.235901 4.34168291 9.31097071E-15
762.969543 4.39195728 8.18157679E-15
771.804321 4.4428134 7.17770553E-15
780.741394 4.49425888 6.28684074E-15
789.781921 4.54629993 5.49754834E-15
798.927185 4.59894371 4.79940176E-15
808.178345 4.65219688 4.18290619E-15
817.53656 4.70606709 3.63943249E-15
827.003235 4.76056051 3.16114242E-15
836.579468 4.81568527 2.74093848E-15
846.266602 4.87144852 2.37240778E-15
856.065918 4.92785692 2.04976552E-15
865.978699 4.98491907 1.76780244E-15
876.006226 5.04264164 1.52183646E-15
886.149902 5.10103273 1.30766609E-15
896.411011 5.16009951 1.12152869E-15
906.791016 5.21985102 9.60060177E-16
917.291138 5.28029394 8.20259136E-16
927.912842 5.34143686 6.99452491E-16
938.657593 5.40328789 5.95264209E-16
949.526733 5.46585464 5.05586872E-16
960.521729 5.52914667 4.28554626E-16
971.644043 5.59317112 3.62519116E-16
982.895142 5.65793705 3.06027128E-16
994.27655 5.72345257 2.57800195E-16
