# Energy_keV Cloudy_normalized_reflectance XSTAR_normalized_reflectance normalized_reflection_XSTAR_over_Cloudy Cloudy_transmittance XSTAR_transmittance transmission_XSTAR_over_Cloudy
5.503649999999999931e-01 1.014355144386760443e+00 1.053311369791133156e+00 1.038404917271774863e+00 9.991181657848324793e-01 9.991836179331927692e-01 1.000065509917246853e+00
5.512190000000000145e-01 1.011614223996395001e+00 1.052030534672813822e+00 1.039952295764242640e+00 9.991189427312775484e-01 9.991826068648638204e-01 1.000063720274797507e+00
5.520750000000000934e-01 1.015237753632025175e+00 1.051137246102725520e+00 1.035360675213534476e+00 9.991189427312775484e-01 9.991877933399053724e-01 1.000068911323450216e+00
5.529319999999999791e-01 1.012561260198647117e+00 1.050361275231153302e+00 1.037331089503750636e+00 1.000000000000000000e+00 9.991867849449682648e-01 9.991867849449682648e-01
5.537910000000000332e-01 1.010558322595689562e+00 1.060490977699515946e+00 1.049410958266684624e+00 9.991197183098591283e-01 9.991857740429737067e-01 1.000066113931998402e+00
5.546510000000000051e-01 1.015733255778373145e+00 1.059528626262617124e+00 1.043116999699574610e+00 9.991197183098591283e-01 9.991847606245605196e-01 1.000065099620705444e+00
5.555119999999998948e-01 1.023845761984914171e+00 1.048576962143715763e+00 1.024155200985405800e+00 1.000000000000000000e+00 9.991837497663406120e-01 9.991837497663406120e-01
5.563740000000000352e-01 1.021713917264685190e+00 1.068526358012749533e+00 1.045817561997579359e+00 9.991204925241864432e-01 9.991827363981757859e-01 1.000062298666131833e+00
5.572380000000000111e-01 1.101479445447899774e+00 1.110930280134737380e+00 1.008580128050410085e+00 9.991204925241864432e-01 9.991754741023911590e-01 1.000055029977481302e+00
5.581029999999999047e-01 1.013141975487222401e+00 2.302412648833126241e+00 2.272546893268231560e+00 9.991212653778558384e-01 9.989430431601132865e-01 9.998216210344845756e-01
5.589700000000000779e-01 1.096033567674222553e+00 1.445829541590403000e+00 1.319147135847714702e+00 9.991212653778558384e-01 9.991108105400260397e-01 9.999895359670621930e-01
5.598370000000000291e-01 1.052678025108478854e+00 1.180489384133564412e+00 1.121415433757073643e+00 9.991212653778558384e-01 9.991849478680117080e-01 1.000063738499382016e+00
5.607069999999999554e-01 1.242689306695611506e+00 1.163812225124682964e+00 9.365271100781678015e-01 9.991220368744512248e-01 9.991839399379793818e-01 1.000061957459893236e+00
5.615769999999999929e-01 1.012833819860266438e+00 1.154560651700746954e+00 1.139930982814173266e+00 9.991220368744512248e-01 9.991892095736122359e-01 1.000067231726137429e+00
5.624489999999999768e-01 1.012799681385834205e+00 1.200777975752036486e+00 1.185602639713499773e+00 9.991220368744512248e-01 9.991819114324730355e-01 1.000059927171868868e+00
5.633219999999999894e-01 1.044020336730234311e+00 1.044614241504908003e+00 1.000568863223999738e+00 9.991228070175438569e-01 9.991808959737886742e-01 1.000058139956206293e+00
5.641969999999999485e-01 1.201228982612592144e+00 1.425098334286617918e+00 1.186366924969729730e+00 9.991228070175438569e-01 9.991798831648939228e-01 1.000057126258102835e+00
5.650729999999999364e-01 1.010922921348118786e+00 1.458933726482461113e+00 1.443170093063966153e+00 9.991228070175438569e-01 9.991851842494220426e-01 1.000062431996787682e+00
5.659500000000000641e-01 1.010103304487715015e+00 1.036253471662767156e+00 1.025888606698811323e+00 9.991235758106923326e-01 9.991841794046406600e-01 1.000060656754995669e+00
5.668289999999999162e-01 1.010419732127991965e+00 1.032705719500771391e+00 1.022056168010341715e+00 9.991235758106923326e-01 9.991895040778075998e-01 1.000065986098928494e+00
5.677089999999999081e-01 1.164054664946909901e+00 1.036600548086336948e+00 8.905084780821819201e-01 1.000000000000000000e+00 9.991885072336972318e-01 9.991885072336972318e-01
5.685900000000000398e-01 1.009747953184645608e+00 1.320755835828136604e+00 1.308005459840352103e+00 9.991243432574430372e-01 9.991811655378599610e-01 1.000056872080838044e+00
5.694730000000000070e-01 1.010092844645605448e+00 1.234563200751634060e+00 1.222227448987409426e+00 9.991243432574430372e-01 9.991865061711133755e-01 1.000062217394751540e+00
5.703570000000000029e-01 1.009635071111046889e+00 1.042239548565511376e+00 1.032293328933775234e+00 9.991251093613298107e-01 9.991791334449032780e-01 1.000054071390126476e+00
5.712430000000000563e-01 1.009904448470893890e+00 1.040456173103208259e+00 1.030252094322956058e+00 9.991251093613298107e-01 9.991844848237723120e-01 1.000059427454966565e+00
5.721300000000000274e-01 1.023692257724554189e+00 1.042056455897857337e+00 1.017939178532152544e+00 9.991251093613298107e-01 9.991834755871958906e-01 1.000058417334645400e+00
5.730180000000000273e-01 1.009223916597699278e+00 1.061347353918118852e+00 1.051647049245660437e+00 9.991258741258741694e-01 9.991824690711443857e-01 1.000056644459658139e+00
5.739079999999999737e-01 1.055458217707095248e+00 1.384521266120748217e+00 1.311772690659908980e+00 9.991258741258741694e-01 9.991175172819531936e-01 9.999916358447544784e-01
5.747989999999999489e-01 1.010041278806673049e+00 1.095395524074031623e+00 1.084505699973174808e+00 9.991258741258741694e-01 9.991740564074654829e-01 1.000048224435818423e+00
5.756910000000000638e-01 1.034924324025718434e+00 1.212687088493356491e+00 1.171764022103726877e+00 9.991266375545851952e-01 9.991730292132238178e-01 1.000046432210787817e+00
5.765850000000000142e-01 1.009405296566339372e+00 1.049718780584946165e+00 1.039937856632751734e+00 9.991266375545851952e-01 9.991848366784983337e-01 1.000058249997273219e+00
5.774799999999999933e-01 1.010577526503650514e+00 1.022901530919426705e+00 1.012195011359904528e+00 1.000000000000000000e+00 9.991838256085961989e-01 9.991838256085961989e-01
5.783769999999999190e-01 1.010119946987564132e+00 1.022972232562544326e+00 1.012723524184735657e+00 9.991273996509598687e-01 9.991828120274626190e-01 1.000055460771591465e+00
5.792749999999999844e-01 1.081368814782006638e+00 1.022608909925354137e+00 9.456615503855657634e-01 9.991273996509598687e-01 9.991882384774961601e-01 1.000060891960882659e+00
5.801739999999999675e-01 1.135076243424871789e+00 1.111099636515441524e+00 9.788766551601102428e-01 9.991281604184829579e-01 9.991807825784062569e-01 1.000052668078038387e+00
5.810750000000000082e-01 1.010272206803343842e+00 1.221257109323352630e+00 1.208839658360589153e+00 9.991281604184829579e-01 9.991862252476846340e-01 1.000058115496591959e+00
5.819769999999999666e-01 1.010473813706848301e+00 1.085970653741608283e+00 1.074714296412893066e+00 9.991281604184829579e-01 9.991852201522215537e-01 1.000057109524082222e+00
5.828799999999999537e-01 1.009449781272256041e+00 1.034887807507377744e+00 1.025199892760451092e+00 9.991289198606271293e-01 9.991777433911934736e-01 1.000048866096852729e+00
5.837849999999999984e-01 1.023611118439831102e+00 1.060091553278694310e+00 1.035638959153224237e+00 9.991289198606271293e-01 9.991767199745885675e-01 1.000047841787992775e+00
5.846919999999999895e-01 1.023944943872350022e+00 1.224764569492018618e+00 1.196123460369080016e+00 9.991289198606271293e-01 9.991821846055988221e-01 1.000053311183284555e+00
5.855990000000000917e-01 1.012007165069703341e+00 1.210684610418063301e+00 1.196320196344336839e+00 9.991296779808529482e-01 9.991746654795713445e-01 1.000045026686435135e+00
5.865090000000000581e-01 1.009766304782471202e+00 1.301028255900027242e+00 1.288444910211478112e+00 9.991296779808529482e-01 9.991866533060916877e-01 1.000057024955312901e+00
5.874190000000000245e-01 1.009698272620261461e+00 1.167262208654199496e+00 1.156050515591202199e+00 9.991296779808529482e-01 9.991856465315056557e-01 1.000056017303745604e+00
5.883310000000000484e-01 1.009151787267948741e+00 1.011662518107045772e+00 1.002487961544312745e+00 9.991304347826086563e-01 9.991846425799213449e-01 1.000054254975552226e+00
5.892450000000000188e-01 1.009736239818407988e+00 1.008926994510203512e+00 9.991985577259759888e-01 9.991304347826086563e-01 9.991836361498974695e-01 1.000053247669610235e+00
5.901589999999999892e-01 1.009356994760658655e+00 1.007712847836234271e+00 9.983710947336187358e-01 1.000000000000000000e+00 9.991826272322450464e-01 9.991826272322450464e-01
5.910760000000000458e-01 1.009130384882149345e+00 1.007349532990190033e+00 9.982352608556452900e-01 9.991311902693310598e-01 9.991881628911876145e-01 1.000057022163266973e+00
5.919930000000001025e-01 1.008962042610433096e+00 1.074646897268374479e+00 1.065101413020452581e+00 9.991311902693310598e-01 9.991281661335151831e-01 9.999969732345007634e-01
5.929130000000000233e-01 1.589095383690489749e+00 1.681814413387894058e+00 1.058347051189636678e+00 9.982638888888888395e-01 9.986676642776508572e-01 1.000404477606829490e+00
5.938329999999999442e-01 1.130296737228894344e+00 1.106434445853382353e+00 9.788884718591559508e-01 9.991319444444444198e-01 9.991062979707706626e-01 9.999743312444203669e-01
5.947550000000000336e-01 1.008931666904334667e+00 1.042290932233576051e+00 1.033063949148901539e+00 9.991319444444444198e-01 9.991775666499986830e-01 1.000045661842570377e+00
5.956780000000000408e-01 1.008351061532517523e+00 1.022651447241153644e+00 1.014181951360176193e+00 9.991326973113616727e-01 9.991831357048748252e-01 1.000050482176840783e+00
5.966029999999999944e-01 1.013487337942162503e+00 1.007528891295682572e+00 9.941208474704990028e-01 9.991326973113616727e-01 9.991821281816203326e-01 1.000049473779000220e+00
5.975300000000000056e-01 1.008887750174549680e+00 1.032622108952760520e+00 1.023525272037552725e+00 9.991326973113616727e-01 9.991745142842047844e-01 1.000041853272298775e+00
5.984570000000000167e-01 1.008094184318792719e+00 1.015946632159127727e+00 1.007789399009023423e+00 9.991334488734835428e-01 9.991801056605770226e-01 1.000046697252650274e+00
5.993859999999999744e-01 1.008089117221645958e+00 1.000180162855957677e+00 9.921545087328332846e-01 9.991334488734835428e-01 9.991857108810211496e-01 1.000052307334517332e+00
6.003169999999999895e-01 1.015632069277820682e+00 1.006954695074929074e+00 9.914561833311724692e-01 1.000000000000000000e+00 9.991913299970172080e-01 9.991913299970172080e-01
6.012490000000000334e-01 1.007926826251017260e+00 1.006182028790743477e+00 9.982689244746431045e-01 9.991341991341990969e-01 9.991836951399996058e-01 1.000049538896620183e+00
6.021819999999999951e-01 1.008002240624676915e+00 1.063183674067800677e+00 1.054743363872809203e+00 9.991341991341990969e-01 9.991893310652322224e-01 1.000055179705670039e+00
6.031170000000000142e-01 1.007036992208820481e+00 1.034661227102712910e+00 1.027431201740962585e+00 9.991349480968858554e-01 9.991883278889206466e-01 1.000053426008304935e+00
6.040539999999999798e-01 1.015062465363383737e+00 1.025867204195453519e+00 1.010644407808145795e+00 9.991349480968858554e-01 9.991873276401860293e-01 1.000052424893554059e+00
6.049919999999999742e-01 1.009453149436978503e+00 9.963464097422081167e-01 9.870159999975425258e-01 9.991349480968858554e-01 9.991863194963184203e-01 1.000051415876834771e+00
6.059309999999999974e-01 1.110124361701778639e+00 9.966896775720842649e-01 8.978180390926623344e-01 9.991356957649092374e-01 9.991853088480801004e-01 1.000049656001062770e+00
6.068719999999999670e-01 1.361397282418198573e+00 1.015977154617887956e+00 7.462752921125610506e-01 9.991356957649092374e-01 9.991842956861276548e-01 1.000048641962672846e+00
6.078139999999999654e-01 1.007192786622749692e+00 9.969803372091372573e-01 9.898604819759917461e-01 9.991356957649092374e-01 9.991899744272918493e-01 1.000054325616242856e+00
6.087580000000000213e-01 1.006641650616755923e+00 9.925259120969029958e-01 9.859773947251194715e-01 9.991364421416234487e-01 9.991822672645499503e-01 1.000045864729774303e+00
6.097029999999999950e-01 1.016781393085244289e+00 1.011503438924195697e+00 9.948091554419248306e-01 9.991364421416234487e-01 9.991812520133147579e-01 1.000044848601053138e+00
6.106489999999999974e-01 1.007805738330987522e+00 1.053841507256150445e+00 1.045679208972755125e+00 1.000000000000000000e+00 9.991869536294792908e-01 9.991869536294792908e-01
6.115969999999999462e-01 1.006208194884325335e+00 1.030066713679894441e+00 1.023711314335212563e+00 9.991371872303710377e-01 9.991926748699869743e-01 1.000055535556403141e+00
6.125470000000000637e-01 1.006451854989942829e+00 1.153308995236330681e+00 1.145915713223913057e+00 9.991371872303710377e-01 9.991782076844317739e-01 1.000041055877596285e+00
6.134980000000000988e-01 1.600637650793556688e+00 1.162243083063721372e+00 7.261125480132932797e-01 9.991379310344827847e-01 9.991839322326534489e-01 1.000046040888591836e+00
6.144500000000000517e-01 1.012042082727296899e+00 1.033200844388241002e+00 1.020906997863097354e+00 9.991379310344827847e-01 9.991896764783340101e-01 1.000051790090480841e+00
6.154039999999999511e-01 1.023034844749309835e+00 1.142134624055568981e+00 1.116418106301593216e+00 9.991379310344827847e-01 9.991886738874690144e-01 1.000050786634567812e+00
6.163600000000000190e-01 1.005696545309550327e+00 1.091207476913778951e+00 1.085026573873641542e+00 9.991386735572782563e-01 9.991876688125749251e-01 1.000049037492585668e+00
6.173170000000000046e-01 1.005576028669319610e+00 1.246374079501201271e+00 1.239462799397207382e+00 9.991386735572782563e-01 9.991798889800123096e-01 1.000041250953270788e+00
6.182750000000000190e-01 1.005507243712627119e+00 1.162959852760237833e+00 1.156590228496265915e+00 9.991386735572782563e-01 9.991856567000094724e-01 1.000047023645440403e+00
6.192349999999999799e-01 1.004840336211934471e+00 9.815310107937754713e-01 9.768029560735679295e-01 9.991394148020653621e-01 9.991846496711420667e-01 1.000045273831065673e+00
6.201969999999999983e-01 1.005206388585453858e+00 9.715876494739315028e-01 9.665553865422290558e-01 9.991394148020653621e-01 9.991836401485775232e-01 1.000044263438972569e+00
6.211590000000000167e-01 1.005492563900461933e+00 9.741871765719579690e-01 9.688656202418191032e-01 1.000000000000000000e+00 9.991894395553496677e-01 9.991894395553496677e-01
6.221240000000000103e-01 1.048619369154025538e+00 9.929391264139403317e-01 9.469013787290565531e-01 9.991401547721410203e-01 9.991816191664790736e-01 1.000041500077982093e+00
6.230900000000000327e-01 1.004782386094846158e+00 9.983499144323116914e-01 9.935981444822746811e-01 9.991401547721410203e-01 9.991874359849778342e-01 1.000047321902348685e+00
6.240569999999999729e-01 1.004402497417788975e+00 9.709161460535351562e-01 9.666604260240853064e-01 9.991408934707903811e-01 9.991864304808264485e-01 1.000045576164816818e+00
6.250259999999999705e-01 1.139697948978232400e+00 1.028047560928366799e+00 9.020351066263101458e-01 9.991408934707903811e-01 9.990416800717371038e-01 9.999007012927789706e-01
6.259959999999999969e-01 1.051218949552079174e+00 1.918057413306238468e+00 1.824603156291575878e+00 9.991408934707903811e-01 9.989034261080536048e-01 9.997623284520845699e-01
6.269679999999999698e-01 1.003474603298561973e+00 1.918180243556923070e+00 1.911538405906432647e+00 9.991416309012876029e-01 9.989775542273672260e-01 9.998357823667377575e-01
6.279420000000000002e-01 1.003901315498876068e+00 9.672152485762914864e-01 9.634565007972383244e-01 9.991416309012876029e-01 9.991824115424252639e-01 1.000040815676052741e+00
6.289170000000000593e-01 1.004085026429014871e+00 9.600130369484433102e-01 9.561073133046195105e-01 9.991416309012876029e-01 9.991814048193931042e-01 1.000039808088138304e+00
6.298930000000000362e-01 1.006320453495980649e+00 9.669174952110525245e-01 9.608445220923004237e-01 9.991423670668954093e-01 9.991803956140834497e-01 1.000038061189717720e+00
6.308709999999999596e-01 1.003331843350861341e+00 1.645483945457508312e+00 1.640019656868489051e+00 9.991423670668954093e-01 9.990276733810071752e-01 9.998852078645960040e-01
6.318510000000000515e-01 1.002532312412711235e+00 1.356099863342904888e+00 1.352674468994712109e+00 9.991431019708654215e-01 9.990955162461853112e-01 9.999523734642352668e-01
6.328310000000000324e-01 1.003118331249022388e+00 9.573108879157804507e-01 9.543349554023150549e-01 9.991431019708654215e-01 9.991911734207142848e-01 1.000048112677507373e+00
6.338139999999999885e-01 1.003225451660822110e+00 9.557470688868107134e-01 9.526742640994486644e-01 9.991431019708654215e-01 9.991901657045558771e-01 1.000047104097098405e+00
6.347979999999999734e-01 1.031542629031727554e+00 9.531354792136423892e-01 9.239903930178017255e-01 9.991438356164383805e-01 9.991822308465296842e-01 1.000038428130888279e+00
6.357840000000000158e-01 1.002247614009213583e+00 9.515255799536916914e-01 9.493917138374393661e-01 9.991438356164383805e-01 9.991881539870659523e-01 1.000044356346952101e+00
6.367709999999999759e-01 1.002732814655246552e+00 9.517298697223232073e-01 9.491360567964868267e-01 9.991438356164383805e-01 9.991871443756643600e-01 1.000043345870416323e+00
6.377589999999999648e-01 1.001985782062064789e+00 9.563482560344725991e-01 9.544529205457674692e-01 9.991445680068434809e-01 9.991861379113655683e-01 1.000041605495193719e+00
6.387500000000000400e-01 1.001846807983559184e+00 9.530411132584094558e-01 9.512842738667979248e-01 9.991445680068434809e-01 9.991851289516022749e-01 1.000040595671594978e+00
6.397410000000000041e-01 1.002507967789038501e+00 9.606938533537664471e-01 9.582904916681209695e-01 9.991445680068434809e-01 9.991492507130255163e-01 1.000004686715348257e+00
6.407340000000000257e-01 1.088042142037532356e+00 1.028901525389203986e+00 9.456449209425122904e-01 9.991452991452991483e-01 9.991272534316395504e-01 9.999819388494596284e-01
6.417289999999999939e-01 1.001202391723043705e+00 9.536424019219086334e-01 9.524971272598684591e-01 9.991452991452991483e-01 9.991890890534013137e-01 1.000043827367390614e+00
6.427260000000000195e-01 1.000521142662527563e+00 1.009286134300833249e+00 1.008760426206467553e+00 9.991460290350128171e-01 9.991880844392183603e-01 1.000042091348995354e+00
6.437229999999999341e-01 1.000678228171982376e+00 9.506227004651816026e-01 9.499783983526441933e-01 9.991460290350128171e-01 9.991870773327726774e-01 1.000041083381774998e+00
6.447229999999999350e-01 1.000775776303316489e+00 9.446244458017155621e-01 9.438921966027058463e-01 9.991460290350128171e-01 9.991930787204333919e-01 1.000047089898826957e+00
6.457240000000000757e-01 1.019463273295655670e+00 9.441014417158045680e-01 9.260769528889194468e-01 9.991467576791809302e-01 9.991920809886118970e-01 1.000045362014221340e+00
6.467260000000000231e-01 1.000606946760546068e+00 9.623735736837008004e-01 9.617898184690548691e-01 9.991467576791809302e-01 9.991840467062920172e-01 1.000037320870857505e+00
6.477300000000000280e-01 1.000755210232621595e+00 1.154307672309982546e+00 1.153436585198160724e+00 9.991467576791809302e-01 9.991407845622931605e-01 9.999940217822438360e-01
6.487359999999999793e-01 1.042706086466869575e+00 9.786540136632945197e-01 9.385713063010779900e-01 9.991474850809889396e-01 9.991749814899693050e-01 1.000027519870080095e+00
6.497430000000000705e-01 1.001229624433656928e+00 9.483846470076424673e-01 9.472199222472006408e-01 9.991474850809889396e-01 9.991880824625811730e-01 1.000040632020996245e+00
6.507519999999999971e-01 9.993843529823258631e-01 9.618882750301679385e-01 9.624808234787111116e-01 9.991482112436116392e-01 9.991800149859330071e-01 1.000031830855486081e+00
6.517619999999999525e-01 1.009874525189906391e+00 1.078389521394428785e+00 1.067845058465692221e+00 9.991482112436116392e-01 9.991719217784572615e-01 1.000023730748430317e+00
6.527739999999999654e-01 1.011245760512341052e+00 1.480468757603983079e+02 1.464004909008383208e+02 9.770017035775128145e-01 9.849060347515519176e-01 1.008090396511178710e+00
6.537880000000000358e-01 1.339650581105177025e+02 5.352780754661025640e+02 3.995654411798276850e+00 9.880851063829787506e-01 9.487941762865312878e-01 9.602352774648357236e-01
6.548030000000000239e-01 1.414083433531308387e+00 2.960052272342546686e+01 2.093265646250150880e+01 9.991489361702127203e-01 9.963698878288235194e-01 9.972185844964801538e-01
6.558189999999999298e-01 1.006136635373655830e+00 1.236376233549667525e+00 1.228835319261092351e+00 9.991489361702127203e-01 9.991820477257370436e-01 1.000033139759574974e+00
6.568379999999999219e-01 1.015916311463451072e+00 1.487953892171583359e+00 1.464642190879041239e+00 9.991496598639455495e-01 9.991881613992109612e-01 1.000038534302529536e+00
6.578570000000000251e-01 1.343399567577054921e+00 9.528662378188641480e-01 7.092947331652386112e-01 9.991496598639455495e-01 9.991871657754011204e-01 1.000037537831380163e+00
6.588789999999999925e-01 1.025922968859824369e+00 9.296743737955135423e-01 9.061834094900144132e-01 1.000000000000000000e+00 9.991861560866958092e-01 9.991861560866958092e-01
6.599019999999999886e-01 1.118331493065995996e+00 9.285341938820709240e-01 8.302852952271061460e-01 9.991503823279523910e-01 9.991851497108711344e-01 1.000034796947019800e+00
6.609260000000000135e-01 9.999263412562128250e-01 9.490771522584819930e-01 9.491470652389767393e-01 9.991503823279523910e-01 9.991841408430545135e-01 1.000033787221322523e+00
6.619519999999999849e-01 1.040456294813700389e+00 1.048249963843027155e+00 1.007490626053372251e+00 9.991511035653650730e-01 9.991759639430483064e-01 1.000024881499499418e+00
6.629800000000000137e-01 1.059456282108183656e+00 1.129445710025837268e+00 1.066061647941134005e+00 9.991511035653650730e-01 9.991677667451069889e-01 1.000016677337074000e+00
6.640089999999999604e-01 1.085336964798203185e+00 1.020090271584852104e+00 9.398834690703800065e-01 9.991511035653650730e-01 9.991739217883516266e-01 1.000022837609751969e+00
6.650399999999999645e-01 1.011296064306068221e+00 9.909225747742312906e-01 9.798540800751391888e-01 9.991518235793045433e-01 9.991728939362337636e-01 1.000021088243480127e+00
6.660730000000000262e-01 1.003612132654642108e+00 1.016499147914760481e+00 1.012840633189667772e+00 9.991518235793045433e-01 9.991574611495974700e-01 1.000005642356006197e+00
6.671070000000000055e-01 9.989925258133921515e-01 9.597888487048721329e-01 9.607567863667448860e-01 9.991518235793045433e-01 9.991852567522747641e-01 1.000033461554271641e+00
6.681430000000000424e-01 1.010801074613830286e+00 9.693338205415429343e-01 9.589758508239322188e-01 9.991525423728813138e-01 9.991770260319660091e-01 1.000024504425547134e+00
6.691799999999999971e-01 1.005225158021701981e+00 9.801923689062637113e-01 9.750973312638701040e-01 9.991525423728813138e-01 9.991687808544932325e-01 1.000016252254709137e+00
6.702190000000000092e-01 1.007895969966675853e+00 9.652213309459078960e-01 9.576596788831500673e-01 9.991532599491955713e-01 9.991749891445940168e-01 1.000021747609970868e+00
6.712599999999999678e-01 1.004727474263017895e+00 9.598088079233043635e-01 9.552926863350064135e-01 9.991532599491955713e-01 9.991739669152012171e-01 1.000020724514281811e+00
6.723020000000000662e-01 1.004343290653630927e+00 9.572403462265500762e-01 9.531007526356589654e-01 9.991532599491955713e-01 9.991801970429053936e-01 1.000026959921755276e+00
6.733460000000000001e-01 1.003518148904795737e+00 9.557526990540031742e-01 9.524020069762344498e-01 9.991539763113367334e-01 9.991791787429086247e-01 1.000025223771480176e+00
6.743909999999999627e-01 1.003453059714094264e+00 9.570553315450207599e-01 9.537619346317074420e-01 9.991539763113367334e-01 9.991781638872120341e-01 1.000024208056464525e+00
6.754379999999999828e-01 1.004729525033964954e+00 9.623255733074812523e-01 9.577956547807727761e-01 9.991539763113367334e-01 9.991844284081061733e-01 1.000030477881779456e+00
6.764869999999999495e-01 1.036978230110397359e+00 1.008966456645036258e+00 9.729871152045507232e-01 9.991546914623837816e-01 9.991761326353548744e-01 1.000021459312711247e+00
6.775370000000000559e-01 1.064964349847168590e+00 1.235460771451356798e+00 1.160095895819100331e+00 9.991546914623837816e-01 9.991751162502098271e-01 1.000020442067680371e+00
6.785890000000001088e-01 1.003514460499203453e+00 1.005664072719969271e+00 1.002142083951332863e+00 9.991554054054053724e-01 9.991814002441181675e-01 1.000026016812371799e+00
6.796420000000000794e-01 1.002250520180834492e+00 9.471282269264534870e-01 9.450014820202483623e-01 9.991554054054053724e-01 9.991730698865715077e-01 1.000017679413102822e+00
6.806980000000000253e-01 1.057337203326643937e+00 9.459992347829347947e-01 8.946996585446795880e-01 9.991554054054053724e-01 9.991793669402110334e-01 1.000023981789695648e+00
6.817539999999999711e-01 1.001745650559145551e+00 9.919970359539468374e-01 9.902683734141921601e-01 9.991561181434599481e-01 9.991783555372968362e-01 1.000022256175419511e+00
6.828130000000000033e-01 1.001252253639644874e+00 9.798938509460576318e-01 9.786683099928639162e-01 9.991561181434599481e-01 9.991773416382653261e-01 1.000021241420054441e+00
6.838730000000000642e-01 1.003541614808241444e+00 1.043227366374169129e+00 1.039545695943571824e+00 9.991561181434599481e-01 9.991836794728481408e-01 1.000027584607537934e+00
6.849349999999999605e-01 1.001053594780798583e+00 9.874861682082707315e-01 9.864468529524648144e-01 9.991568296795952930e-01 9.991826756695064704e-01 1.000025867800873103e+00
6.859979999999999967e-01 1.000718067906457120e+00 9.386670600827399236e-01 9.379935170416874302e-01 9.991568296795952930e-01 9.991816693944353123e-01 1.000024860676624661e+00
6.870629999999999793e-01 1.000448382103921396e+00 9.393202171891932295e-01 9.388992315763687868e-01 9.991575400168491994e-01 9.991806606384942002e-01 1.000023140116266918e+00
6.881300000000000194e-01 1.001363940532717267e+00 9.544519636803107110e-01 9.531519211412288195e-01 9.991575400168491994e-01 9.991796493924971490e-01 1.000022128017617362e+00
6.891979999999999773e-01 1.000520333686220953e+00 9.541417819565665148e-01 9.536455680427985415e-01 9.991575400168491994e-01 9.991786356472128761e-01 1.000021113417573160e+00
6.902679999999999927e-01 1.002763162142136455e+00 9.920258275696781647e-01 9.892922526695926422e-01 9.991582491582491343e-01 9.991850282276586448e-01 1.000026801629703810e+00
6.913400000000000656e-01 1.000888638861646029e+00 1.279861321564902177e+00 1.278724996839352590e+00 9.991582491582491343e-01 9.991172630704409086e-01 9.999589793830528928e-01
6.924130000000000562e-01 9.998686270621929273e-01 1.321714469524394753e+00 1.321888129851465532e+00 9.991582491582491343e-01 9.991087410224226417e-01 9.999504501555502856e-01
6.934880000000001044e-01 1.000081361615207554e+00 9.313936893640649695e-01 9.313179158341610142e-01 9.991589571068124620e-01 9.991745677635248679e-01 1.000015623796995934e+00
6.945650000000000990e-01 9.988132275674100891e-01 9.282897578928707150e-01 9.293927355704950655e-01 9.991589571068124620e-01 9.991809869851386861e-01 1.000022048421994825e+00
6.956430000000000113e-01 1.087818483345271092e+00 1.215420093816053093e+00 1.117300461818207191e+00 9.991596638655462215e-01 9.991128803804922853e-01 9.999531771680284509e-01
6.967240000000000100e-01 9.978775794409996402e-01 1.692033691528000316e+00 1.695632536884794650e+00 9.991596638655462215e-01 9.989998208634381927e-01 9.998400225630710292e-01
6.978049999999998976e-01 9.994188318644681157e-01 1.358766161258138760e+00 1.359556292053542226e+00 9.991596638655462215e-01 9.990882526586403189e-01 9.999285287332060346e-01
6.988889999999999825e-01 1.011302058350250777e+00 9.615162293958636752e-01 9.507705649926162517e-01 9.991603694374475708e-01 9.991769116227561254e-01 1.000016556086304576e+00
6.999740000000000961e-01 1.052833520939511880e+00 9.249935887954386926e-01 8.785753591603036039e-01 9.991603694374475708e-01 9.991833799081489831e-01 1.000023029807231456e+00
7.010599999999999055e-01 1.014864518149768413e+00 9.192052160027779362e-01 9.057418005692129404e-01 9.991603694374475708e-01 9.991748679788766685e-01 1.000014510725077299e+00
7.021490000000000231e-01 9.967758472059290442e-01 9.178137693165775435e-01 9.207825128280437976e-01 9.991610738255033430e-01 9.991813497964640023e-01 1.000020292995285498e+00
7.032390000000000585e-01 9.964027617422110961e-01 9.165696125388256288e-01 9.198786351577377118e-01 9.991610738255033430e-01 9.991803401964175491e-01 1.000019282547548016e+00
7.043310000000000404e-01 9.966701888153612909e-01 9.151510436826245654e-01 9.182085046311758703e-01 1.000000000000000000e+00 9.991868572030899731e-01 9.991868572030899731e-01
7.054239999999999400e-01 9.958475966982447414e-01 9.136560984540302854e-01 9.174657864147864883e-01 9.991617770326907122e-01 9.991783197014812989e-01 1.000016556546868385e+00
7.065200000000000369e-01 9.960288353765778258e-01 9.122637325040995337e-01 9.159009258594321690e-01 9.991617770326907122e-01 9.991848441391802949e-01 1.000023086458089017e+00
7.076169999999999405e-01 9.949847691364225311e-01 9.108543961886167439e-01 9.154455670504131337e-01 9.991624790619765273e-01 9.991838338648488804e-01 1.000021372702958544e+00
7.087149999999999839e-01 9.969629347473674130e-01 9.094283167908900900e-01 9.121987238385559360e-01 9.991624790619765273e-01 9.991828210832160995e-01 1.000020359072389065e+00
7.098150000000000848e-01 1.046144505198947305e+00 9.084228215926728467e-01 8.683530975674497165e-01 9.991624790619765273e-01 9.991818119834241507e-01 1.000019349126746393e+00
7.109170000000000211e-01 1.197230079353771570e+00 9.156340089738597143e-01 7.647936890026110213e-01 9.991631799163179783e-01 9.991808003883613232e-01 1.000017635229557555e+00
7.120209999999999040e-01 9.956476839827593794e-01 9.403055359190433116e-01 9.444159325090396573e-01 9.991631799163179783e-01 9.991797862887608073e-01 1.000016620280627544e+00
7.131269999999999554e-01 9.953308791890377316e-01 9.499828490578406948e-01 9.544392411816409183e-01 1.000000000000000000e+00 9.991787759198850205e-01 9.991787759198850205e-01
7.142340000000000355e-01 9.946125571101452900e-01 9.029160942673999379e-01 9.078068518366888551e-01 9.991638795986621524e-01 9.991777630587214132e-01 1.000013895078017523e+00
7.153429999999999511e-01 9.939534910296868864e-01 9.181688729594829068e-01 9.237543619956555263e-01 9.991638795986621524e-01 9.991843704025551443e-01 1.000020507951009163e+00
7.164530000000000065e-01 9.923834465027842056e-01 9.741950077412862008e-01 9.816719647777327751e-01 9.991645781119464775e-01 9.991833619538256217e-01 1.000018799547432558e+00
7.175660000000000371e-01 1.194269937026272821e+00 9.780822748122595112e-01 8.189792311507734235e-01 9.991645781119464775e-01 9.991747157354199382e-01 1.000010146099747255e+00
7.186799999999999855e-01 1.000810031888742291e+00 9.166803666301898135e-01 9.159384272959556483e-01 9.991645781119464775e-01 9.991813500837777307e-01 1.000016785995219148e+00
7.197960000000001024e-01 9.915951098579433021e-01 8.951819560016665012e-01 9.027696356125747279e-01 9.991652754590985008e-01 9.991803404268357891e-01 1.000015077553341181e+00
7.209130000000000260e-01 1.001671274675246082e+00 8.936425207690915640e-01 8.921514905764081904e-01 9.991652754590985008e-01 9.991869918699186615e-01 1.000021734553184993e+00
7.220320000000000071e-01 9.913552228643111031e-01 8.922201131644154071e-01 9.000004161843564443e-01 9.991659716430358884e-01 9.991859866839708504e-01 1.000020031747980820e+00
7.231530000000000458e-01 1.032193022029011864e+00 8.925170208731133537e-01 8.646803474011737212e-01 9.991659716430358884e-01 9.991849790093650929e-01 1.000019023232244342e+00
7.242759999999999199e-01 9.908489149573007637e-01 8.916084058186830585e-01 8.998429451346834362e-01 9.991659716430358884e-01 9.991839751189395269e-01 1.000018018503846751e+00
7.254009999999999625e-01 9.903009667851015996e-01 8.878707950775523994e-01 8.965666245484168462e-01 9.991666666666666474e-01 9.991829687524087511e-01 1.000016315682143997e+00
7.265270000000000339e-01 9.896745283859238462e-01 8.871906157392605019e-01 8.964468522658595173e-01 9.991666666666666474e-01 9.991819599006004360e-01 1.000015305988924519e+00
7.276549999999999407e-01 9.908800465494796983e-01 8.866845955026708692e-01 8.948455452204872040e-01 9.991666666666666474e-01 9.991809485542969549e-01 1.000014293799129650e+00
7.287850000000000161e-01 1.022106316753691679e+00 8.838412269154527490e-01 8.647253347602994467e-01 9.991673605328892371e-01 9.991799283597793124e-01 1.000012578300079058e+00
7.299160000000000093e-01 9.889723886101496886e-01 8.833976595562338385e-01 8.932480519478556147e-01 9.991673605328892371e-01 9.991866517940137804e-01 1.000019307337175478e+00
7.310489999999999489e-01 9.896765917103974575e-01 9.061285044247467946e-01 9.155804148694073330e-01 9.991680532445923468e-01 9.991856424892969768e-01 1.000017603890203999e+00
7.321839999999999460e-01 9.882547963555724513e-01 1.007099758910744436e+00 1.019068931033441316e+00 9.991680532445923468e-01 9.991846306765235219e-01 1.000016591234955232e+00
7.333210000000000006e-01 1.217535436582574793e+00 8.880691024970286396e-01 7.293989774865978770e-01 9.991680532445923468e-01 9.991836226937340637e-01 1.000015582412879578e+00
7.344600000000000017e-01 9.874577280483474162e-01 1.011883303270857848e+00 1.024735818586164804e+00 9.991687448046550069e-01 9.991826058525421494e-01 1.000013872579540886e+00
7.356000000000000316e-01 9.962676574904113513e-01 1.155568037994435304e+00 1.159897171514430170e+00 9.991687448046550069e-01 9.991815992330416174e-01 1.000012865122586581e+00
7.367420000000000080e-01 9.878336600939364720e-01 9.177135862758316609e-01 9.290163145367643649e-01 9.991687448046550069e-01 9.991805837365381748e-01 1.000011848781244161e+00
7.378859999999999308e-01 9.871264125987280202e-01 8.726901602979699746e-01 8.840713298315147073e-01 9.991694352159468107e-01 9.991795721273304398e-01 1.000010145337743905e+00
7.390309999999999935e-01 9.868349959565810847e-01 8.707217195746984606e-01 8.823376989490232525e-01 9.991694352159468107e-01 9.991863749090539315e-01 1.000016953774315098e+00
7.401789999999999203e-01 9.859574057276291326e-01 8.694203125749260241e-01 8.818031159604713398e-01 9.991701244813278038e-01 9.991853679551951917e-01 1.000015256134559882e+00
7.413279999999999870e-01 9.856495156366973376e-01 8.684177171519038563e-01 8.810613746316655615e-01 9.991701244813278038e-01 9.991843585058075572e-01 1.000014245846759131e+00
7.424790000000000001e-01 1.027287408516374123e+00 8.666497996550934779e-01 8.436293411857581637e-01 9.991701244813278038e-01 9.991833529642717426e-01 1.000013239470056048e+00
7.436319999999999597e-01 9.846740982309354351e-01 8.784752037628134058e-01 8.921481791194478816e-01 9.991708126036483728e-01 9.991744828724851146e-01 1.000003673314703079e+00
7.447859999999999481e-01 9.856701996573823399e-01 8.752202325414442097e-01 8.879442970332973584e-01 9.991708126036483728e-01 9.991734626405113229e-01 1.000002652236063660e+00
7.459430000000000227e-01 9.858669429456992095e-01 8.638860191955350931e-01 8.762703987358639868e-01 9.991708126036483728e-01 9.991803214085861473e-01 1.000009516696062306e+00
7.471010000000000151e-01 9.835512171534351866e-01 8.659578301834116587e-01 8.804399964951913349e-01 9.991714995857498005e-01 9.991793058821673013e-01 1.000007812769300175e+00
7.482609999999999539e-01 1.000710389957719437e+00 8.641690681675223695e-01 8.635556069364224152e-01 9.991714995857498005e-01 9.991782943286506846e-01 1.000006800377016170e+00
7.494220000000000326e-01 9.829047132986510338e-01 9.785344782187846979e-01 9.955537550886294218e-01 9.991721854304635997e-01 9.991535412826618723e-01 9.999813404055141186e-01
