# depth tau_ref dz_cm T_K ne_cm-3 eps_fl_parent_FeI eps_fl_parent_FeII eps_fl_parent_FeIII eps_fl_parent_FeIV eps_fl_parent_FeV eps_low_fl eps_all_fl eps_all_bb eps_all_Kalpha low_fraction local_low_power_per_area local_total_power_per_area cumulative_low_fraction eps_material_Kalpha_after_survival
# eps: erg cm^-3 s^-1; local_power_per_area: erg cm^-2 s^-1, all emission directions; not emergent flux. Fluorescence grouped by pre-photoionization parent; bound-bound by emitting ion.
0.0000000000000000e+00 5.0000000000000002e-05 1.2423170353600199e+05 8.6446679687500000e+04 1.2086209872249718e+15 0.0000000000000000e+00 0.0000000000000000e+00 0.0000000000000000e+00 8.1396623367418568e-07 2.0896806868612393e-03 2.0904946530949137e-03 1.0355220738377504e+04 0.0000000000000000e+00 1.0355220738377504e+04 2.0187832842107628e-07 2.5970571198688464e+02 1.2864467128199737e+09 3.4633607762848045e-11 1.0352630511649313e+04
1.0000000000000000e+00 1.1294309435728900e-04 3.2158853220665100e+04 9.9684765625000000e+04 1.2087817191501525e+15 0.0000000000000000e+00 0.0000000000000000e+00 0.0000000000000000e+00 3.3839325622662277e-07 1.0320526033053487e-03 1.0323909965615752e-03 1.0360497968173237e+04 0.0000000000000000e+00 1.0360497968173237e+04 9.9646850926761621e-08 3.3200510524759864e+01 3.3318173345148212e+08 3.9061132480128469e-11 1.0357894254986531e+04
2.0000000000000000e+00 1.4217975690270201e-04 4.0483554653810897e+04 1.0285938281250000e+05 1.2088137638093912e+15 0.0000000000000000e+00 0.0000000000000000e+00 0.0000000000000000e+00 2.8241640371356007e-07 8.9269962539288402e-04 8.9298204179659761e-04 1.0361403386333033e+04 0.0000000000000000e+00 1.0361403386333033e+04 8.6183503189776842e-08 3.6151087293944208e+01 4.1946644028079468e+08 4.3882137640007942e-11 1.0358804357764395e+04
3.0000000000000000e+00 1.7898467708846400e-04 5.0963204009865804e+04 1.0597590625000000e+05 1.2088430410095120e+15 0.0000000000000000e+00 0.0000000000000000e+00 0.0000000000000000e+00 2.3903671772855930e-07 7.8114634410734280e-04 7.8138538082507135e-04 1.0362088749615241e+04 0.0000000000000000e+00 1.0362088749615241e+04 7.5408095771625703e-08 3.9821902573314794e+01 5.2808524291497678e+08 4.9192672181366753e-11 1.0359496574151486e+04
4.0000000000000000e+00 2.2531698836976300e-04 6.4155635174855503e+04 1.0895544531250000e+05 1.2088687759607740e+15 0.0000000000000000e+00 0.0000000000000000e+00 0.0000000000000000e+00 2.0592261157521507e-07 6.9359031652379980e-04 6.9379623913537502e-04 1.0362476399312200e+04 0.0000000000000000e+00 1.0362476399312200e+04 6.6952744923156118e-08 4.4510938403655928e+01 6.6481125538232374e+08 5.5128523072110195e-11 1.0359892594993467e+04
5.0000000000000000e+00 2.8364296918516400e-04 8.0763083967254803e+04 1.1189623437500000e+05 1.2088920963428522e+15 0.0000000000000000e+00 0.0000000000000000e+00 0.0000000000000000e+00 1.7950160460408731e-07 6.2202528612347930e-04 6.2220478772808340e-04 1.0362565080843846e+04 0.0000000000000000e+00 1.0362565080843846e+04 6.0043510740240000e-08 5.0251177516111149e+01 8.3691271374033403e+08 6.1829875762428120e-11 1.0359990957525049e+04
6.0000000000000000e+00 3.5706732346406898e-04 1.0166956829473200e+05 1.1496817187500000e+05 1.2089142729858558e+15 0.0000000000000000e+00 0.0000000000000000e+00 0.0000000000000000e+00 1.5706343359693960e-07 5.5990035688725434e-04 5.6005742032085124e-04 1.0362352564680157e+04 0.0000000000000000e+00 1.0362352564680157e+04 5.4047323407021898e-08 5.6940796144282210e+01 1.0535359117688406e+09 6.9423336777505655e-11 1.0359789665778149e+04
7.0000000000000000e+00 4.4949844465407300e-04 1.2798794460880299e+05 1.1784492187500000e+05 1.2089322477563095e+15 0.0000000000000000e+00 0.0000000000000000e+00 0.0000000000000000e+00 1.4017673996069347e-07 5.1252464246472193e-04 5.1266481920468263e-04 1.0361630230148445e+04 0.0000000000000000e+00 1.0361630230148445e+04 4.9477235513869325e-08 6.5614916483250923e+01 1.3261637559531379e+09 7.8173553565142993e-11 1.0359078800400039e+04
8.0000000000000000e+00 5.6585646030632105e-04 1.6111914548214900e+05 1.2069442968750000e+05 1.2089473374043608e+15 0.0000000000000000e+00 0.0000000000000000e+00 0.0000000000000000e+00 0.0000000000000000e+00 4.7435911318258791e-04 4.7435911318258791e-04 1.0360362818022242e+04 0.0000000000000000e+00 1.0360362818022242e+04 4.5785955715510495e-08 7.6428334967648567e+01 1.6692528041247728e+09 8.8365816781020111e-11 1.0357823370891081e+04
9.0000000000000000e+00 7.1233513147485003e-04 2.0282675153697401e+05 1.2344708593750000e+05 1.2089585043682862e+15 0.0000000000000000e+00 0.0000000000000000e+00 0.0000000000000000e+00 0.0000000000000000e+00 4.4504459464479154e-04 4.4504459464479154e-04 1.0358399237000660e+04 0.0000000000000000e+00 1.0358399237000660e+04 4.2964611081514659e-08 9.0266949420892445e+01 2.1009604683639140e+09 1.0040355786986422e-10 1.0355871895739194e+04
1.0000000000000000e+01 8.9673154788866998e-04 2.5533086720348499e+05 1.2607641406250000e+05 1.2089650732312332e+15 0.0000000000000000e+00 0.0000000000000000e+00 0.0000000000000000e+00 0.0000000000000000e+00 4.2430972020834125e-04 4.2430972020834125e-04 1.0355569668105760e+04 0.0000000000000000e+00 1.0355569668105760e+04 4.0974058772949764e-08 1.0833936882366385e+02 2.6440965837435489e+09 1.1485138489841563e-10 1.0353054488090102e+04
1.1000000000000000e+01 1.1288611686382901e-03 3.2142629733434698e+05 1.2865566406250000e+05 1.2089668807524290e+15 0.0000000000000000e+00 0.0000000000000000e+00 0.0000000000000000e+00 0.0000000000000000e+00 4.1070835882905406e-04 4.1070835882905406e-04 1.0351701856502064e+04 0.0000000000000000e+00 1.0351701856502064e+04 3.9675443180493240e-08 1.3201246706268921e+02 3.3273091988445439e+09 1.3245618830869245e-10 1.0349199495669325e+04
1.2000000000000000e+01 1.4210803010776000e-03 4.0463131524059898e+05 1.3088050000000000e+05 1.2089606978501738e+15 0.0000000000000000e+00 0.0000000000000000e+00 0.0000000000000000e+00 0.0000000000000000e+00 4.0819085066085730e-04 4.0819085066085730e-04 1.0346448923908589e+04 0.0000000000000000e+00 1.0346448923908589e+04 3.9452265570809451e-08 1.6516680077208161e+02 4.1864972361508121e+09 1.5448235842879218e-10 1.0343959964544174e+04
1.3000000000000000e+01 1.7889438296002399e-03 5.0937494110206299e+05 1.3275667187500000e+05 1.2089453326377810e+15 0.0000000000000000e+00 0.0000000000000000e+00 0.0000000000000000e+00 0.0000000000000000e+00 4.1748951712852040e-04 4.1748951712852040e-04 1.0339524542349280e+04 0.0000000000000000e+00 1.0339524542349280e+04 4.0378018874904777e-08 2.1265869819806881e+02 5.2666947047824993e+09 1.8284191157224301e-10 1.0337051684951539e+04
1.4000000000000000e+01 2.2520332053283698e-03 6.4123269962051301e+05 1.3425045312500000e+05 1.2089189019887575e+15 0.0000000000000000e+00 0.0000000000000000e+00 0.0000000000000000e+00 0.0000000000000000e+00 4.4147254258525693e-04 4.4147254258525693e-04 1.0330553133546548e+04 0.0000000000000000e+00 1.0330553133546548e+04 4.2734647107293513e-08 2.8308663029027622e+02 6.6242884743972025e+09 2.2059353143986814e-10 1.0328102789098824e+04
1.5000000000000000e+01 2.8349987707746399e-03 8.0722340634386998e+05 1.3506679687500000e+05 1.2088771713333140e+15 0.0000000000000000e+00 0.0000000000000000e+00 0.0000000000000000e+00 0.0000000000000000e+00 4.8923125148362745e-04 4.8923125148362745e-04 1.0319037321752583e+04 0.0000000000000000e+00 1.0319037321752583e+04 4.7410551607592839e-08 3.9491891731248825e+02 8.3297684570546455e+09 2.7325878387382333e-10 1.0316621949332544e+04
1.6000000000000000e+01 3.5688719026333400e-03 1.0161827806582900e+06 1.3500528125000000e+05 1.2088159073511775e+15 0.0000000000000000e+00 0.0000000000000000e+00 0.0000000000000000e+00 1.3782734690862576e-07 5.7566964709463645e-04 5.7580747444154509e-04 1.0304471802958418e+04 0.0000000000000000e+00 1.0304471802958418e+04 5.5879377948924127e-08 5.8512564050183653e+02 1.0471226809945229e+10 3.5128945855590060e-10 1.0302114766827122e+04
1.7000000000000000e+01 4.4927168183305803e-03 1.2792337729445500e+06 1.3375503125000000e+05 1.2087291752367942e+15 0.0000000000000000e+00 0.0000000000000000e+00 0.0000000000000000e+00 1.7740408549264295e-07 7.3470534144787973e-04 7.3488274553337241e-04 1.0286356588908578e+04 0.0000000000000000e+00 1.0286356588908578e+04 7.1442472286618086e-08 9.4008682724050561e+02 1.3158654749082552e+10 4.7665673749858395e-10 1.0284098111132193e+04
1.8000000000000000e+01 5.6557099723352402e-03 1.6103786415095900e+06 1.3090060156250000e+05 1.2086088765248158e+15 0.0000000000000000e+00 0.0000000000000000e+00 0.0000000000000000e+00 2.5870632446850199e-07 1.0494802520770300e-03 1.0497389584014985e-03 1.0264360718995009e+04 0.0000000000000000e+00 1.0264360718995009e+04 1.0227027158728685e-07 1.6904771977702972e+03 1.6529507270619581e+10 7.0209392080771218e-10 1.0262263984748799e+04
1.9000000000000000e+01 7.1197577289231796e-03 2.0272442956700400e+06 1.2587439843750000e+05 1.2084430369744295e+15 0.0000000000000000e+00 0.0000000000000000e+00 0.0000000000000000e+00 4.5297503028115103e-07 1.7667002400497153e-03 1.7671532150799964e-03 1.0238714445710346e+04 0.0000000000000000e+00 1.0238714445710346e+04 1.7259522418074374e-07 3.5824512748458937e+03 2.0756375455060734e+10 1.1798393324634767e-09 1.0236865736331427e+04
2.0000000000000000e+01 8.9627916506530205e-03 2.5520205797526999e+06 1.1801427343750000e+05 1.2082112241146415e+15 0.0000000000000000e+00 0.0000000000000000e+00 0.0000000000000000e+00 1.0493713941400404e-06 3.8202292486989829e-03 3.8212786200931231e-03 1.0211181489593242e+04 0.0000000000000000e+00 1.0211181489593242e+04 3.7422492431337074e-07 9.7519816794466497e+03 2.6059145305031784e+10 2.4803355973030115e-09 1.0209667695754088e+04
2.1000000000000000e+01 1.1282916811435501e-02 3.2126414430623702e+06 1.0654100781250000e+05 1.2078680620202530e+15 0.0000000000000000e+00 0.0000000000000000e+00 0.0000000000000000e+00 3.8439839415879315e-06 1.2419160452927125e-02 1.2423004436868713e-02 1.0187392560435514e+04 0.0000000000000000e+00 1.0187392560435514e+04 1.2194488789129008e-06 3.9910658901232127e+04 3.2728439536400402e+10 7.8027064276061135e-09 1.0186225429939397e+04
2.2000000000000000e+01 1.4203633949752700e-02 4.0442718697362598e+06 9.1240210937500000e+04 1.2073019474646120e+15 0.0000000000000000e+00 0.0000000000000000e+00 0.0000000000000000e+00 3.0676797410207854e-05 8.0554932014459624e-02 8.0585608811869838e-02 1.0180904078911135e+04 0.0000000000000000e+00 1.0180904078911135e+04 7.9153686339895866e-06 3.2591011082341563e+05 4.1174343974823448e+10 5.1265142651475309e-08 1.0179871884207187e+04
2.3000000000000000e+01 1.7880413438313598e-02 5.0911797180667799e+06 7.8589062500000000e+04 1.2064396644631130e+15 0.0000000000000000e+00 0.0000000000000000e+00 0.0000000000000000e+00 5.5102645447961467e-04 1.1089730765241856e+00 1.1095241029786653e+00 1.0209545650239406e+04 0.0000000000000000e+00 1.0209545650239406e+04 1.0867516939430579e-04 5.6487866097912183e+06 5.1978631745175781e+10 8.0457109916203949e-07 1.0208134231793932e+04
2.4000000000000000e+01 2.2508971003902301e-02 6.4090921076839101e+06 7.3634476562500000e+04 1.2057398188725278e+15 0.0000000000000000e+00 0.0000000000000000e+00 3.3502812662421694e-07 8.3489113127797367e-03 1.2927086352491797e+01 1.2935435598832703e+01 1.0234458393394343e+04 0.0000000000000000e+00 1.0234458393394343e+04 1.2639101261266213e-03 8.2904398205932170e+07 6.5593586515523033e+10 1.1860463506427308e-05 1.0232373988303614e+04
2.5000000000000000e+01 2.8335685715682100e-02 8.0681617855701102e+06 7.0106101562500000e+04 1.2050671833951368e+15 0.0000000000000000e+00 0.0000000000000000e+00 1.7645415307610108e-05 3.8498265339650484e-01 4.0484098389685533e+02 4.0522598419566714e+02 1.0162788314251291e+04 0.0000000000000000e+00 1.0162788314251291e+04 3.9873504363700879e-02 3.2694288002075191e+09 8.1995020311880753e+10 4.4786209708106513e-04 1.0159946414093252e+04
2.6000000000000000e+01 3.5670714793613501e-02 1.0156701371180300e+07 6.7820257812500000e+04 1.2045664461635192e+15 0.0000000000000000e+00 0.0000000000000000e+00 1.1147620106377522e-04 2.1506407934717360e+00 1.4982469327520846e+03 1.5003976850217573e+03 1.0061274359460096e+04 0.0000000000000000e+00 1.0061274359460096e+04 1.4912600843759030e-01 1.5239091224776230e+10 1.0218935908254955e+11 2.4801035295213851e-03 1.0057995502432554e+04
2.7000000000000000e+01 4.4904503340927403e-02 1.2785884255300200e+07 6.6865625000000000e+04 1.2045095781349190e+15 0.0000000000000000e+00 0.0000000000000000e+00 4.3633103302198443e-04 7.5434397091936738e+00 3.6062710615338024e+03 3.6138149375740290e+03 9.9413103729660343e+03 0.0000000000000000e+00 9.9413103729660343e+03 3.6351494943778034e-01 4.6205819511896454e+10 1.2710844377475897e+11 8.6419788964243200e-03 9.9378065398512281e+03
2.8000000000000000e+01 5.6528567817103997e-02 1.6095662382454799e+07 6.5645421875000000e+04 1.2044315632906368e+15 0.0000000000000000e+00 0.0000000000000000e+00 1.2427973846711221e-03 1.8616992777985043e+01 6.2101303737070466e+03 6.2287486092824165e+03 9.7849152284910469e+03 0.0000000000000000e+00 9.7849152284910469e+03 6.3656643556256598e-01 1.0025583468019464e+11 1.5749469195873245e+11 2.2011809031027403e-02 9.7811539588575670e+03
2.9000000000000000e+01 7.1161659559887999e-02 2.0262215921638500e+07 6.4511539062500000e+04 1.2043628596452625e+15 0.0000000000000000e+00 0.0000000000000000e+00 2.1867908161564264e-03 2.7258576434009569e+01 6.8097475479522927e+03 6.8370083111771182e+03 9.5456984207877485e+03 0.0000000000000000e+00 9.5456984207877485e+03 7.1623971445484880e-01 1.3853293865910776e+11 1.9341700252484500e+11 4.0486163803773123e-02 9.5419357773938045e+03
3.0000000000000000e+01 8.9582701045986493e-02 2.5507331372869201e+07 6.3315421875000000e+04 1.2043093316932745e+15 0.0000000000000000e+00 0.0000000000000000e+00 3.6740323762700015e-03 3.5771132952407839e+01 6.9397651926249328e+03 6.9755399996097167e+03 9.2344267291136130e+03 0.0000000000000000e+00 9.2344267291136130e+03 7.5538419484316810e-01 1.7792741027474893e+11 2.3554558261798157e+11 6.4214052153129850e-02 9.2307405567491660e+03
3.1000000000000000e+01 1.1277224809436701e-01 3.2110207308102898e+07 6.1695546875000000e+04 1.2042372085395335e+15 0.0000000000000000e+00 1.9695562585050131e-07 7.2835082631825185e-03 4.9938216315348186e+01 6.9993866114350467e+03 7.0493321114556138e+03 8.8442762635437957e+03 0.0000000000000000e+00 8.8442762635437957e+03 7.9705019397834043e-01 2.2635551548250650e+11 2.8399154431252496e+11 9.4400173506418800e-02 8.8406998267031195e+03
3.2000000000000000e+01 1.4196468505374801e-01 4.0422316168520898e+07 5.9299769531250000e+04 1.2041056655203468e+15 0.0000000000000000e+00 9.0080744695369772e-07 2.0767240801872162e-02 8.3575832869531553e+01 7.0207261637808033e+03 7.1043227647919439e+03 8.3639838168023380e+03 0.0000000000000000e+00 8.3639838168023380e+03 8.4939460912395937e-01 2.8717318096164050e+11 3.3809159827117627e+11 1.3269676403322675e-01 8.3605467682564358e+03
3.3000000000000000e+01 1.7871393133481800e-01 5.0886113214707904e+07 5.4777996093750000e+04 1.2036658575874172e+15 0.0000000000000000e+00 1.7045335439594311e-05 1.7088459665881522e-01 2.5073776562631758e+02 6.9475304815587087e+03 7.1984391488270203e+03 7.7851671965006635e+03 0.0000000000000000e+00 7.7851671965006635e+03 9.2463513848008683e-01 3.6630058949639734e+11 3.9615689935656287e+11 1.8154555847390857e-01 7.7818824770610772e+03
3.4000000000000000e+01 2.2497615685939101e-01 6.4058588510981299e+07 4.5838656250000000e+04 1.1985449824933972e+15 0.0000000000000000e+00 9.6201315069038788e-03 1.8871174227896098e+01 2.3450227021371775e+03 4.6557509102075310e+03 7.0196544067041114e+03 7.0987329509787960e+03 0.0000000000000000e+00 7.0987329509787960e+03 9.8886018887866722e-01 4.4966915312835522e+11 4.5473481305609467e+11 2.4151214508978552e-01 7.0954499928946152e+03
3.5000000000000000e+01 2.8321390938681901e-01 8.0640915620828703e+07 4.1614937500000000e+04 1.1838868602645232e+15 2.0793695614642147e-06 1.1030493515096220e+00 9.5354784509920421e+02 3.7527577149587605e+03 1.5893367005227897e+03 6.2967453120116334e+03 6.3266945137711564e+03 0.0000000000000000e+00 6.3266945137711564e+03 9.9526621655363112e-01 5.0777530739177881e+11 5.1019043844377972e+11 3.0922760153209350e-01 6.3233760806221881e+03
3.6000000000000000e+01 3.5652719643662700e-01 1.0151577521960101e+08 4.1169453125000000e+04 1.1809187376950822e+15 2.4688850145338267e-06 1.2957553064000060e+00 1.0596982869984763e+03 3.2564122089170532e+03 1.1464709393406440e+03 5.4638771930314588e+03 5.4842528621805432e+03 0.0000000000000000e+00 5.4842528621805432e+03 9.9628469553444643e-01 5.5466972895528601e+11 5.5673818080457349e+11 3.8319676333294278e-01 5.4813239659558003e+03
3.7000000000000000e+01 4.4881849932500800e-01 1.2779434036801399e+08 4.0932781250000000e+04 1.1791987877184822e+15 2.3632673666412102e-06 1.2372974340510476e+00 9.8517624985610792e+02 2.7351224580300636e+03 8.7053096958713900e+02 4.5920669772706287e+03 4.6055786973981167e+03 0.0000000000000000e+00 4.6055786973981167e+03 9.9706622750033103e-01 5.8684017028603992e+11 5.8856689164696948e+11 4.6145608278216638e-01 4.6030975610375162e+03
3.8000000000000000e+01 5.6500050304621796e-01 1.6087542448222801e+08 4.0733191406250000e+04 1.1776639279373480e+15 2.1264263675102439e-06 1.1115270032914850e+00 8.6583996270824423e+02 2.2130987165757624e+03 6.4621424644880767e+02 3.7262644548625321e+03 3.7347480135033875e+03 0.0000000000000000e+00 3.7347480135033875e+03 9.9772847897363304e-01 5.9946437590904785e+11 6.0082917200651526e+11 5.4139893003106687e-01 3.7327214748812394e+03
3.9000000000000000e+01 7.1125759950307998e-01 2.0251994045907801e+08 4.0543160156250000e+04 1.1761352459272288e+15 1.8328386764352478e-06 9.5429857424658049e-01 7.2825567831480737e+02 1.7218171900080551e+03 4.6244536189776335e+02 2.9134725306277110e+03 2.9184705632390373e+03 0.0000000000000000e+00 2.9184705632390373e+03 9.9828744799612457e-01 5.9003628343188342e+11 5.9104848469874170e+11 6.2008447394879362e-01 2.9168761916448307e+03
4.0000000000000000e+01 8.9537508395722898e-01 2.5494463443096700e+08 4.0328535156250000e+04 1.1743188827665522e+15 1.5463247689195154e-06 7.9628745700993853e-01 5.9382671189481539e+02 1.2861056765998812e+03 3.1421352012979833e+02 2.1949421976278295e+03 2.1976912876217998e+03 0.0000000000000000e+00 2.1976912876217998e+03 9.9874910092720748e-01 5.5958873617133032e+11 5.6028960191486096e+11 6.9470962042244699e-01 2.1964817008071891e+03
4.1000000000000000e+01 1.1271535678937099e+00 3.2094008361746001e+08 4.0046742187500000e+04 1.1718138404838298e+15 1.3129349371401958e-06 6.5969850449880563e-01 4.7725142850290894e+02 9.2064195940217405e+02 1.9858756744441683e+02 1.5971406551669336e+03 1.5985501157712995e+03 0.0000000000000000e+00 1.5985501157712995e+03 9.9911828813469150e-01 5.1258645541812054e+11 5.1303880782234125e+11 7.6306667774583881e-01 1.5976618811400292e+03
4.2000000000000000e+01 1.4189306675817801e+00 4.0401923932339901e+08 3.9649207031250000e+04 1.1680129595509238e+15 1.1572807443776043e-06 5.5504472678032712e-01 3.8460178123475259e+02 6.2842241239501448e+02 1.1340572146509811e+02 1.1269849609789262e+03 1.1276589383274111e+03 0.0000000000000000e+00 1.1276589383274111e+03 9.9940232163681997e-01 4.5532360666361627e+11 4.5559590647927234e+11 8.2378732604312910e-01 1.1270240891449937e+03
4.3000000000000000e+01 1.7862377379210299e+00 5.0860442205786097e+08 3.9086761718750000e+04 1.1621240545077292e+15 1.0875294392449021e-06 4.8153507656744371e-01 3.1384150386805675e+02 4.0340475170466038e+02 5.6135488073432882e+01 7.7386327981024681e+02 7.7416422274636784e+02 0.0000000000000000e+00 7.7416422274636784e+02 9.9961126731605676e-01 3.9359028617969135e+11 3.9374334708778955e+11 8.7627539604562077e-01 7.7372049789392213e+02
4.4000000000000000e+01 2.2486266096502900e+00 6.4026272256245005e+08 3.8312808593750000e+04 1.1532687007466460e+15 1.1056741770331030e-06 4.2991671753519567e-01 2.5746783043685701e+02 2.3626133316140573e+02 2.2674285807560601e+01 5.1683336722903277e+02 5.1695874896496093e+02 0.0000000000000000e+00 5.1695874896496093e+02 9.9975746278367628e-01 3.3090913881317908e+11 3.3098941606478406e+11 9.2040448828282284e-01 5.1665554507481602e+02
4.5000000000000000e+01 2.8307103373105900e+00 8.0600233919406402e+08 3.7275636718750000e+04 1.1407499887811268e+15 1.2199603879410326e-06 3.8566199152532504e-01 2.0599337646258556e+02 1.1928531388215796e+02 6.7722427387392745e+00 3.3243659629496852e+02 3.3248464556865241e+02 0.0000000000000000e+00 3.3248464556865241e+02 9.9985548423265769e-01 2.6794467424745734e+11 2.6798340207444315e+11 9.5613682038685899e-01 3.3228433411350329e+02
4.6000000000000000e+01 3.5634733571898898e+00 1.0146456257617500e+09 3.5846695312500000e+04 1.1245464963277018e+15 1.4883434706166649e-06 3.3411442536142349e-01 1.5176337869511806e+02 4.6112226774287919e+01 1.2013453762336730e+00 1.9941106675934455e+02 1.9942690996609900e+02 0.0000000000000000e+00 1.9942690996609900e+02 9.9992055632433385e-01 2.0233156661585324e+11 2.0234764185628470e+11 9.8311917692651762e-01 1.9930333856900711e+02
4.7000000000000000e+01 4.4859207952257902e+00 1.2772987072306600e+09 3.3324191406250000e+04 1.1054898404244559e+15 2.3237535839412674e-06 2.7100048470271237e-01 9.0235111946657597e+01 8.5475421815731192e+00 4.8912134303686017e-02 9.9102569070990711e+01 9.9105944478947066e+01 0.0000000000000000e+00 9.9105944478947066e+01 9.9996594141780193e-01 1.2658358335761362e+11 1.2658789476183266e+11 1.0000000000000000e+00 9.9042831110405842e+01
