# depth parent_stage shell_zero database_line_type E_line_eV n_parent_cm-3 Gamma_shell_s-1 photon_yield eps_erg_cm-3_s-1
# Fluorescence classified by pre-photoionization parent; K-alpha types 1/2, K shell 0.
0.0000000000000000e+00 1.0000000000000000e+00 0.0000000000000000e+00 1.0000000000000000e+00 6.3910505073974609e+03 0.0000000000000000e+00 1.0891963382330628e+02 1.0130000114440918e-01 0.0000000000000000e+00
0.0000000000000000e+00 1.0000000000000000e+00 0.0000000000000000e+00 2.0000000000000000e+00 6.4040505071594243e+03 0.0000000000000000e+00 1.0891963382330628e+02 2.0260000228881836e-01 0.0000000000000000e+00
0.0000000000000000e+00 2.0000000000000000e+00 0.0000000000000000e+00 1.0000000000000000e+00 6.3934500410339360e+03 0.0000000000000000e+00 1.0802528482547055e+02 1.0140000283718109e-01 0.0000000000000000e+00
0.0000000000000000e+00 2.0000000000000000e+00 0.0000000000000000e+00 2.0000000000000000e+00 6.4064504560119631e+03 0.0000000000000000e+00 1.0802528482547055e+02 2.0280000567436218e-01 0.0000000000000000e+00
0.0000000000000000e+00 3.0000000000000000e+00 0.0000000000000000e+00 1.0000000000000000e+00 6.3927504019653325e+03 0.0000000000000000e+00 1.0708574207210668e+02 1.0149999707937241e-01 0.0000000000000000e+00
0.0000000000000000e+00 3.0000000000000000e+00 0.0000000000000000e+00 2.0000000000000000e+00 6.4057508169433595e+03 0.0000000000000000e+00 1.0708574207210668e+02 2.0299999415874481e-01 0.0000000000000000e+00
0.0000000000000000e+00 4.0000000000000000e+00 0.0000000000000000e+00 1.0000000000000000e+00 6.3920503476806643e+03 2.4630900053683069e+00 1.0572364536049552e+02 1.0159999877214432e-01 2.7095470374251113e-07
0.0000000000000000e+00 4.0000000000000000e+00 0.0000000000000000e+00 2.0000000000000000e+00 6.4050503474426268e+03 2.4630900053683069e+00 1.0572364536049552e+02 2.0319999754428864e-01 5.4301152993167455e-07
0.0000000000000000e+00 5.0000000000000000e+00 0.0000000000000000e+00 1.0000000000000000e+00 6.3913502933959962e+03 6.3060507812500000e+03 1.0592262548224288e+02 1.0170000046491623e-01 6.9561697282725780e-04
0.0000000000000000e+00 5.0000000000000000e+00 0.0000000000000000e+00 2.0000000000000000e+00 6.4043502931579587e+03 6.3060507812500000e+03 1.0592262548224288e+02 2.0340000092983246e-01 1.3940637140339815e-03
1.0000000000000000e+00 1.0000000000000000e+00 0.0000000000000000e+00 1.0000000000000000e+00 6.3910505073974609e+03 0.0000000000000000e+00 1.0891101981019797e+02 1.0130000114440918e-01 0.0000000000000000e+00
1.0000000000000000e+00 1.0000000000000000e+00 0.0000000000000000e+00 2.0000000000000000e+00 6.4040505071594243e+03 0.0000000000000000e+00 1.0891101981019797e+02 2.0260000228881836e-01 0.0000000000000000e+00
1.0000000000000000e+00 2.0000000000000000e+00 0.0000000000000000e+00 1.0000000000000000e+00 6.3934500410339360e+03 0.0000000000000000e+00 1.0801677516117719e+02 1.0140000283718109e-01 0.0000000000000000e+00
1.0000000000000000e+00 2.0000000000000000e+00 0.0000000000000000e+00 2.0000000000000000e+00 6.4064504560119631e+03 0.0000000000000000e+00 1.0801677516117719e+02 2.0280000567436218e-01 0.0000000000000000e+00
1.0000000000000000e+00 3.0000000000000000e+00 0.0000000000000000e+00 1.0000000000000000e+00 6.3927504019653325e+03 0.0000000000000000e+00 1.0707734078833809e+02 1.0149999707937241e-01 0.0000000000000000e+00
1.0000000000000000e+00 3.0000000000000000e+00 0.0000000000000000e+00 2.0000000000000000e+00 6.4057508169433595e+03 0.0000000000000000e+00 1.0707734078833809e+02 2.0299999415874481e-01 0.0000000000000000e+00
1.0000000000000000e+00 4.0000000000000000e+00 0.0000000000000000e+00 1.0000000000000000e+00 6.3920503476806643e+03 1.0240701783877739e+00 1.0571533787624385e+02 1.0159999877214432e-01 1.1264502223325592e-07
1.0000000000000000e+00 4.0000000000000000e+00 0.0000000000000000e+00 2.0000000000000000e+00 6.4050503474426268e+03 1.0240701783877739e+00 1.0571533787624385e+02 2.0319999754428864e-01 2.2574823399336685e-07
1.0000000000000000e+00 5.0000000000000000e+00 0.0000000000000000e+00 1.0000000000000000e+00 6.3913502933959962e+03 3.1146806640625000e+03 1.0591429473686063e+02 1.0170000046491623e-01 3.4355167860027644e-04
1.0000000000000000e+00 5.0000000000000000e+00 0.0000000000000000e+00 2.0000000000000000e+00 6.4043502931579587e+03 3.1146806640625000e+03 1.0591429473686063e+02 2.0340000092983246e-01 6.8850092470507237e-04
2.0000000000000000e+00 1.0000000000000000e+00 0.0000000000000000e+00 1.0000000000000000e+00 6.3910505073974609e+03 0.0000000000000000e+00 1.0890704373603134e+02 1.0130000114440918e-01 0.0000000000000000e+00
2.0000000000000000e+00 1.0000000000000000e+00 0.0000000000000000e+00 2.0000000000000000e+00 6.4040505071594243e+03 0.0000000000000000e+00 1.0890704373603134e+02 2.0260000228881836e-01 0.0000000000000000e+00
2.0000000000000000e+00 2.0000000000000000e+00 0.0000000000000000e+00 1.0000000000000000e+00 6.3934500410339360e+03 0.0000000000000000e+00 1.0801284729840611e+02 1.0140000283718109e-01 0.0000000000000000e+00
2.0000000000000000e+00 2.0000000000000000e+00 0.0000000000000000e+00 2.0000000000000000e+00 6.4064504560119631e+03 0.0000000000000000e+00 1.0801284729840611e+02 2.0280000567436218e-01 0.0000000000000000e+00
2.0000000000000000e+00 3.0000000000000000e+00 0.0000000000000000e+00 1.0000000000000000e+00 6.3927504019653325e+03 0.0000000000000000e+00 1.0707346300310130e+02 1.0149999707937241e-01 0.0000000000000000e+00
2.0000000000000000e+00 3.0000000000000000e+00 0.0000000000000000e+00 2.0000000000000000e+00 6.4057508169433595e+03 0.0000000000000000e+00 1.0707346300310130e+02 2.0299999415874481e-01 0.0000000000000000e+00
2.0000000000000000e+00 4.0000000000000000e+00 0.0000000000000000e+00 1.0000000000000000e+00 6.3920503476806643e+03 8.5469997853579116e-01 1.0571150295124001e+02 1.0159999877214432e-01 9.4011335893895738e-08
2.0000000000000000e+00 4.0000000000000000e+00 0.0000000000000000e+00 2.0000000000000000e+00 6.4050503474426268e+03 8.5469997853579116e-01 1.0571150295124001e+02 2.0319999754428864e-01 1.8840506781966436e-07
2.0000000000000000e+00 5.0000000000000000e+00 0.0000000000000000e+00 1.0000000000000000e+00 6.3913502933959962e+03 2.6942185058593750e+03 1.0591044905996391e+02 1.0170000046491623e-01 2.9716358818080970e-04
2.0000000000000000e+00 5.0000000000000000e+00 0.0000000000000000e+00 2.0000000000000000e+00 6.4043502931579587e+03 2.6942185058593750e+03 1.0591044905996391e+02 2.0340000092983246e-01 5.9553603721207427e-04
3.0000000000000000e+00 1.0000000000000000e+00 0.0000000000000000e+00 1.0000000000000000e+00 6.3910505073974609e+03 0.0000000000000000e+00 1.0890203991010482e+02 1.0130000114440918e-01 0.0000000000000000e+00
3.0000000000000000e+00 1.0000000000000000e+00 0.0000000000000000e+00 2.0000000000000000e+00 6.4040505071594243e+03 0.0000000000000000e+00 1.0890203991010482e+02 2.0260000228881836e-01 0.0000000000000000e+00
3.0000000000000000e+00 2.0000000000000000e+00 0.0000000000000000e+00 1.0000000000000000e+00 6.3934500410339360e+03 0.0000000000000000e+00 1.0800790407929891e+02 1.0140000283718109e-01 0.0000000000000000e+00
3.0000000000000000e+00 2.0000000000000000e+00 0.0000000000000000e+00 2.0000000000000000e+00 6.4064504560119631e+03 0.0000000000000000e+00 1.0800790407929891e+02 2.0280000567436218e-01 0.0000000000000000e+00
3.0000000000000000e+00 3.0000000000000000e+00 0.0000000000000000e+00 1.0000000000000000e+00 6.3927504019653325e+03 0.0000000000000000e+00 1.0706858271775339e+02 1.0149999707937241e-01 0.0000000000000000e+00
3.0000000000000000e+00 3.0000000000000000e+00 0.0000000000000000e+00 2.0000000000000000e+00 6.4057508169433595e+03 0.0000000000000000e+00 1.0706858271775339e+02 2.0299999415874481e-01 0.0000000000000000e+00
3.0000000000000000e+00 4.0000000000000000e+00 0.0000000000000000e+00 1.0000000000000000e+00 6.3920503476806643e+03 7.2344950927799800e-01 1.0570667503136536e+02 1.0159999877214432e-01 7.9571019479967045e-08
3.0000000000000000e+00 4.0000000000000000e+00 0.0000000000000000e+00 2.0000000000000000e+00 6.4050503474426268e+03 7.2344950927799800e-01 1.0570667503136536e+02 2.0319999754428864e-01 1.5946569824859226e-07
3.0000000000000000e+00 5.0000000000000000e+00 0.0000000000000000e+00 1.0000000000000000e+00 6.3913502933959962e+03 2.3576520996093750e+03 1.0590560762418230e+02 1.0170000046491623e-01 2.6002951486296200e-04
3.0000000000000000e+00 5.0000000000000000e+00 0.0000000000000000e+00 2.0000000000000000e+00 6.4043502931579587e+03 2.3576520996093750e+03 1.0590560762418230e+02 2.0340000092983246e-01 5.2111682924438081e-04
4.0000000000000000e+00 1.0000000000000000e+00 0.0000000000000000e+00 1.0000000000000000e+00 6.3910505073974609e+03 0.0000000000000000e+00 1.0889572186759072e+02 1.0130000114440918e-01 0.0000000000000000e+00
4.0000000000000000e+00 1.0000000000000000e+00 0.0000000000000000e+00 2.0000000000000000e+00 6.4040505071594243e+03 0.0000000000000000e+00 1.0889572186759072e+02 2.0260000228881836e-01 0.0000000000000000e+00
4.0000000000000000e+00 2.0000000000000000e+00 0.0000000000000000e+00 1.0000000000000000e+00 6.3934500410339360e+03 0.0000000000000000e+00 1.0800166244481899e+02 1.0140000283718109e-01 0.0000000000000000e+00
4.0000000000000000e+00 2.0000000000000000e+00 0.0000000000000000e+00 2.0000000000000000e+00 6.4064504560119631e+03 0.0000000000000000e+00 1.0800166244481899e+02 2.0280000567436218e-01 0.0000000000000000e+00
4.0000000000000000e+00 3.0000000000000000e+00 0.0000000000000000e+00 1.0000000000000000e+00 6.3927504019653325e+03 0.0000000000000000e+00 1.0706242043149071e+02 1.0149999707937241e-01 0.0000000000000000e+00
4.0000000000000000e+00 3.0000000000000000e+00 0.0000000000000000e+00 2.0000000000000000e+00 6.4057508169433595e+03 0.0000000000000000e+00 1.0706242043149071e+02 2.0299999415874481e-01 0.0000000000000000e+00
4.0000000000000000e+00 4.0000000000000000e+00 0.0000000000000000e+00 1.0000000000000000e+00 6.3920503476806643e+03 6.2326492028296343e-01 1.0570058129347839e+02 1.0159999877214432e-01 6.8547929760413724e-08
4.0000000000000000e+00 4.0000000000000000e+00 0.0000000000000000e+00 2.0000000000000000e+00 6.4050503474426268e+03 6.2326492028296343e-01 1.0570058129347839e+02 2.0319999754428864e-01 1.3737468181480134e-07
4.0000000000000000e+00 5.0000000000000000e+00 0.0000000000000000e+00 1.0000000000000000e+00 6.3913502933959962e+03 2.0935117187500000e+03 1.0589949684701024e+02 1.0170000046491623e-01 2.3088369404766516e-04
4.0000000000000000e+00 5.0000000000000000e+00 0.0000000000000000e+00 2.0000000000000000e+00 6.4043502931579587e+03 2.0935117187500000e+03 1.0589949684701024e+02 2.0340000092983246e-01 4.6270662247613467e-04
5.0000000000000000e+00 1.0000000000000000e+00 0.0000000000000000e+00 1.0000000000000000e+00 6.3910505073974609e+03 0.0000000000000000e+00 1.0888779601923558e+02 1.0130000114440918e-01 0.0000000000000000e+00
5.0000000000000000e+00 1.0000000000000000e+00 0.0000000000000000e+00 2.0000000000000000e+00 6.4040505071594243e+03 0.0000000000000000e+00 1.0888779601923558e+02 2.0260000228881836e-01 0.0000000000000000e+00
5.0000000000000000e+00 2.0000000000000000e+00 0.0000000000000000e+00 1.0000000000000000e+00 6.3934500410339360e+03 0.0000000000000000e+00 1.0799383259745473e+02 1.0140000283718109e-01 0.0000000000000000e+00
5.0000000000000000e+00 2.0000000000000000e+00 0.0000000000000000e+00 2.0000000000000000e+00 6.4064504560119631e+03 0.0000000000000000e+00 1.0799383259745473e+02 2.0280000567436218e-01 0.0000000000000000e+00
5.0000000000000000e+00 3.0000000000000000e+00 0.0000000000000000e+00 1.0000000000000000e+00 6.3927504019653325e+03 0.0000000000000000e+00 1.0705469028747952e+02 1.0149999707937241e-01 0.0000000000000000e+00
5.0000000000000000e+00 3.0000000000000000e+00 0.0000000000000000e+00 2.0000000000000000e+00 6.4057508169433595e+03 0.0000000000000000e+00 1.0705469028747952e+02 2.0299999415874481e-01 0.0000000000000000e+00
5.0000000000000000e+00 4.0000000000000000e+00 0.0000000000000000e+00 1.0000000000000000e+00 6.3920503476806643e+03 5.4333588598547067e-01 1.0569293722887981e+02 1.0159999877214432e-01 5.9752852249488007e-08
5.0000000000000000e+00 4.0000000000000000e+00 0.0000000000000000e+00 2.0000000000000000e+00 6.4050503474426268e+03 5.4333588598547067e-01 1.0569293722887981e+02 2.0319999754428864e-01 1.1974875235459930e-07
5.0000000000000000e+00 5.0000000000000000e+00 0.0000000000000000e+00 1.0000000000000000e+00 6.3913502933959962e+03 1.8776379394531250e+03 1.0589183138782694e+02 1.0170000046491623e-01 2.0706098748758521e-04
5.0000000000000000e+00 5.0000000000000000e+00 0.0000000000000000e+00 2.0000000000000000e+00 6.4043502931579587e+03 1.8776379394531250e+03 1.0589183138782694e+02 2.0340000092983246e-01 4.1496429863589404e-04
6.0000000000000000e+00 1.0000000000000000e+00 0.0000000000000000e+00 1.0000000000000000e+00 6.3910505073974609e+03 0.0000000000000000e+00 1.0887779228170284e+02 1.0130000114440918e-01 0.0000000000000000e+00
6.0000000000000000e+00 1.0000000000000000e+00 0.0000000000000000e+00 2.0000000000000000e+00 6.4040505071594243e+03 0.0000000000000000e+00 1.0887779228170284e+02 2.0260000228881836e-01 0.0000000000000000e+00
6.0000000000000000e+00 2.0000000000000000e+00 0.0000000000000000e+00 1.0000000000000000e+00 6.3934500410339360e+03 0.0000000000000000e+00 1.0798394993299998e+02 1.0140000283718109e-01 0.0000000000000000e+00
6.0000000000000000e+00 2.0000000000000000e+00 0.0000000000000000e+00 2.0000000000000000e+00 6.4064504560119631e+03 0.0000000000000000e+00 1.0798394993299998e+02 2.0280000567436218e-01 0.0000000000000000e+00
6.0000000000000000e+00 3.0000000000000000e+00 0.0000000000000000e+00 1.0000000000000000e+00 6.3927504019653325e+03 0.0000000000000000e+00 1.0704493335690866e+02 1.0149999707937241e-01 0.0000000000000000e+00
6.0000000000000000e+00 3.0000000000000000e+00 0.0000000000000000e+00 2.0000000000000000e+00 6.4057508169433595e+03 0.0000000000000000e+00 1.0704493335690866e+02 2.0299999415874481e-01 0.0000000000000000e+00
6.0000000000000000e+00 4.0000000000000000e+00 0.0000000000000000e+00 1.0000000000000000e+00 6.3920503476806643e+03 4.7546087722548691e-01 1.0568328938298401e+02 1.0159999877214432e-01 5.2283589120080233e-08
6.0000000000000000e+00 4.0000000000000000e+00 0.0000000000000000e+00 2.0000000000000000e+00 6.4050503474426268e+03 4.7546087722548691e-01 1.0568328938298401e+02 2.0319999754428864e-01 1.0477984447685937e-07
6.0000000000000000e+00 5.0000000000000000e+00 0.0000000000000000e+00 1.0000000000000000e+00 6.3913502933959962e+03 1.6902628173828125e+03 1.0588215655041171e+02 1.0170000046491623e-01 1.8638072017013166e-04
6.0000000000000000e+00 5.0000000000000000e+00 0.0000000000000000e+00 2.0000000000000000e+00 6.4043502931579587e+03 1.6902628173828125e+03 1.0588215655041171e+02 2.0340000092983246e-01 3.7351963671712271e-04
7.0000000000000000e+00 1.0000000000000000e+00 0.0000000000000000e+00 1.0000000000000000e+00 6.3910505073974609e+03 0.0000000000000000e+00 1.0886521683902291e+02 1.0130000114440918e-01 0.0000000000000000e+00
7.0000000000000000e+00 1.0000000000000000e+00 0.0000000000000000e+00 2.0000000000000000e+00 6.4040505071594243e+03 0.0000000000000000e+00 1.0886521683902291e+02 2.0260000228881836e-01 0.0000000000000000e+00
7.0000000000000000e+00 2.0000000000000000e+00 0.0000000000000000e+00 1.0000000000000000e+00 6.3934500410339360e+03 0.0000000000000000e+00 1.0797152658428617e+02 1.0140000283718109e-01 0.0000000000000000e+00
7.0000000000000000e+00 2.0000000000000000e+00 0.0000000000000000e+00 2.0000000000000000e+00 6.4064504560119631e+03 0.0000000000000000e+00 1.0797152658428617e+02 2.0280000567436218e-01 0.0000000000000000e+00
7.0000000000000000e+00 3.0000000000000000e+00 0.0000000000000000e+00 1.0000000000000000e+00 6.3927504019653325e+03 0.0000000000000000e+00 1.0703266792608706e+02 1.0149999707937241e-01 0.0000000000000000e+00
7.0000000000000000e+00 3.0000000000000000e+00 0.0000000000000000e+00 2.0000000000000000e+00 6.4057508169433595e+03 0.0000000000000000e+00 1.0703266792608706e+02 2.0299999415874481e-01 0.0000000000000000e+00
7.0000000000000000e+00 4.0000000000000000e+00 0.0000000000000000e+00 1.0000000000000000e+00 6.3920503476806643e+03 4.2439036400719488e-01 1.0567115713882973e+02 1.0159999877214432e-01 4.6662312853193820e-08
7.0000000000000000e+00 4.0000000000000000e+00 0.0000000000000000e+00 2.0000000000000000e+00 6.4050503474426268e+03 4.2439036400719488e-01 1.0567115713882973e+02 2.0319999754428864e-01 9.3514427107499651e-08
7.0000000000000000e+00 5.0000000000000000e+00 0.0000000000000000e+00 1.0000000000000000e+00 6.3913502933959962e+03 1.5474197998046875e+03 1.0586999037883061e+02 1.0170000046491623e-01 1.7061020017665335e-04
7.0000000000000000e+00 5.0000000000000000e+00 0.0000000000000000e+00 2.0000000000000000e+00 6.4043502931579587e+03 1.5474197998046875e+03 1.0586999037883061e+02 2.0340000092983246e-01 3.4191444228806860e-04
8.0000000000000000e+00 1.0000000000000000e+00 0.0000000000000000e+00 1.0000000000000000e+00 6.3910505073974609e+03 0.0000000000000000e+00 1.0884936595985477e+02 1.0130000114440918e-01 0.0000000000000000e+00
8.0000000000000000e+00 1.0000000000000000e+00 0.0000000000000000e+00 2.0000000000000000e+00 6.4040505071594243e+03 0.0000000000000000e+00 1.0884936595985477e+02 2.0260000228881836e-01 0.0000000000000000e+00
8.0000000000000000e+00 2.0000000000000000e+00 0.0000000000000000e+00 1.0000000000000000e+00 6.3934500410339360e+03 0.0000000000000000e+00 1.0795586741846166e+02 1.0140000283718109e-01 0.0000000000000000e+00
8.0000000000000000e+00 2.0000000000000000e+00 0.0000000000000000e+00 2.0000000000000000e+00 6.4064504560119631e+03 0.0000000000000000e+00 1.0795586741846166e+02 2.0280000567436218e-01 0.0000000000000000e+00
8.0000000000000000e+00 3.0000000000000000e+00 0.0000000000000000e+00 1.0000000000000000e+00 6.3927504019653325e+03 0.0000000000000000e+00 1.0701720785237399e+02 1.0149999707937241e-01 0.0000000000000000e+00
8.0000000000000000e+00 3.0000000000000000e+00 0.0000000000000000e+00 2.0000000000000000e+00 6.4057508169433595e+03 0.0000000000000000e+00 1.0701720785237399e+02 2.0299999415874481e-01 0.0000000000000000e+00
8.0000000000000000e+00 4.0000000000000000e+00 0.0000000000000000e+00 1.0000000000000000e+00 6.3920503476806643e+03 0.0000000000000000e+00 1.0565586979536967e+02 1.0159999877214432e-01 0.0000000000000000e+00
8.0000000000000000e+00 4.0000000000000000e+00 0.0000000000000000e+00 2.0000000000000000e+00 6.4050503474426268e+03 0.0000000000000000e+00 1.0565586979536967e+02 2.0319999754428864e-01 0.0000000000000000e+00
8.0000000000000000e+00 5.0000000000000000e+00 0.0000000000000000e+00 1.0000000000000000e+00 6.3913502933959962e+03 1.4323974443419138e+03 1.0585466029653873e+02 1.0170000046491623e-01 1.5790558453249726e-04
8.0000000000000000e+00 5.0000000000000000e+00 0.0000000000000000e+00 2.0000000000000000e+00 6.4043502931579587e+03 1.4323974443419138e+03 1.0585466029653873e+02 2.0340000092983246e-01 3.1645352865009068e-04
9.0000000000000000e+00 1.0000000000000000e+00 0.0000000000000000e+00 1.0000000000000000e+00 6.3910505073974609e+03 0.0000000000000000e+00 1.0882940250465862e+02 1.0130000114440918e-01 0.0000000000000000e+00
9.0000000000000000e+00 1.0000000000000000e+00 0.0000000000000000e+00 2.0000000000000000e+00 6.4040505071594243e+03 0.0000000000000000e+00 1.0882940250465862e+02 2.0260000228881836e-01 0.0000000000000000e+00
9.0000000000000000e+00 2.0000000000000000e+00 0.0000000000000000e+00 1.0000000000000000e+00 6.3934500410339360e+03 0.0000000000000000e+00 1.0793614533366427e+02 1.0140000283718109e-01 0.0000000000000000e+00
9.0000000000000000e+00 2.0000000000000000e+00 0.0000000000000000e+00 2.0000000000000000e+00 6.4064504560119631e+03 0.0000000000000000e+00 1.0793614533366427e+02 2.0280000567436218e-01 0.0000000000000000e+00
9.0000000000000000e+00 3.0000000000000000e+00 0.0000000000000000e+00 1.0000000000000000e+00 6.3927504019653325e+03 0.0000000000000000e+00 1.0699773642577468e+02 1.0149999707937241e-01 0.0000000000000000e+00
9.0000000000000000e+00 3.0000000000000000e+00 0.0000000000000000e+00 2.0000000000000000e+00 6.4057508169433595e+03 0.0000000000000000e+00 1.0699773642577468e+02 2.0299999415874481e-01 0.0000000000000000e+00
9.0000000000000000e+00 4.0000000000000000e+00 0.0000000000000000e+00 1.0000000000000000e+00 6.3920503476806643e+03 0.0000000000000000e+00 1.0563661735818310e+02 1.0159999877214432e-01 0.0000000000000000e+00
9.0000000000000000e+00 4.0000000000000000e+00 0.0000000000000000e+00 2.0000000000000000e+00 6.4050503474426268e+03 0.0000000000000000e+00 1.0563661735818310e+02 2.0319999754428864e-01 0.0000000000000000e+00
9.0000000000000000e+00 5.0000000000000000e+00 0.0000000000000000e+00 1.0000000000000000e+00 6.3913502933959962e+03 1.3441230705129901e+03 1.0583535405815358e+02 1.0170000046491623e-01 1.4814731056587543e-04
9.0000000000000000e+00 5.0000000000000000e+00 0.0000000000000000e+00 2.0000000000000000e+00 6.4043502931579587e+03 1.3441230705129901e+03 1.0583535405815358e+02 2.0340000092983246e-01 2.9689728407891611e-04
1.0000000000000000e+01 1.0000000000000000e+00 0.0000000000000000e+00 1.0000000000000000e+00 6.3910505073974609e+03 0.0000000000000000e+00 1.0880421409050811e+02 1.0130000114440918e-01 0.0000000000000000e+00
1.0000000000000000e+01 1.0000000000000000e+00 0.0000000000000000e+00 2.0000000000000000e+00 6.4040505071594243e+03 0.0000000000000000e+00 1.0880421409050811e+02 2.0260000228881836e-01 0.0000000000000000e+00
1.0000000000000000e+01 2.0000000000000000e+00 0.0000000000000000e+00 1.0000000000000000e+00 6.3934500410339360e+03 0.0000000000000000e+00 1.0791126136971877e+02 1.0140000283718109e-01 0.0000000000000000e+00
1.0000000000000000e+01 2.0000000000000000e+00 0.0000000000000000e+00 2.0000000000000000e+00 6.4064504560119631e+03 0.0000000000000000e+00 1.0791126136971877e+02 2.0280000567436218e-01 0.0000000000000000e+00
1.0000000000000000e+01 3.0000000000000000e+00 0.0000000000000000e+00 1.0000000000000000e+00 6.3927504019653325e+03 0.0000000000000000e+00 1.0697316866322858e+02 1.0149999707937241e-01 0.0000000000000000e+00
1.0000000000000000e+01 3.0000000000000000e+00 0.0000000000000000e+00 2.0000000000000000e+00 6.4057508169433595e+03 0.0000000000000000e+00 1.0697316866322858e+02 2.0299999415874481e-01 0.0000000000000000e+00
1.0000000000000000e+01 4.0000000000000000e+00 0.0000000000000000e+00 1.0000000000000000e+00 6.3920503476806643e+03 0.0000000000000000e+00 1.0561232795484455e+02 1.0159999877214432e-01 0.0000000000000000e+00
1.0000000000000000e+01 4.0000000000000000e+00 0.0000000000000000e+00 2.0000000000000000e+00 6.4050503474426268e+03 0.0000000000000000e+00 1.0561232795484455e+02 2.0319999754428864e-01 0.0000000000000000e+00
1.0000000000000000e+01 5.0000000000000000e+00 0.0000000000000000e+00 1.0000000000000000e+00 6.3913502933959962e+03 1.2817946272895665e+03 1.0581099680290185e+02 1.0170000046491623e-01 1.4124504522068464e-04
1.0000000000000000e+01 5.0000000000000000e+00 0.0000000000000000e+00 2.0000000000000000e+00 6.4043502931579587e+03 1.2817946272895665e+03 1.0581099680290185e+02 2.0340000092983246e-01 2.8306467498765661e-04
1.1000000000000000e+01 1.0000000000000000e+00 0.0000000000000000e+00 1.0000000000000000e+00 6.3910505073974609e+03 0.0000000000000000e+00 1.0877247089200729e+02 1.0130000114440918e-01 0.0000000000000000e+00
1.1000000000000000e+01 1.0000000000000000e+00 0.0000000000000000e+00 2.0000000000000000e+00 6.4040505071594243e+03 0.0000000000000000e+00 1.0877247089200729e+02 2.0260000228881836e-01 0.0000000000000000e+00
1.1000000000000000e+01 2.0000000000000000e+00 0.0000000000000000e+00 1.0000000000000000e+00 6.3934500410339360e+03 0.0000000000000000e+00 1.0787990172982904e+02 1.0140000283718109e-01 0.0000000000000000e+00
1.1000000000000000e+01 2.0000000000000000e+00 0.0000000000000000e+00 2.0000000000000000e+00 6.4064504560119631e+03 0.0000000000000000e+00 1.0787990172982904e+02 2.0280000567436218e-01 0.0000000000000000e+00
1.1000000000000000e+01 3.0000000000000000e+00 0.0000000000000000e+00 1.0000000000000000e+00 6.3927504019653325e+03 0.0000000000000000e+00 1.0694220739093866e+02 1.0149999707937241e-01 0.0000000000000000e+00
1.1000000000000000e+01 3.0000000000000000e+00 0.0000000000000000e+00 2.0000000000000000e+00 6.4057508169433595e+03 0.0000000000000000e+00 1.0694220739093866e+02 2.0299999415874481e-01 0.0000000000000000e+00
1.1000000000000000e+01 4.0000000000000000e+00 0.0000000000000000e+00 1.0000000000000000e+00 6.3920503476806643e+03 0.0000000000000000e+00 1.0558171991356411e+02 1.0159999877214432e-01 0.0000000000000000e+00
1.1000000000000000e+01 4.0000000000000000e+00 0.0000000000000000e+00 2.0000000000000000e+00 6.4050503474426268e+03 0.0000000000000000e+00 1.0558171991356411e+02 2.0319999754428864e-01 0.0000000000000000e+00
1.1000000000000000e+01 5.0000000000000000e+00 0.0000000000000000e+00 1.0000000000000000e+00 6.3913502933959962e+03 1.2410663652359776e+03 1.0578030328074048e+02 1.0170000046491623e-01 1.3671739758127396e-04
1.1000000000000000e+01 5.0000000000000000e+00 0.0000000000000000e+00 2.0000000000000000e+00 6.4043502931579587e+03 1.2410663652359776e+03 1.0578030328074048e+02 2.0340000092983246e-01 2.7399096124778010e-04
1.2000000000000000e+01 1.0000000000000000e+00 0.0000000000000000e+00 1.0000000000000000e+00 6.3910505073974609e+03 0.0000000000000000e+00 1.0873235736760640e+02 1.0130000114440918e-01 0.0000000000000000e+00
1.2000000000000000e+01 1.0000000000000000e+00 0.0000000000000000e+00 2.0000000000000000e+00 6.4040505071594243e+03 0.0000000000000000e+00 1.0873235736760640e+02 2.0260000228881836e-01 0.0000000000000000e+00
1.2000000000000000e+01 2.0000000000000000e+00 0.0000000000000000e+00 1.0000000000000000e+00 6.3934500410339360e+03 0.0000000000000000e+00 1.0784027260421857e+02 1.0140000283718109e-01 0.0000000000000000e+00
1.2000000000000000e+01 2.0000000000000000e+00 0.0000000000000000e+00 2.0000000000000000e+00 6.4064504560119631e+03 0.0000000000000000e+00 1.0784027260421857e+02 2.0280000567436218e-01 0.0000000000000000e+00
1.2000000000000000e+01 3.0000000000000000e+00 0.0000000000000000e+00 1.0000000000000000e+00 6.3927504019653325e+03 0.0000000000000000e+00 1.0690308141686795e+02 1.0149999707937241e-01 0.0000000000000000e+00
1.2000000000000000e+01 3.0000000000000000e+00 0.0000000000000000e+00 2.0000000000000000e+00 6.4057508169433595e+03 0.0000000000000000e+00 1.0690308141686795e+02 2.0299999415874481e-01 0.0000000000000000e+00
1.2000000000000000e+01 4.0000000000000000e+00 0.0000000000000000e+00 1.0000000000000000e+00 6.3920503476806643e+03 0.0000000000000000e+00 1.0554304345682500e+02 1.0159999877214432e-01 0.0000000000000000e+00
1.2000000000000000e+01 4.0000000000000000e+00 0.0000000000000000e+00 2.0000000000000000e+00 6.4050503474426268e+03 0.0000000000000000e+00 1.0554304345682500e+02 2.0319999754428864e-01 0.0000000000000000e+00
1.2000000000000000e+01 5.0000000000000000e+00 0.0000000000000000e+00 1.0000000000000000e+00 6.3913502933959962e+03 1.2339114476925383e+03 1.0574151888881336e+02 1.0170000046491623e-01 1.3587936456405767e-04
1.2000000000000000e+01 5.0000000000000000e+00 0.0000000000000000e+00 2.0000000000000000e+00 6.4043502931579587e+03 1.2339114476925383e+03 1.0574151888881336e+02 2.0340000092983246e-01 2.7231148609679960e-04
1.3000000000000000e+01 1.0000000000000000e+00 0.0000000000000000e+00 1.0000000000000000e+00 6.3910505073974609e+03 0.0000000000000000e+00 1.0868172499776948e+02 1.0130000114440918e-01 0.0000000000000000e+00
1.3000000000000000e+01 1.0000000000000000e+00 0.0000000000000000e+00 2.0000000000000000e+00 6.4040505071594243e+03 0.0000000000000000e+00 1.0868172499776948e+02 2.0260000228881836e-01 0.0000000000000000e+00
1.3000000000000000e+01 2.0000000000000000e+00 0.0000000000000000e+00 1.0000000000000000e+00 6.3934500410339360e+03 0.0000000000000000e+00 1.0779025136553813e+02 1.0140000283718109e-01 0.0000000000000000e+00
1.3000000000000000e+01 2.0000000000000000e+00 0.0000000000000000e+00 2.0000000000000000e+00 6.4064504560119631e+03 0.0000000000000000e+00 1.0779025136553813e+02 2.0280000567436218e-01 0.0000000000000000e+00
1.3000000000000000e+01 3.0000000000000000e+00 0.0000000000000000e+00 1.0000000000000000e+00 6.3927504019653325e+03 0.0000000000000000e+00 1.0685369504507811e+02 1.0149999707937241e-01 0.0000000000000000e+00
1.3000000000000000e+01 3.0000000000000000e+00 0.0000000000000000e+00 2.0000000000000000e+00 6.4057508169433595e+03 0.0000000000000000e+00 1.0685369504507811e+02 2.0299999415874481e-01 0.0000000000000000e+00
1.3000000000000000e+01 4.0000000000000000e+00 0.0000000000000000e+00 1.0000000000000000e+00 6.3920503476806643e+03 0.0000000000000000e+00 1.0549423260674493e+02 1.0159999877214432e-01 0.0000000000000000e+00
1.3000000000000000e+01 4.0000000000000000e+00 0.0000000000000000e+00 2.0000000000000000e+00 6.4050503474426268e+03 0.0000000000000000e+00 1.0549423260674493e+02 2.0319999754428864e-01 0.0000000000000000e+00
1.3000000000000000e+01 5.0000000000000000e+00 0.0000000000000000e+00 1.0000000000000000e+00 6.3913502933959962e+03 1.2626046397180221e+03 1.0569257188628926e+02 1.0170000046491623e-01 1.3897472274975337e-04
1.3000000000000000e+01 5.0000000000000000e+00 0.0000000000000000e+00 2.0000000000000000e+00 6.4043502931579587e+03 1.2626046397180221e+03 1.0569257188628926e+02 2.0340000092983246e-01 2.7851479437876703e-04
1.4000000000000000e+01 1.0000000000000000e+00 0.0000000000000000e+00 1.0000000000000000e+00 6.3910505073974609e+03 0.0000000000000000e+00 1.0861767894759755e+02 1.0130000114440918e-01 0.0000000000000000e+00
1.4000000000000000e+01 1.0000000000000000e+00 0.0000000000000000e+00 2.0000000000000000e+00 6.4040505071594243e+03 0.0000000000000000e+00 1.0861767894759755e+02 2.0260000228881836e-01 0.0000000000000000e+00
1.4000000000000000e+01 2.0000000000000000e+00 0.0000000000000000e+00 1.0000000000000000e+00 6.3934500410339360e+03 0.0000000000000000e+00 1.0772697785747600e+02 1.0140000283718109e-01 0.0000000000000000e+00
1.4000000000000000e+01 2.0000000000000000e+00 0.0000000000000000e+00 2.0000000000000000e+00 6.4064504560119631e+03 0.0000000000000000e+00 1.0772697785747600e+02 2.0280000567436218e-01 0.0000000000000000e+00
1.4000000000000000e+01 3.0000000000000000e+00 0.0000000000000000e+00 1.0000000000000000e+00 6.3927504019653325e+03 0.0000000000000000e+00 1.0679122422723702e+02 1.0149999707937241e-01 0.0000000000000000e+00
1.4000000000000000e+01 3.0000000000000000e+00 0.0000000000000000e+00 2.0000000000000000e+00 6.4057508169433595e+03 0.0000000000000000e+00 1.0679122422723702e+02 2.0299999415874481e-01 0.0000000000000000e+00
1.4000000000000000e+01 4.0000000000000000e+00 0.0000000000000000e+00 1.0000000000000000e+00 6.3920503476806643e+03 0.0000000000000000e+00 1.0543250565455105e+02 1.0159999877214432e-01 0.0000000000000000e+00
1.4000000000000000e+01 4.0000000000000000e+00 0.0000000000000000e+00 2.0000000000000000e+00 6.4050503474426268e+03 0.0000000000000000e+00 1.0543250565455105e+02 2.0319999754428864e-01 0.0000000000000000e+00
1.4000000000000000e+01 5.0000000000000000e+00 0.0000000000000000e+00 1.0000000000000000e+00 6.3913502933959962e+03 1.3359183743194217e+03 1.0563067289052090e+02 1.0170000046491623e-01 1.4695823892633847e-04
1.4000000000000000e+01 5.0000000000000000e+00 0.0000000000000000e+00 2.0000000000000000e+00 6.4043502931579587e+03 1.3359183743194217e+03 1.0563067289052090e+02 2.0340000092983246e-01 2.9451430365891849e-04
1.5000000000000000e+01 1.0000000000000000e+00 0.0000000000000000e+00 1.0000000000000000e+00 6.3910505073974609e+03 0.0000000000000000e+00 1.0853655457425853e+02 1.0130000114440918e-01 0.0000000000000000e+00
1.5000000000000000e+01 1.0000000000000000e+00 0.0000000000000000e+00 2.0000000000000000e+00 6.4040505071594243e+03 0.0000000000000000e+00 1.0853655457425853e+02 2.0260000228881836e-01 0.0000000000000000e+00
1.5000000000000000e+01 2.0000000000000000e+00 0.0000000000000000e+00 1.0000000000000000e+00 6.3934500410339360e+03 0.0000000000000000e+00 1.0764683130537880e+02 1.0140000283718109e-01 0.0000000000000000e+00
1.5000000000000000e+01 2.0000000000000000e+00 0.0000000000000000e+00 2.0000000000000000e+00 6.4064504560119631e+03 0.0000000000000000e+00 1.0764683130537880e+02 2.0280000567436218e-01 0.0000000000000000e+00
1.5000000000000000e+01 3.0000000000000000e+00 0.0000000000000000e+00 1.0000000000000000e+00 6.3927504019653325e+03 0.0000000000000000e+00 1.0671209383811282e+02 1.0149999707937241e-01 0.0000000000000000e+00
1.5000000000000000e+01 3.0000000000000000e+00 0.0000000000000000e+00 2.0000000000000000e+00 6.4057508169433595e+03 0.0000000000000000e+00 1.0671209383811282e+02 2.0299999415874481e-01 0.0000000000000000e+00
1.5000000000000000e+01 4.0000000000000000e+00 0.0000000000000000e+00 1.0000000000000000e+00 6.3920503476806643e+03 0.0000000000000000e+00 1.0535432866913199e+02 1.0159999877214432e-01 0.0000000000000000e+00
1.5000000000000000e+01 4.0000000000000000e+00 0.0000000000000000e+00 2.0000000000000000e+00 6.4050503474426268e+03 0.0000000000000000e+00 1.0535432866913199e+02 2.0319999754428864e-01 0.0000000000000000e+00
1.5000000000000000e+01 5.0000000000000000e+00 0.0000000000000000e+00 1.0000000000000000e+00 6.3913502933959962e+03 1.4815381935299456e+03 1.0555227817894753e+02 1.0170000046491623e-01 1.6285625086610655e-04
1.5000000000000000e+01 5.0000000000000000e+00 0.0000000000000000e+00 2.0000000000000000e+00 6.4043502931579587e+03 1.4815381935299456e+03 1.0555227817894753e+02 2.0340000092983246e-01 3.2637500061752096e-04
1.6000000000000000e+01 1.0000000000000000e+00 0.0000000000000000e+00 1.0000000000000000e+00 6.3910505073974609e+03 0.0000000000000000e+00 1.0843363920859754e+02 1.0130000114440918e-01 0.0000000000000000e+00
1.6000000000000000e+01 1.0000000000000000e+00 0.0000000000000000e+00 2.0000000000000000e+00 6.4040505071594243e+03 0.0000000000000000e+00 1.0843363920859754e+02 2.0260000228881836e-01 0.0000000000000000e+00
1.6000000000000000e+01 2.0000000000000000e+00 0.0000000000000000e+00 1.0000000000000000e+00 6.3934500410339360e+03 0.0000000000000000e+00 1.0754515528244281e+02 1.0140000283718109e-01 0.0000000000000000e+00
1.6000000000000000e+01 2.0000000000000000e+00 0.0000000000000000e+00 2.0000000000000000e+00 6.4064504560119631e+03 0.0000000000000000e+00 1.0754515528244281e+02 2.0280000567436218e-01 0.0000000000000000e+00
1.6000000000000000e+01 3.0000000000000000e+00 0.0000000000000000e+00 1.0000000000000000e+00 6.3927504019653325e+03 0.0000000000000000e+00 1.0661170609746979e+02 1.0149999707937241e-01 0.0000000000000000e+00
1.6000000000000000e+01 3.0000000000000000e+00 0.0000000000000000e+00 2.0000000000000000e+00 6.4057508169433595e+03 0.0000000000000000e+00 1.0661170609746979e+02 2.0299999415874481e-01 0.0000000000000000e+00
1.6000000000000000e+01 4.0000000000000000e+00 0.0000000000000000e+00 1.0000000000000000e+00 6.3920503476806643e+03 4.1892660990833974e-01 1.0525517825899468e+02 1.0159999877214432e-01 4.5880242206940792e-08
1.6000000000000000e+01 4.0000000000000000e+00 0.0000000000000000e+00 2.0000000000000000e+00 6.4050503474426268e+03 4.1892660990833974e-01 1.0525517825899468e+02 2.0319999754428864e-01 9.1947104701684981e-08
1.6000000000000000e+01 5.0000000000000000e+00 0.0000000000000000e+00 1.0000000000000000e+00 6.3913502933959962e+03 1.7449431152343750e+03 1.0545285191620434e+02 1.0170000046491623e-01 1.9163003217586682e-04
1.6000000000000000e+01 5.0000000000000000e+00 0.0000000000000000e+00 2.0000000000000000e+00 6.4043502931579587e+03 1.7449431152343750e+03 1.0545285191620434e+02 2.0340000092983246e-01 3.8403961491876963e-04
1.7000000000000000e+01 1.0000000000000000e+00 0.0000000000000000e+00 1.0000000000000000e+00 6.3910505073974609e+03 0.0000000000000000e+00 1.0830284511698076e+02 1.0130000114440918e-01 0.0000000000000000e+00
1.7000000000000000e+01 1.0000000000000000e+00 0.0000000000000000e+00 2.0000000000000000e+00 6.4040505071594243e+03 0.0000000000000000e+00 1.0830284511698076e+02 2.0260000228881836e-01 0.0000000000000000e+00
1.7000000000000000e+01 2.0000000000000000e+00 0.0000000000000000e+00 1.0000000000000000e+00 6.3934500410339360e+03 0.0000000000000000e+00 1.0741593460732199e+02 1.0140000283718109e-01 0.0000000000000000e+00
1.7000000000000000e+01 2.0000000000000000e+00 0.0000000000000000e+00 2.0000000000000000e+00 6.4064504560119631e+03 0.0000000000000000e+00 1.0741593460732199e+02 2.0280000567436218e-01 0.0000000000000000e+00
1.7000000000000000e+01 3.0000000000000000e+00 0.0000000000000000e+00 1.0000000000000000e+00 6.3927504019653325e+03 0.0000000000000000e+00 1.0648412150956584e+02 1.0149999707937241e-01 0.0000000000000000e+00
1.7000000000000000e+01 3.0000000000000000e+00 0.0000000000000000e+00 2.0000000000000000e+00 6.4057508169433595e+03 0.0000000000000000e+00 1.0648412150956584e+02 2.0299999415874481e-01 0.0000000000000000e+00
1.7000000000000000e+01 4.0000000000000000e+00 0.0000000000000000e+00 1.0000000000000000e+00 6.3920503476806643e+03 5.3986631407678942e-01 1.0512921207015040e+02 1.0159999877214432e-01 5.9054625903082644e-08
1.7000000000000000e+01 4.0000000000000000e+00 0.0000000000000000e+00 2.0000000000000000e+00 6.4050503474426268e+03 5.3986631407678942e-01 1.0512921207015040e+02 2.0319999754428864e-01 1.1834945958956031e-07
1.7000000000000000e+01 5.0000000000000000e+00 0.0000000000000000e+00 1.0000000000000000e+00 6.3913502933959962e+03 2.2296755371093750e+03 1.0532653570152709e+02 1.0170000046491623e-01 2.4457014353979507e-04
1.7000000000000000e+01 5.0000000000000000e+00 0.0000000000000000e+00 2.0000000000000000e+00 6.4043502931579587e+03 2.2296755371093750e+03 1.0532653570152709e+02 2.0340000092983246e-01 4.9013519790808461e-04
1.8000000000000000e+01 1.0000000000000000e+00 0.0000000000000000e+00 1.0000000000000000e+00 6.3910505073974609e+03 0.0000000000000000e+00 1.0813628056717647e+02 1.0130000114440918e-01 0.0000000000000000e+00
1.8000000000000000e+01 1.0000000000000000e+00 0.0000000000000000e+00 2.0000000000000000e+00 6.4040505071594243e+03 0.0000000000000000e+00 1.0813628056717647e+02 2.0260000228881836e-01 0.0000000000000000e+00
1.8000000000000000e+01 2.0000000000000000e+00 0.0000000000000000e+00 1.0000000000000000e+00 6.3934500410339360e+03 0.0000000000000000e+00 1.0725137153028359e+02 1.0140000283718109e-01 0.0000000000000000e+00
1.8000000000000000e+01 2.0000000000000000e+00 0.0000000000000000e+00 2.0000000000000000e+00 6.4064504560119631e+03 0.0000000000000000e+00 1.0725137153028359e+02 2.0280000567436218e-01 0.0000000000000000e+00
1.8000000000000000e+01 3.0000000000000000e+00 0.0000000000000000e+00 1.0000000000000000e+00 6.3927504019653325e+03 0.0000000000000000e+00 1.0632164043127814e+02 1.0149999707937241e-01 0.0000000000000000e+00
1.8000000000000000e+01 3.0000000000000000e+00 0.0000000000000000e+00 2.0000000000000000e+00 6.4057508169433595e+03 0.0000000000000000e+00 1.0632164043127814e+02 2.0299999415874481e-01 0.0000000000000000e+00
1.8000000000000000e+01 4.0000000000000000e+00 0.0000000000000000e+00 1.0000000000000000e+00 6.3920503476806643e+03 7.8848355498030287e-01 1.0496884728243040e+02 1.0159999877214432e-01 8.6118677412772878e-08
1.8000000000000000e+01 4.0000000000000000e+00 0.0000000000000000e+00 2.0000000000000000e+00 6.4050503474426268e+03 7.8848355498030287e-01 1.0496884728243040e+02 2.0319999754428864e-01 1.7258764705572910e-07
1.8000000000000000e+01 5.0000000000000000e+00 0.0000000000000000e+00 1.0000000000000000e+00 6.3913502933959962e+03 3.1898210449218750e+03 1.0516572586647209e+02 1.0170000046491623e-01 3.4935302823147900e-04
1.8000000000000000e+01 5.0000000000000000e+00 0.0000000000000000e+00 2.0000000000000000e+00 6.4043502931579587e+03 3.1898210449218750e+03 1.0516572586647209e+02 2.0340000092983246e-01 7.0012722384555097e-04
1.9000000000000000e+01 1.0000000000000000e+00 0.0000000000000000e+00 1.0000000000000000e+00 6.3910505073974609e+03 0.0000000000000000e+00 1.0792366381900932e+02 1.0130000114440918e-01 0.0000000000000000e+00
1.9000000000000000e+01 1.0000000000000000e+00 0.0000000000000000e+00 2.0000000000000000e+00 6.4040505071594243e+03 0.0000000000000000e+00 1.0792366381900932e+02 2.0260000228881836e-01 0.0000000000000000e+00
1.9000000000000000e+01 2.0000000000000000e+00 0.0000000000000000e+00 1.0000000000000000e+00 6.3934500410339360e+03 0.0000000000000000e+00 1.0704130590593965e+02 1.0140000283718109e-01 0.0000000000000000e+00
1.9000000000000000e+01 2.0000000000000000e+00 0.0000000000000000e+00 2.0000000000000000e+00 6.4064504560119631e+03 0.0000000000000000e+00 1.0704130590593965e+02 2.0280000567436218e-01 0.0000000000000000e+00
1.9000000000000000e+01 3.0000000000000000e+00 0.0000000000000000e+00 1.0000000000000000e+00 6.3927504019653325e+03 0.0000000000000000e+00 1.0611422978620263e+02 1.0149999707937241e-01 0.0000000000000000e+00
1.9000000000000000e+01 3.0000000000000000e+00 0.0000000000000000e+00 2.0000000000000000e+00 6.4057508169433595e+03 0.0000000000000000e+00 1.0611422978620263e+02 2.0299999415874481e-01 0.0000000000000000e+00
1.9000000000000000e+01 4.0000000000000000e+00 0.0000000000000000e+00 1.0000000000000000e+00 6.3920503476806643e+03 1.3832709919806803e+00 1.0476422754033709e+02 1.0159999877214432e-01 1.5078723177319529e-07
1.9000000000000000e+01 4.0000000000000000e+00 0.0000000000000000e+00 2.0000000000000000e+00 6.4050503474426268e+03 1.3832709919806803e+00 1.0476422754033709e+02 2.0319999754428864e-01 3.0218779850795575e-07
1.9000000000000000e+01 5.0000000000000000e+00 0.0000000000000000e+00 1.0000000000000000e+00 6.3913502933959962e+03 5.3802578125000000e+03 1.0496053918916957e+02 1.0170000046491623e-01 5.8810261328609299e-04
1.9000000000000000e+01 5.0000000000000000e+00 0.0000000000000000e+00 2.0000000000000000e+00 6.4043502931579587e+03 5.3802578125000000e+03 1.0496053918916957e+02 2.0340000092983246e-01 1.1785976267636223e-03
2.0000000000000000e+01 1.0000000000000000e+00 0.0000000000000000e+00 1.0000000000000000e+00 6.3910505073974609e+03 0.0000000000000000e+00 1.0765158679120354e+02 1.0130000114440918e-01 0.0000000000000000e+00
2.0000000000000000e+01 1.0000000000000000e+00 0.0000000000000000e+00 2.0000000000000000e+00 6.4040505071594243e+03 0.0000000000000000e+00 1.0765158679120354e+02 2.0260000228881836e-01 0.0000000000000000e+00
2.0000000000000000e+01 2.0000000000000000e+00 0.0000000000000000e+00 1.0000000000000000e+00 6.3934500410339360e+03 0.0000000000000000e+00 1.0677248827332856e+02 1.0140000283718109e-01 0.0000000000000000e+00
2.0000000000000000e+01 2.0000000000000000e+00 0.0000000000000000e+00 2.0000000000000000e+00 6.4064504560119631e+03 0.0000000000000000e+00 1.0677248827332856e+02 2.0280000567436218e-01 0.0000000000000000e+00
2.0000000000000000e+01 3.0000000000000000e+00 0.0000000000000000e+00 1.0000000000000000e+00 6.3927504019653325e+03 0.0000000000000000e+00 1.0584880603669026e+02 1.0149999707937241e-01 0.0000000000000000e+00
2.0000000000000000e+01 3.0000000000000000e+00 0.0000000000000000e+00 2.0000000000000000e+00 6.4057508169433595e+03 0.0000000000000000e+00 1.0584880603669026e+02 2.0299999415874481e-01 0.0000000000000000e+00
2.0000000000000000e+01 4.0000000000000000e+00 0.0000000000000000e+00 1.0000000000000000e+00 6.3920503476806643e+03 3.2125405525049064e+00 1.0450248665267256e+02 1.0159999877214432e-01 3.4931684319584804e-07
2.0000000000000000e+01 4.0000000000000000e+00 0.0000000000000000e+00 2.0000000000000000e+00 6.4050503474426268e+03 3.2125405525049064e+00 1.0450248665267256e+02 2.0319999754428864e-01 7.0005455094419246e-07
2.0000000000000000e+01 5.0000000000000000e+00 0.0000000000000000e+00 1.0000000000000000e+00 6.3913502933959962e+03 1.1663180664062500e+04 1.0469807438256240e+02 1.0170000046491623e-01 1.2716853451316772e-03
2.0000000000000000e+01 5.0000000000000000e+00 0.0000000000000000e+00 2.0000000000000000e+00 6.4043502931579587e+03 1.1663180664062500e+04 1.0469807438256240e+02 2.0340000092983246e-01 2.5485439035673055e-03
2.1000000000000000e+01 1.0000000000000000e+00 0.0000000000000000e+00 1.0000000000000000e+00 6.3910505073974609e+03 0.0000000000000000e+00 1.0730247471114902e+02 1.0130000114440918e-01 0.0000000000000000e+00
2.1000000000000000e+01 1.0000000000000000e+00 0.0000000000000000e+00 2.0000000000000000e+00 6.4040505071594243e+03 0.0000000000000000e+00 1.0730247471114902e+02 2.0260000228881836e-01 0.0000000000000000e+00
2.1000000000000000e+01 2.0000000000000000e+00 0.0000000000000000e+00 1.0000000000000000e+00 6.3934500410339360e+03 0.0000000000000000e+00 1.0642755028079989e+02 1.0140000283718109e-01 0.0000000000000000e+00
2.1000000000000000e+01 2.0000000000000000e+00 0.0000000000000000e+00 2.0000000000000000e+00 6.4064504560119631e+03 0.0000000000000000e+00 1.0642755028079989e+02 2.0280000567436218e-01 0.0000000000000000e+00
2.1000000000000000e+01 3.0000000000000000e+00 0.0000000000000000e+00 1.0000000000000000e+00 6.3927504019653325e+03 0.0000000000000000e+00 1.0550821685384112e+02 1.0149999707937241e-01 0.0000000000000000e+00
2.1000000000000000e+01 3.0000000000000000e+00 0.0000000000000000e+00 2.0000000000000000e+00 6.4057508169433595e+03 0.0000000000000000e+00 1.0550821685384112e+02 2.0299999415874481e-01 0.0000000000000000e+00
2.1000000000000000e+01 4.0000000000000000e+00 0.0000000000000000e+00 1.0000000000000000e+00 6.3920503476806643e+03 1.1805882903567220e+01 1.0416675024616974e+02 1.0159999877214432e-01 1.2795930432918154e-06
2.1000000000000000e+01 4.0000000000000000e+00 0.0000000000000000e+00 2.0000000000000000e+00 6.4050503474426268e+03 1.1805882903567220e+01 1.0416675024616974e+02 2.0319999754428864e-01 2.5643908982961161e-06
2.1000000000000000e+01 5.0000000000000000e+00 0.0000000000000000e+00 1.0000000000000000e+00 6.3913502933959962e+03 3.8038078125000000e+04 1.0436141137134651e+02 1.0170000046491623e-01 4.1341142948960099e-03
2.1000000000000000e+01 5.0000000000000000e+00 0.0000000000000000e+00 2.0000000000000000e+00 6.4043502931579587e+03 3.8038078125000000e+04 1.0436141137134651e+02 2.0340000092983246e-01 8.2850461580311150e-03
2.2000000000000000e+01 1.0000000000000000e+00 0.0000000000000000e+00 1.0000000000000000e+00 6.3910505073974609e+03 0.0000000000000000e+00 1.0685328342406893e+02 1.0130000114440918e-01 0.0000000000000000e+00
2.2000000000000000e+01 1.0000000000000000e+00 0.0000000000000000e+00 2.0000000000000000e+00 6.4040505071594243e+03 0.0000000000000000e+00 1.0685328342406893e+02 2.0260000228881836e-01 0.0000000000000000e+00
2.2000000000000000e+01 2.0000000000000000e+00 0.0000000000000000e+00 1.0000000000000000e+00 6.3934500410339360e+03 0.0000000000000000e+00 1.0598371767019285e+02 1.0140000283718109e-01 0.0000000000000000e+00
2.2000000000000000e+01 2.0000000000000000e+00 0.0000000000000000e+00 2.0000000000000000e+00 6.4064504560119631e+03 0.0000000000000000e+00 1.0598371767019285e+02 2.0280000567436218e-01 0.0000000000000000e+00
2.2000000000000000e+01 3.0000000000000000e+00 0.0000000000000000e+00 1.0000000000000000e+00 6.3927504019653325e+03 0.0000000000000000e+00 1.0506997062673679e+02 1.0149999707937241e-01 0.0000000000000000e+00
2.2000000000000000e+01 3.0000000000000000e+00 0.0000000000000000e+00 2.0000000000000000e+00 6.4057508169433595e+03 0.0000000000000000e+00 1.0506997062673679e+02 2.0299999415874481e-01 0.0000000000000000e+00
2.2000000000000000e+01 4.0000000000000000e+00 0.0000000000000000e+00 1.0000000000000000e+00 6.3920503476806643e+03 9.4608759202828551e+01 1.0373485246113803e+02 1.0159999877214432e-01 1.0211753522663985e-05
2.2000000000000000e+01 4.0000000000000000e+00 0.0000000000000000e+00 2.0000000000000000e+00 6.4050503474426268e+03 9.4608759202828551e+01 1.0373485246113803e+02 2.0319999754428864e-01 2.0465043887543869e-05
2.2000000000000000e+01 5.0000000000000000e+00 0.0000000000000000e+00 1.0000000000000000e+00 6.3913502933959962e+03 2.4775617187500000e+05 1.0392832436059724e+02 1.0170000046491623e-01 2.6815282500586592e-02
2.2000000000000000e+01 5.0000000000000000e+00 0.0000000000000000e+00 2.0000000000000000e+00 6.4043502931579587e+03 2.4775617187500000e+05 1.0392832436059724e+02 2.0340000092983246e-01 5.3739649513873035e-02
2.3000000000000000e+01 1.0000000000000000e+00 0.0000000000000000e+00 1.0000000000000000e+00 6.3910505073974609e+03 0.0000000000000000e+00 1.0627390052871685e+02 1.0130000114440918e-01 0.0000000000000000e+00
2.3000000000000000e+01 1.0000000000000000e+00 0.0000000000000000e+00 2.0000000000000000e+00 6.4040505071594243e+03 0.0000000000000000e+00 1.0627390052871685e+02 2.0260000228881836e-01 0.0000000000000000e+00
2.3000000000000000e+01 2.0000000000000000e+00 0.0000000000000000e+00 1.0000000000000000e+00 6.3934500410339360e+03 0.0000000000000000e+00 1.0541122924244750e+02 1.0140000283718109e-01 0.0000000000000000e+00
2.3000000000000000e+01 2.0000000000000000e+00 0.0000000000000000e+00 2.0000000000000000e+00 6.4064504560119631e+03 0.0000000000000000e+00 1.0541122924244750e+02 2.0280000567436218e-01 0.0000000000000000e+00
2.3000000000000000e+01 3.0000000000000000e+00 0.0000000000000000e+00 1.0000000000000000e+00 6.3927504019653325e+03 0.0000000000000000e+00 1.0450467431480781e+02 1.0149999707937241e-01 0.0000000000000000e+00
2.3000000000000000e+01 3.0000000000000000e+00 0.0000000000000000e+00 2.0000000000000000e+00 6.4057508169433595e+03 0.0000000000000000e+00 1.0450467431480781e+02 2.0299999415874481e-01 0.0000000000000000e+00
2.3000000000000000e+01 4.0000000000000000e+00 0.0000000000000000e+00 1.0000000000000000e+00 6.3920503476806643e+03 1.7085683303786973e+03 1.0317776581647117e+02 1.0159999877214432e-01 1.8342678547470724e-04
2.3000000000000000e+01 4.0000000000000000e+00 0.0000000000000000e+00 2.0000000000000000e+00 6.4050503474426268e+03 1.7085683303786973e+03 1.0317776581647117e+02 2.0319999754428864e-01 3.6759966900490744e-04
2.3000000000000000e+01 5.0000000000000000e+00 0.0000000000000000e+00 1.0000000000000000e+00 6.3913502933959962e+03 3.4292092500000000e+06 1.0336970760029210e+02 1.0170000046491623e-01 3.6915711538559548e-01
2.3000000000000000e+01 5.0000000000000000e+00 0.0000000000000000e+00 2.0000000000000000e+00 6.4043502931579587e+03 3.4292092500000000e+06 1.0336970760029210e+02 2.0340000092983246e-01 7.3981596113859016e-01
2.4000000000000000e+01 1.0000000000000000e+00 0.0000000000000000e+00 1.0000000000000000e+00 6.3910505073974609e+03 0.0000000000000000e+00 1.0552613130849988e+02 1.0130000114440918e-01 0.0000000000000000e+00
2.4000000000000000e+01 1.0000000000000000e+00 0.0000000000000000e+00 2.0000000000000000e+00 6.4040505071594243e+03 0.0000000000000000e+00 1.0552613130849988e+02 2.0260000228881836e-01 0.0000000000000000e+00
2.4000000000000000e+01 2.0000000000000000e+00 0.0000000000000000e+00 1.0000000000000000e+00 6.3934500410339360e+03 0.0000000000000000e+00 1.0467232967285977e+02 1.0140000283718109e-01 0.0000000000000000e+00
2.4000000000000000e+01 2.0000000000000000e+00 0.0000000000000000e+00 2.0000000000000000e+00 6.4064504560119631e+03 0.0000000000000000e+00 1.0467232967285977e+02 2.0280000567436218e-01 0.0000000000000000e+00
2.4000000000000000e+01 3.0000000000000000e+00 0.0000000000000000e+00 1.0000000000000000e+00 6.3927504019653325e+03 1.0337477280099847e+00 1.0377503304802704e+02 1.0149999707937241e-01 1.1152484289147323e-07
2.4000000000000000e+01 3.0000000000000000e+00 0.0000000000000000e+00 2.0000000000000000e+00 6.4057508169433595e+03 1.0337477280099847e+00 1.0377503304802704e+02 2.0299999415874481e-01 2.2350328373274370e-07
2.4000000000000000e+01 4.0000000000000000e+00 0.0000000000000000e+00 1.0000000000000000e+00 6.3920503476806643e+03 2.6069171875000000e+04 1.0245865120813328e+02 1.0159999877214432e-01 2.7792022540240125e-03
2.4000000000000000e+01 4.0000000000000000e+00 0.0000000000000000e+00 2.0000000000000000e+00 6.4050503474426268e+03 2.6069171875000000e+04 1.0245865120813328e+02 2.0319999754428864e-01 5.5697090587557233e-03
2.4000000000000000e+01 5.0000000000000000e+00 0.0000000000000000e+00 1.0000000000000000e+00 6.3913502933959962e+03 4.0254440000000000e+07 1.0264862406941663e+02 1.0170000046491623e-01 4.3031936565885562e+00
2.4000000000000000e+01 5.0000000000000000e+00 0.0000000000000000e+00 2.0000000000000000e+00 6.4043502931579587e+03 4.0254440000000000e+07 1.0264862406941663e+02 2.0340000092983246e-01 8.6238926959032405e+00
2.5000000000000000e+01 1.0000000000000000e+00 0.0000000000000000e+00 1.0000000000000000e+00 6.3910505073974609e+03 0.0000000000000000e+00 1.0456481500127140e+02 1.0130000114440918e-01 0.0000000000000000e+00
2.5000000000000000e+01 1.0000000000000000e+00 0.0000000000000000e+00 2.0000000000000000e+00 6.4040505071594243e+03 0.0000000000000000e+00 1.0456481500127140e+02 2.0260000228881836e-01 0.0000000000000000e+00
2.5000000000000000e+01 2.0000000000000000e+00 0.0000000000000000e+00 1.0000000000000000e+00 6.3934500410339360e+03 0.0000000000000000e+00 1.0372235558288232e+02 1.0140000283718109e-01 0.0000000000000000e+00
2.5000000000000000e+01 2.0000000000000000e+00 0.0000000000000000e+00 2.0000000000000000e+00 6.4064504560119631e+03 0.0000000000000000e+00 1.0372235558288232e+02 2.0280000567436218e-01 0.0000000000000000e+00
2.5000000000000000e+01 3.0000000000000000e+00 0.0000000000000000e+00 1.0000000000000000e+00 6.3927504019653325e+03 5.4942584339209247e+01 1.0283690096130871e+02 1.0149999707937241e-01 5.8738416674588768e-06
2.5000000000000000e+01 3.0000000000000000e+00 0.0000000000000000e+00 2.0000000000000000e+00 6.4057508169433595e+03 5.4942584339209247e+01 1.0283690096130871e+02 2.0299999415874481e-01 1.1771573640151230e-05
2.5000000000000000e+01 4.0000000000000000e+00 0.0000000000000000e+00 1.0000000000000000e+00 6.3920503476806643e+03 1.2130420000000000e+06 1.0153396485331538e+02 1.0159999877214432e-01 1.2815379370983851e-01
2.5000000000000000e+01 4.0000000000000000e+00 0.0000000000000000e+00 2.0000000000000000e+00 6.4050503474426268e+03 1.2130420000000000e+06 1.0153396485331538e+02 2.0319999754428864e-01 2.5682885968666630e-01
2.5000000000000000e+01 5.0000000000000000e+00 0.0000000000000000e+00 1.0000000000000000e+00 6.3913502933959962e+03 1.2721500160000000e+09 1.0172142036431289e+02 1.0170000046491623e-01 1.3476425439799220e+02
2.5000000000000000e+01 5.0000000000000000e+00 0.0000000000000000e+00 2.0000000000000000e+00 6.4043502931579587e+03 1.2721500160000000e+09 1.0172142036431289e+02 2.0340000092983246e-01 2.7007672949886313e+02
2.6000000000000000e+01 1.0000000000000000e+00 0.0000000000000000e+00 1.0000000000000000e+00 6.3910505073974609e+03 0.0000000000000000e+00 1.0333130573471743e+02 1.0130000114440918e-01 0.0000000000000000e+00
2.6000000000000000e+01 1.0000000000000000e+00 0.0000000000000000e+00 2.0000000000000000e+00 6.4040505071594243e+03 0.0000000000000000e+00 1.0333130573471743e+02 2.0260000228881836e-01 0.0000000000000000e+00
2.6000000000000000e+01 2.0000000000000000e+00 0.0000000000000000e+00 1.0000000000000000e+00 6.3934500410339360e+03 0.0000000000000000e+00 1.0250328865756779e+02 1.0140000283718109e-01 0.0000000000000000e+00
2.6000000000000000e+01 2.0000000000000000e+00 0.0000000000000000e+00 2.0000000000000000e+00 6.4064504560119631e+03 0.0000000000000000e+00 1.0250328865756779e+02 2.0280000567436218e-01 0.0000000000000000e+00
2.6000000000000000e+01 3.0000000000000000e+00 0.0000000000000000e+00 1.0000000000000000e+00 6.3927504019653325e+03 3.5121573993817697e+02 1.0163291192333648e+02 1.0149999707937241e-01 3.7108424104703699e-05
2.6000000000000000e+01 3.0000000000000000e+00 0.0000000000000000e+00 2.0000000000000000e+00 6.4057508169433595e+03 3.5121573993817697e+02 1.0163291192333648e+02 2.0299999415874481e-01 7.4367776959071517e-05
2.6000000000000000e+01 4.0000000000000000e+00 0.0000000000000000e+00 1.0000000000000000e+00 6.3920503476806643e+03 6.8565985000000000e+06 1.0034718224830212e+02 1.0159999877214432e-01 7.1590959789733355e-01
2.6000000000000000e+01 4.0000000000000000e+00 0.0000000000000000e+00 2.0000000000000000e+00 6.4050503474426268e+03 6.8565985000000000e+06 1.0034718224830212e+02 2.0319999754428864e-01 1.4347311955744024e+00
2.6000000000000000e+01 5.0000000000000000e+00 0.0000000000000000e+00 1.0000000000000000e+00 6.3913502933959962e+03 4.7637370880000000e+09 1.0053143560999281e+02 1.0170000046491623e-01 4.9873935403698096e+02
2.6000000000000000e+01 5.0000000000000000e+00 0.0000000000000000e+00 2.0000000000000000e+00 6.4043502931579587e+03 4.7637370880000000e+09 1.0053143560999281e+02 2.0340000092983246e-01 9.9950757871510370e+02
2.7000000000000000e+01 1.0000000000000000e+00 0.0000000000000000e+00 1.0000000000000000e+00 6.3910505073974609e+03 0.0000000000000000e+00 1.0174869116648090e+02 1.0130000114440918e-01 0.0000000000000000e+00
2.7000000000000000e+01 1.0000000000000000e+00 0.0000000000000000e+00 2.0000000000000000e+00 6.4040505071594243e+03 0.0000000000000000e+00 1.0174869116648090e+02 2.0260000228881836e-01 0.0000000000000000e+00
2.7000000000000000e+01 2.0000000000000000e+00 0.0000000000000000e+00 1.0000000000000000e+00 6.3934500410339360e+03 0.0000000000000000e+00 1.0093904160842099e+02 1.0140000283718109e-01 0.0000000000000000e+00
2.7000000000000000e+01 2.0000000000000000e+00 0.0000000000000000e+00 2.0000000000000000e+00 6.4064504560119631e+03 0.0000000000000000e+00 1.0093904160842099e+02 2.0280000567436218e-01 0.0000000000000000e+00
2.7000000000000000e+01 3.0000000000000000e+00 0.0000000000000000e+00 1.0000000000000000e+00 6.3927504019653325e+03 1.3959214102424851e+03 1.0008783920840003e+02 1.0149999707937241e-01 1.4524676001615922e-04
2.7000000000000000e+01 3.0000000000000000e+00 0.0000000000000000e+00 2.0000000000000000e+00 6.4057508169433595e+03 1.3959214102424851e+03 1.0008783920840003e+02 2.0299999415874481e-01 2.9108427300582524e-04
2.7000000000000000e+01 4.0000000000000000e+00 0.0000000000000000e+00 1.0000000000000000e+00 6.3920503476806643e+03 2.4420382000000000e+07 9.8824128354875739e+01 1.0159999877214432e-01 2.5110752596921730e+00
2.7000000000000000e+01 4.0000000000000000e+00 0.0000000000000000e+00 2.0000000000000000e+00 6.4050503474426268e+03 2.4420382000000000e+07 9.8824128354875739e+01 2.0319999754428864e-01 5.0323644495015003e+00
2.7000000000000000e+01 5.0000000000000000e+00 0.0000000000000000e+00 1.0000000000000000e+00 6.3913502933959962e+03 1.1643150336000000e+10 9.9004317348476874e+01 1.0170000046491623e-01 1.2004625275006247e+03
2.7000000000000000e+01 5.0000000000000000e+00 0.0000000000000000e+00 2.0000000000000000e+00 6.4043502931579587e+03 1.1643150336000000e+10 9.9004317348476874e+01 2.0340000092983246e-01 2.4058085340331777e+03
2.8000000000000000e+01 1.0000000000000000e+00 0.0000000000000000e+00 1.0000000000000000e+00 6.3910505073974609e+03 0.0000000000000000e+00 9.9721501946628749e+01 1.0130000114440918e-01 0.0000000000000000e+00
2.8000000000000000e+01 1.0000000000000000e+00 0.0000000000000000e+00 2.0000000000000000e+00 6.4040505071594243e+03 0.0000000000000000e+00 9.9721501946628749e+01 2.0260000228881836e-01 0.0000000000000000e+00
2.8000000000000000e+01 2.0000000000000000e+00 0.0000000000000000e+00 1.0000000000000000e+00 6.3934500410339360e+03 0.0000000000000000e+00 9.8935147392558093e+01 1.0140000283718109e-01 0.0000000000000000e+00
2.8000000000000000e+01 2.0000000000000000e+00 0.0000000000000000e+00 2.0000000000000000e+00 6.4064504560119631e+03 0.0000000000000000e+00 9.8935147392558093e+01 2.0280000567436218e-01 0.0000000000000000e+00
2.8000000000000000e+01 3.0000000000000000e+00 0.0000000000000000e+00 1.0000000000000000e+00 6.3927504019653325e+03 4.0562146668482137e+03 9.8108261298339627e+01 1.0149999707937241e-01 4.1370491626466937e-04
2.8000000000000000e+01 3.0000000000000000e+00 0.0000000000000000e+00 2.0000000000000000e+00 6.4057508169433595e+03 4.0562146668482137e+03 9.8108261298339627e+01 2.0299999415874481e-01 8.2909246840645265e-04
2.8000000000000000e+01 4.0000000000000000e+00 0.0000000000000000e+00 1.0000000000000000e+00 6.3920503476806643e+03 6.1482860000000000e+07 9.6872719307755432e+01 1.0159999877214432e-01 6.1972616971658843e+00
2.8000000000000000e+01 4.0000000000000000e+00 0.0000000000000000e+00 2.0000000000000000e+00 6.4050503474426268e+03 6.1482860000000000e+07 9.6872719307755432e+01 2.0319999754428864e-01 1.2419731080819160e+01
2.8000000000000000e+01 5.0000000000000000e+00 0.0000000000000000e+00 1.0000000000000000e+00 6.3913502933959962e+03 2.0454150144000000e+10 9.7047767649327810e+01 1.0170000046491623e-01 2.0672402815328091e+03
2.8000000000000000e+01 5.0000000000000000e+00 0.0000000000000000e+00 2.0000000000000000e+00 6.4043502931579587e+03 2.0454150144000000e+10 9.7047767649327810e+01 2.0340000092983246e-01 4.1428900921742370e+03
2.9000000000000000e+01 1.0000000000000000e+00 0.0000000000000000e+00 1.0000000000000000e+00 6.3910505073974609e+03 0.0000000000000000e+00 9.7140240994248245e+01 1.0130000114440918e-01 0.0000000000000000e+00
2.9000000000000000e+01 1.0000000000000000e+00 0.0000000000000000e+00 2.0000000000000000e+00 6.4040505071594243e+03 0.0000000000000000e+00 9.7140240994248245e+01 2.0260000228881836e-01 0.0000000000000000e+00
2.9000000000000000e+01 2.0000000000000000e+00 0.0000000000000000e+00 1.0000000000000000e+00 6.3934500410339360e+03 0.0000000000000000e+00 9.6383192389740401e+01 1.0140000283718109e-01 0.0000000000000000e+00
2.9000000000000000e+01 2.0000000000000000e+00 0.0000000000000000e+00 2.0000000000000000e+00 6.4064504560119631e+03 0.0000000000000000e+00 9.6383192389740401e+01 2.0280000567436218e-01 0.0000000000000000e+00
2.9000000000000000e+01 3.0000000000000000e+00 0.0000000000000000e+00 1.0000000000000000e+00 6.3927504019653325e+03 7.3254633725036538e+03 9.5586887342124157e+01 1.0149999707937241e-01 7.2794336602643138e-04
2.9000000000000000e+01 3.0000000000000000e+00 0.0000000000000000e+00 2.0000000000000000e+00 6.4057508169433595e+03 7.3254633725036538e+03 9.5586887342124157e+01 2.0299999415874481e-01 1.4588474501299948e-03
2.9000000000000000e+01 4.0000000000000000e+00 0.0000000000000000e+00 1.0000000000000000e+00 6.3920503476806643e+03 9.2392256000000000e+07 9.4387312740892398e+01 1.0159999877214432e-01 9.0738893046957276e+00
2.9000000000000000e+01 4.0000000000000000e+00 0.0000000000000000e+00 2.0000000000000000e+00 6.4050503474426268e+03 9.2392256000000000e+07 9.4387312740892398e+01 2.0319999754428864e-01 1.8184687129313840e+01
2.9000000000000000e+01 5.0000000000000000e+00 0.0000000000000000e+00 1.0000000000000000e+00 6.3913502933959962e+03 2.3020175360000000e+10 9.4555905108364996e+01 1.0170000046491623e-01 2.2668420131400508e+03
2.9000000000000000e+01 5.0000000000000000e+00 0.0000000000000000e+00 2.0000000000000000e+00 6.4043502931579587e+03 2.3020175360000000e+10 9.4555905108364996e+01 2.0340000092983246e-01 4.5429055348122420e+03
3.0000000000000000e+01 1.0000000000000000e+00 0.0000000000000000e+00 1.0000000000000000e+00 6.3910505073974609e+03 0.0000000000000000e+00 9.3883491321359614e+01 1.0130000114440918e-01 0.0000000000000000e+00
3.0000000000000000e+01 1.0000000000000000e+00 0.0000000000000000e+00 2.0000000000000000e+00 6.4040505071594243e+03 0.0000000000000000e+00 9.3883491321359614e+01 2.0260000228881836e-01 0.0000000000000000e+00
3.0000000000000000e+01 2.0000000000000000e+00 0.0000000000000000e+00 1.0000000000000000e+00 6.3934500410339360e+03 0.0000000000000000e+00 9.3162880470600740e+01 1.0140000283718109e-01 0.0000000000000000e+00
3.0000000000000000e+01 2.0000000000000000e+00 0.0000000000000000e+00 2.0000000000000000e+00 6.4064504560119631e+03 0.0000000000000000e+00 9.3162880470600740e+01 2.0280000567436218e-01 0.0000000000000000e+00
3.0000000000000000e+01 3.0000000000000000e+00 0.0000000000000000e+00 1.0000000000000000e+00 6.3927504019653325e+03 1.2731385862566098e+04 9.2404575798531212e+01 1.0149999707937241e-01 1.2230193556294691e-03
3.0000000000000000e+01 3.0000000000000000e+00 0.0000000000000000e+00 2.0000000000000000e+00 6.4057508169433595e+03 1.2731385862566098e+04 9.2404575798531212e+01 2.0299999415874481e-01 2.4510130206405324e-03
3.0000000000000000e+01 4.0000000000000000e+00 0.0000000000000000e+00 1.0000000000000000e+00 6.3920503476806643e+03 1.2541296000000000e+08 9.1250719883895783e+01 1.0159999877214432e-01 1.1907566101241123e+01
3.0000000000000000e+01 4.0000000000000000e+00 0.0000000000000000e+00 2.0000000000000000e+00 6.4050503474426268e+03 1.2541296000000000e+08 9.1250719883895783e+01 2.0319999754428864e-01 2.3863566851166720e+01
3.0000000000000000e+01 5.0000000000000000e+00 0.0000000000000000e+00 1.0000000000000000e+00 6.3913502933959962e+03 2.4266727424000000e+10 9.1411289660245245e+01 1.0170000046491623e-01 2.3101225396673640e+03
3.0000000000000000e+01 5.0000000000000000e+00 0.0000000000000000e+00 2.0000000000000000e+00 6.4043502931579587e+03 2.4266727424000000e+10 9.1411289660245245e+01 2.0340000092983246e-01 4.6296426529575692e+03
3.1000000000000000e+01 1.0000000000000000e+00 0.0000000000000000e+00 1.0000000000000000e+00 6.3910505073974609e+03 0.0000000000000000e+00 8.9822177228595137e+01 1.0130000114440918e-01 0.0000000000000000e+00
3.1000000000000000e+01 1.0000000000000000e+00 0.0000000000000000e+00 2.0000000000000000e+00 6.4040505071594243e+03 0.0000000000000000e+00 8.9822177228595137e+01 2.0260000228881836e-01 0.0000000000000000e+00
3.1000000000000000e+01 2.0000000000000000e+00 0.0000000000000000e+00 1.0000000000000000e+00 6.3934500410339360e+03 7.0806346197474568e-01 8.9146230730377937e+01 1.0140000283718109e-01 6.5562998263096383e-08
3.1000000000000000e+01 2.0000000000000000e+00 0.0000000000000000e+00 2.0000000000000000e+00 6.4064504560119631e+03 7.0806346197474568e-01 8.9146230730377937e+01 2.0280000567436218e-01 1.3139262758740492e-07
3.1000000000000000e+01 3.0000000000000000e+00 0.0000000000000000e+00 1.0000000000000000e+00 6.3927504019653325e+03 2.6372130859375000e+04 8.8434469460290359e+01 1.0149999707937241e-01 2.4245490160331581e-03
3.1000000000000000e+01 3.0000000000000000e+00 0.0000000000000000e+00 2.0000000000000000e+00 6.4057508169433595e+03 2.6372130859375000e+04 8.8434469460290359e+01 2.0299999415874481e-01 4.8589592471493604e-03
3.1000000000000000e+01 4.0000000000000000e+00 0.0000000000000000e+00 1.0000000000000000e+00 6.3920503476806643e+03 1.8292568000000000e+08 8.7338226767457940e+01 1.0159999877214432e-01 1.6623533074678853e+01
3.1000000000000000e+01 4.0000000000000000e+00 0.0000000000000000e+00 2.0000000000000000e+00 6.4050503474426268e+03 1.8292568000000000e+08 8.7338226767457940e+01 2.0319999754428864e-01 3.3314683240669332e+01
3.1000000000000000e+01 5.0000000000000000e+00 0.0000000000000000e+00 1.0000000000000000e+00 6.3913502933959962e+03 2.5572487168000000e+10 8.7488966217962115e+01 1.0170000046491623e-01 2.3299694335632212e+03
3.1000000000000000e+01 5.0000000000000000e+00 0.0000000000000000e+00 2.0000000000000000e+00 6.4043502931579587e+03 2.5572487168000000e+10 8.7488966217962115e+01 2.0340000092983246e-01 4.6694171778718255e+03
3.2000000000000000e+01 1.0000000000000000e+00 0.0000000000000000e+00 1.0000000000000000e+00 6.3910505073974609e+03 0.0000000000000000e+00 8.4836323009973498e+01 1.0130000114440918e-01 0.0000000000000000e+00
3.2000000000000000e+01 1.0000000000000000e+00 0.0000000000000000e+00 2.0000000000000000e+00 6.4040505071594243e+03 0.0000000000000000e+00 8.4836323009973498e+01 2.0260000228881836e-01 0.0000000000000000e+00
3.2000000000000000e+01 2.0000000000000000e+00 0.0000000000000000e+00 1.0000000000000000e+00 6.3934500410339360e+03 3.4281032006670102e+00 8.4214109174838683e+01 1.0140000283718109e-01 2.9986265599155131e-07
3.2000000000000000e+01 2.0000000000000000e+00 0.0000000000000000e+00 2.0000000000000000e+00 6.4064504560119631e+03 3.4281032006670102e+00 8.4214109174838683e+01 2.0280000567436218e-01 6.0094479096214641e-07
3.2000000000000000e+01 3.0000000000000000e+00 0.0000000000000000e+00 1.0000000000000000e+00 6.3927504019653325e+03 7.9582109375000000e+04 8.3558287753475554e+01 1.0149999707937241e-01 6.9130412752359443e-03
3.2000000000000000e+01 3.0000000000000000e+00 0.0000000000000000e+00 2.0000000000000000e+00 6.4057508169433595e+03 7.9582109375000000e+04 8.3558287753475554e+01 2.0299999415874481e-01 1.3854199526636218e-02
3.2000000000000000e+01 4.0000000000000000e+00 0.0000000000000000e+00 1.0000000000000000e+00 6.3920503476806643e+03 3.2396310400000000e+08 8.2533675068948355e+01 1.0159999877214432e-01 2.7820889980876025e+01
3.2000000000000000e+01 4.0000000000000000e+00 0.0000000000000000e+00 2.0000000000000000e+00 6.4050503474426268e+03 3.2396310400000000e+08 8.2533675068948355e+01 2.0319999754428864e-01 5.5754942888655535e+01
3.2000000000000000e+01 5.0000000000000000e+00 0.0000000000000000e+00 1.0000000000000000e+00 6.3913502933959962e+03 2.7144806400000000e+10 8.2672592623265075e+01 1.0170000046491623e-01 2.3370729852673530e+03
3.2000000000000000e+01 5.0000000000000000e+00 0.0000000000000000e+00 2.0000000000000000e+00 6.4043502931579587e+03 2.7144806400000000e+10 8.2672592623265075e+01 2.0340000092983246e-01 4.6836531785134503e+03
3.3000000000000000e+01 1.0000000000000000e+00 0.0000000000000000e+00 1.0000000000000000e+00 6.3910505073974609e+03 0.0000000000000000e+00 7.8839958742443855e+01 1.0130000114440918e-01 0.0000000000000000e+00
3.3000000000000000e+01 1.0000000000000000e+00 0.0000000000000000e+00 2.0000000000000000e+00 6.4040505071594243e+03 0.0000000000000000e+00 7.8839958742443855e+01 2.0260000228881836e-01 0.0000000000000000e+00
3.3000000000000000e+01 2.0000000000000000e+00 0.0000000000000000e+00 1.0000000000000000e+00 6.3934500410339360e+03 6.9784164078941103e+01 7.8280835160946694e+01 1.0140000283718109e-01 5.6740867035110007e-06
3.3000000000000000e+01 2.0000000000000000e+00 0.0000000000000000e+00 2.0000000000000000e+00 6.4064504560119631e+03 6.9784164078941103e+01 7.8280835160946694e+01 2.0280000567436218e-01 1.1371248736083312e-05
3.3000000000000000e+01 3.0000000000000000e+00 0.0000000000000000e+00 1.0000000000000000e+00 6.3927504019653325e+03 7.0430456250000000e+05 7.7690621454361818e+01 1.0149999707937241e-01 5.6884411428307753e-02
3.3000000000000000e+01 3.0000000000000000e+00 0.0000000000000000e+00 2.0000000000000000e+00 6.4057508169433595e+03 7.0430456250000000e+05 7.7690621454361818e+01 2.0299999415874481e-01 1.1400018523050748e-01
3.3000000000000000e+01 4.0000000000000000e+00 0.0000000000000000e+00 1.0000000000000000e+00 6.3920503476806643e+03 1.0451246080000000e+09 7.6753413635942522e+01 1.0159999877214432e-01 8.3466087647970554e+01
3.3000000000000000e+01 4.0000000000000000e+00 0.0000000000000000e+00 2.0000000000000000e+00 6.4050503474426268e+03 1.0451246080000000e+09 7.6753413635942522e+01 2.0319999754428864e-01 1.6727167797834701e+02
3.3000000000000000e+01 5.0000000000000000e+00 0.0000000000000000e+00 1.0000000000000000e+00 6.3913502933959962e+03 2.8886310912000000e+10 7.6878455778379404e+01 1.0170000046491623e-01 2.3127074641561649e+03
3.3000000000000000e+01 5.0000000000000000e+00 0.0000000000000000e+00 2.0000000000000000e+00 6.4043502931579587e+03 2.8886310912000000e+10 7.6878455778379404e+01 2.0340000092983246e-01 4.6348230174025439e+03
3.4000000000000000e+01 1.0000000000000000e+00 0.0000000000000000e+00 1.0000000000000000e+00 6.3910505073974609e+03 0.0000000000000000e+00 7.1823288043796552e+01 1.0130000114440918e-01 0.0000000000000000e+00
3.4000000000000000e+01 1.0000000000000000e+00 0.0000000000000000e+00 2.0000000000000000e+00 6.4040505071594243e+03 0.0000000000000000e+00 7.1823288043796552e+01 2.0260000228881836e-01 0.0000000000000000e+00
3.4000000000000000e+01 2.0000000000000000e+00 0.0000000000000000e+00 1.0000000000000000e+00 6.3934500410339360e+03 4.3219482267372310e+04 7.1335913583269985e+01 1.0140000283718109e-01 3.2023693791648675e-03
3.4000000000000000e+01 2.0000000000000000e+00 0.0000000000000000e+00 2.0000000000000000e+00 6.4064504560119631e+03 4.3219482267372310e+04 7.1335913583269985e+01 2.0280000567436218e-01 6.4177621277390117e-03
3.4000000000000000e+01 3.0000000000000000e+00 0.0000000000000000e+00 1.0000000000000000e+00 6.3927504019653325e+03 8.5323344000000000e+07 7.0820214165765492e+01 1.0149999707937241e-01 6.2818747851112615e+00
3.4000000000000000e+01 3.0000000000000000e+00 0.0000000000000000e+00 2.0000000000000000e+00 6.4057508169433595e+03 8.5323344000000000e+07 7.0820214165765492e+01 2.0299999415874481e-01 1.2589299442784839e+01
3.4000000000000000e+01 4.0000000000000000e+00 0.0000000000000000e+00 1.0000000000000000e+00 6.3920503476806643e+03 1.0719513600000000e+10 6.9987099285190851e+01 1.0159999877214432e-01 7.8061583544923496e+02
3.4000000000000000e+01 4.0000000000000000e+00 0.0000000000000000e+00 2.0000000000000000e+00 6.4050503474426268e+03 1.0719513600000000e+10 6.9987099285190851e+01 2.0319999754428864e-01 1.5644068666879423e+03
3.4000000000000000e+01 5.0000000000000000e+00 0.0000000000000000e+00 1.0000000000000000e+00 6.3913502933959962e+03 2.1230514176000000e+10 7.0096364840361659e+01 1.0170000046491623e-01 1.5498154214464280e+03
3.4000000000000000e+01 5.0000000000000000e+00 0.0000000000000000e+00 2.0000000000000000e+00 6.4043502931579587e+03 2.1230514176000000e+10 7.0096364840361659e+01 2.0340000092983246e-01 3.1059354887611025e+03
3.5000000000000000e+01 1.0000000000000000e+00 0.0000000000000000e+00 1.0000000000000000e+00 6.3910505073974609e+03 1.0444819450378418e+01 6.3889408159705944e+01 1.0130000114440918e-01 6.9218454137574842e-07
3.5000000000000000e+01 1.0000000000000000e+00 0.0000000000000000e+00 2.0000000000000000e+00 6.4040505071594243e+03 1.0444819450378418e+01 6.3889408159705944e+01 2.0260000228881836e-01 1.3871850200884664e-06
3.5000000000000000e+01 2.0000000000000000e+00 0.0000000000000000e+00 1.0000000000000000e+00 6.3934500410339360e+03 5.5688010000000000e+06 6.3480453936872841e+01 1.0140000283718109e-01 3.6718536170187221e-01
3.5000000000000000e+01 2.0000000000000000e+00 0.0000000000000000e+00 2.0000000000000000e+00 6.4064504560119631e+03 5.5688010000000000e+06 6.3480453936872841e+01 2.0280000567436218e-01 7.3586398980774981e-01
3.5000000000000000e+01 3.0000000000000000e+00 0.0000000000000000e+00 1.0000000000000000e+00 6.3927504019653325e+03 4.8429542400000000e+09 6.3046111110298746e+01 1.0149999707937241e-01 3.1741894236083726e+02
3.5000000000000000e+01 3.0000000000000000e+00 0.0000000000000000e+00 2.0000000000000000e+00 6.4057508169433595e+03 4.8429542400000000e+09 6.3046111110298746e+01 2.0299999415874481e-01 6.3612890273836695e+02
3.5000000000000000e+01 4.0000000000000000e+00 0.0000000000000000e+00 1.0000000000000000e+00 6.3920503476806643e+03 1.9259246592000000e+10 6.2338630147678536e+01 1.0159999877214432e-01 1.2492254749735596e+03
3.5000000000000000e+01 4.0000000000000000e+00 0.0000000000000000e+00 2.0000000000000000e+00 6.4050503474426268e+03 1.9259246592000000e+10 6.2338630147678536e+01 2.0319999754428864e-01 2.5035322399852012e+03
3.5000000000000000e+01 5.0000000000000000e+00 0.0000000000000000e+00 1.0000000000000000e+00 6.3913502933959962e+03 8.1373726720000000e+09 6.2430667418869398e+01 1.0170000046491623e-01 5.2906149316119786e+02
3.5000000000000000e+01 5.0000000000000000e+00 0.0000000000000000e+00 2.0000000000000000e+00 6.4043502931579587e+03 8.1373726720000000e+09 6.2430667418869398e+01 2.0340000092983246e-01 1.0602752073615918e+03
3.6000000000000000e+01 1.0000000000000000e+00 0.0000000000000000e+00 1.0000000000000000e+00 6.3910505073974609e+03 1.4334766387939453e+01 5.5272405243213605e+01 1.0130000114440918e-01 8.2184719501770236e-07
3.6000000000000000e+01 1.0000000000000000e+00 0.0000000000000000e+00 2.0000000000000000e+00 6.4040505071594243e+03 1.4334766387939453e+01 5.5272405243213605e+01 2.0260000228881836e-01 1.6470378195161242e-06
3.6000000000000000e+01 2.0000000000000000e+00 0.0000000000000000e+00 1.0000000000000000e+00 6.3934500410339360e+03 7.5578950000000000e+06 5.4945094001997596e+01 1.0140000283718109e-01 4.3133372065942066e-01
3.6000000000000000e+01 2.0000000000000000e+00 0.0000000000000000e+00 2.0000000000000000e+00 6.4064504560119631e+03 7.5578950000000000e+06 5.4945094001997596e+01 2.0280000567436218e-01 8.6442158574058525e-01
3.6000000000000000e+01 3.0000000000000000e+00 0.0000000000000000e+00 1.0000000000000000e+00 6.3927504019653325e+03 6.2151690240000000e+09 5.4595326536384832e+01 1.0149999707937241e-01 3.5275451694367013e+02
3.6000000000000000e+01 3.0000000000000000e+00 0.0000000000000000e+00 2.0000000000000000e+00 6.4057508169433595e+03 6.2151690240000000e+09 5.4595326536384832e+01 2.0299999415874481e-01 7.0694377005480612e+02
3.6000000000000000e+01 4.0000000000000000e+00 0.0000000000000000e+00 1.0000000000000000e+00 6.3920503476806643e+03 1.9282436096000000e+10 5.4028572817404097e+01 1.0159999877214432e-01 1.0840009927043232e+03
3.6000000000000000e+01 4.0000000000000000e+00 0.0000000000000000e+00 2.0000000000000000e+00 6.4050503474426268e+03 1.9282436096000000e+10 5.4028572817404097e+01 2.0319999754428864e-01 2.1724112162127299e+03
3.6000000000000000e+01 5.0000000000000000e+00 0.0000000000000000e+00 1.0000000000000000e+00 6.3913502933959962e+03 6.7734609920000000e+09 5.4102668768996111e+01 1.0170000046491623e-01 3.8163947691761291e+02
3.6000000000000000e+01 5.0000000000000000e+00 0.0000000000000000e+00 2.0000000000000000e+00 6.4043502931579587e+03 6.7734609920000000e+09 5.4102668768996111e+01 2.0340000092983246e-01 7.6483146242303110e+02
3.7000000000000000e+01 1.0000000000000000e+00 0.0000000000000000e+00 1.0000000000000000e+00 6.3910505073974609e+03 1.6375072479248047e+01 4.6315648249139848e+01 1.0130000114440918e-01 7.8668898912559677e-07
3.7000000000000000e+01 1.0000000000000000e+00 0.0000000000000000e+00 2.0000000000000000e+00 6.4040505071594243e+03 1.6375072479248047e+01 4.6315648249139848e+01 2.0260000228881836e-01 1.5765783775156134e-06
3.7000000000000000e+01 2.0000000000000000e+00 0.0000000000000000e+00 1.0000000000000000e+00 6.3934500410339360e+03 8.6074550000000000e+06 4.6068718347152767e+01 1.0140000283718109e-01 4.1187414256040139e-01
3.7000000000000000e+01 2.0000000000000000e+00 0.0000000000000000e+00 2.0000000000000000e+00 6.4064504560119631e+03 8.6074550000000000e+06 4.6068718347152767e+01 2.0280000567436218e-01 8.2542329149064630e-01
3.7000000000000000e+01 3.0000000000000000e+00 0.0000000000000000e+00 1.0000000000000000e+00 6.3927504019653325e+03 6.8873994240000000e+09 4.5802042257777792e+01 1.0149999707937241e-01 3.2794746994138296e+02
3.7000000000000000e+01 3.0000000000000000e+00 0.0000000000000000e+00 2.0000000000000000e+00 6.4057508169433595e+03 6.8873994240000000e+09 4.5802042257777792e+01 2.0299999415874481e-01 6.5722877991472501e+02
3.7000000000000000e+01 4.0000000000000000e+00 0.0000000000000000e+00 1.0000000000000000e+00 6.3920503476806643e+03 1.9283701760000000e+10 4.5376645946049464e+01 1.0159999877214432e-01 9.1047302044677929e+02
3.7000000000000000e+01 4.0000000000000000e+00 0.0000000000000000e+00 2.0000000000000000e+00 6.4050503474426268e+03 1.9283701760000000e+10 4.5376645946049464e+01 2.0319999754428864e-01 1.8246494375832845e+03
3.7000000000000000e+01 5.0000000000000000e+00 0.0000000000000000e+00 1.0000000000000000e+00 6.3913502933959962e+03 6.1246141440000000e+09 4.5433036614590193e+01 1.0170000046491623e-01 2.8978404290377301e+02
3.7000000000000000e+01 5.0000000000000000e+00 0.0000000000000000e+00 2.0000000000000000e+00 6.4043502931579587e+03 6.1246141440000000e+09 4.5433036614590193e+01 2.0340000092983246e-01 5.8074692668336593e+02
3.8000000000000000e+01 1.0000000000000000e+00 0.0000000000000000e+00 1.0000000000000000e+00 6.3910505073974609e+03 1.8216094970703125e+01 3.7462192131823940e+01 1.0130000114440918e-01 7.0784890153337343e-07
3.8000000000000000e+01 1.0000000000000000e+00 0.0000000000000000e+00 2.0000000000000000e+00 6.4040505071594243e+03 1.8216094970703125e+01 3.7462192131823940e+01 2.0260000228881836e-01 1.4185774659768706e-06
3.8000000000000000e+01 2.0000000000000000e+00 0.0000000000000000e+00 1.0000000000000000e+00 6.3934500410339360e+03 9.5530570000000000e+06 3.7289316894545024e+01 1.0140000283718109e-01 3.7000742005460657e-01
3.8000000000000000e+01 2.0000000000000000e+00 0.0000000000000000e+00 2.0000000000000000e+00 6.4064504560119631e+03 9.5530570000000000e+06 3.7289316894545024e+01 2.0280000567436218e-01 7.4151958323687850e-01
3.8000000000000000e+01 3.0000000000000000e+00 0.0000000000000000e+00 1.0000000000000000e+00 6.3927504019653325e+03 7.4731079680000000e+09 3.7099029561229322e+01 1.0149999707937241e-01 2.8822256442518079e+02
3.8000000000000000e+01 3.0000000000000000e+00 0.0000000000000000e+00 2.0000000000000000e+00 6.4057508169433595e+03 7.4731079680000000e+09 3.7099029561229322e+01 2.0299999415874481e-01 5.7761739828306349e+02
3.8000000000000000e+01 4.0000000000000000e+00 0.0000000000000000e+00 1.0000000000000000e+00 6.3920503476806643e+03 1.9237228544000000e+10 3.6804786588159757e+01 1.0159999877214432e-01 7.3670071594486421e+02
3.8000000000000000e+01 4.0000000000000000e+00 0.0000000000000000e+00 2.0000000000000000e+00 6.4050503474426268e+03 1.9237228544000000e+10 3.6804786588159757e+01 2.0319999754428864e-01 1.4763980006308980e+03
3.8000000000000000e+01 5.0000000000000000e+00 0.0000000000000000e+00 1.0000000000000000e+00 6.3913502933959962e+03 5.6061731840000000e+09 3.6844807370958250e+01 1.0170000046491623e-01 2.1511305566390408e+02
3.8000000000000000e+01 5.0000000000000000e+00 0.0000000000000000e+00 2.0000000000000000e+00 6.4043502931579587e+03 5.6061731840000000e+09 3.6844807370958250e+01 2.0340000092983246e-01 4.3110119078490357e+02
3.9000000000000000e+01 1.0000000000000000e+00 0.0000000000000000e+00 1.0000000000000000e+00 6.3910505073974609e+03 2.0151618957519531e+01 2.9188543073862814e+01 1.0130000114440918e-01 6.1011886591757197e-07
3.9000000000000000e+01 1.0000000000000000e+00 0.0000000000000000e+00 2.0000000000000000e+00 6.4040505071594243e+03 2.0151618957519531e+01 2.9188543073862814e+01 2.0260000228881836e-01 1.2227198105176759e-06
3.9000000000000000e+01 2.0000000000000000e+00 0.0000000000000000e+00 1.0000000000000000e+00 6.3934500410339360e+03 1.0517601000000000e+07 2.9078658191163747e+01 1.0140000283718109e-01 3.1766889366894746e-01
3.9000000000000000e+01 2.0000000000000000e+00 0.0000000000000000e+00 2.0000000000000000e+00 6.4064504560119631e+03 1.0517601000000000e+07 2.9078658191163747e+01 2.0280000567436218e-01 6.3662968057763303e-01
3.9000000000000000e+01 3.0000000000000000e+00 0.0000000000000000e+00 1.0000000000000000e+00 6.3927504019653325e+03 8.0540200960000000e+09 2.8953251990686752e+01 1.0149999707937241e-01 2.4242322854278058e+02
3.9000000000000000e+01 3.0000000000000000e+00 0.0000000000000000e+00 2.0000000000000000e+00 6.4057508169433595e+03 8.0540200960000000e+09 2.8953251990686752e+01 2.0299999415874481e-01 4.8583244977202679e+02
3.9000000000000000e+01 4.0000000000000000e+00 0.0000000000000000e+00 1.0000000000000000e+00 6.3920503476806643e+03 1.9146582016000000e+10 2.8770128721969460e+01 1.0159999877214432e-01 5.7316194126566177e+02
3.9000000000000000e+01 4.0000000000000000e+00 0.0000000000000000e+00 2.0000000000000000e+00 6.4050503474426268e+03 1.9146582016000000e+10 2.8770128721969460e+01 2.0319999754428864e-01 1.1486552487423933e+03
3.9000000000000000e+01 5.0000000000000000e+00 0.0000000000000000e+00 1.0000000000000000e+00 6.3913502933959962e+03 5.1332480000000000e+09 2.8796151727636712e+01 1.0170000046491623e-01 1.5393971182482801e+02
3.9000000000000000e+01 5.0000000000000000e+00 0.0000000000000000e+00 2.0000000000000000e+00 6.4043502931579587e+03 5.1332480000000000e+09 2.8796151727636712e+01 2.0340000092983246e-01 3.0850565007293534e+02
4.0000000000000000e+01 1.0000000000000000e+00 0.0000000000000000e+00 1.0000000000000000e+00 6.3910505073974609e+03 2.2649852752685547e+01 2.1909549578043489e+01 1.0130000114440918e-01 5.1474356498650473e-07
4.0000000000000000e+01 1.0000000000000000e+00 0.0000000000000000e+00 2.0000000000000000e+00 6.4040505071594243e+03 2.2649852752685547e+01 2.1909549578043489e+01 2.0260000228881836e-01 1.0315812039330107e-06
4.0000000000000000e+01 2.0000000000000000e+00 0.0000000000000000e+00 1.0000000000000000e+00 6.3934500410339360e+03 1.1680418000000000e+07 2.1848331101401961e+01 1.0140000283718109e-01 2.6506982441057875e-01
4.0000000000000000e+01 2.0000000000000000e+00 0.0000000000000000e+00 2.0000000000000000e+00 6.4064504560119631e+03 1.1680418000000000e+07 2.1848331101401961e+01 2.0280000567436218e-01 5.3121763259935972e-01
4.0000000000000000e+01 3.0000000000000000e+00 0.0000000000000000e+00 1.0000000000000000e+00 6.3927504019653325e+03 8.7330457600000000e+09 2.1773095282461647e+01 1.0149999707937241e-01 1.9767424131261689e+02
4.0000000000000000e+01 3.0000000000000000e+00 0.0000000000000000e+00 2.0000000000000000e+00 6.4057508169433595e+03 8.7330457600000000e+09 2.1773095282461647e+01 2.0299999415874481e-01 3.9615247058219853e+02
4.0000000000000000e+01 4.0000000000000000e+00 0.0000000000000000e+00 1.0000000000000000e+00 6.3920503476806643e+03 1.8983952384000000e+10 2.1673848897204024e+01 1.0159999877214432e-01 4.2812142343016495e+02
4.0000000000000000e+01 4.0000000000000000e+00 0.0000000000000000e+00 2.0000000000000000e+00 6.4050503474426268e+03 1.8983952384000000e+10 2.1673848897204024e+01 2.0319999754428864e-01 8.5798425316971634e+02
4.0000000000000000e+01 5.0000000000000000e+00 0.0000000000000000e+00 1.0000000000000000e+00 6.3913502933959962e+03 4.6307599360000000e+09 2.1688967234806420e+01 1.0170000046491623e-01 1.0459600792999086e+02
4.0000000000000000e+01 5.0000000000000000e+00 0.0000000000000000e+00 2.0000000000000000e+00 6.4043502931579587e+03 4.6307599360000000e+09 2.1688967234806420e+01 2.0340000092983246e-01 2.0961751219980746e+02
4.1000000000000000e+01 1.0000000000000000e+00 0.0000000000000000e+00 1.0000000000000000e+00 6.3910505073974609e+03 2.6524295806884766e+01 1.5885374661915476e+01 1.0130000114440918e-01 4.3705230862408368e-07
4.1000000000000000e+01 1.0000000000000000e+00 0.0000000000000000e+00 2.0000000000000000e+00 6.4040505071594243e+03 2.6524295806884766e+01 1.5885374661915476e+01 2.0260000228881836e-01 8.7588262851611203e-07
4.1000000000000000e+01 2.0000000000000000e+00 0.0000000000000000e+00 1.0000000000000000e+00 6.3934500410339360e+03 1.3332573000000000e+07 1.5857631009583624e+01 1.0140000283718109e-01 2.1960180988916081e-01
4.1000000000000000e+01 2.0000000000000000e+00 0.0000000000000000e+00 2.0000000000000000e+00 6.4064504560119631e+03 1.3332573000000000e+07 1.5857631009583624e+01 2.0280000567436218e-01 4.4009669460964485e-01
4.1000000000000000e+01 3.0000000000000000e+00 0.0000000000000000e+00 1.0000000000000000e+00 6.3927504019653325e+03 9.6615024640000000e+09 1.5817168731510447e+01 1.0149999707937241e-01 1.5886842433148354e+02
4.1000000000000000e+01 3.0000000000000000e+00 0.0000000000000000e+00 2.0000000000000000e+00 6.4057508169433595e+03 9.6615024640000000e+09 1.5817168731510447e+01 2.0299999415874481e-01 3.1838300417142540e+02
4.1000000000000000e+01 4.0000000000000000e+00 0.0000000000000000e+00 1.0000000000000000e+00 6.3920503476806643e+03 1.8673975296000000e+10 1.5772480772591329e+01 1.0159999877214432e-01 3.0646513214280554e+02
4.1000000000000000e+01 4.0000000000000000e+00 0.0000000000000000e+00 2.0000000000000000e+00 6.4050503474426268e+03 1.8673975296000000e+10 1.5772480772591329e+01 2.0319999754428864e-01 6.1417682725936857e+02
4.1000000000000000e+01 5.0000000000000000e+00 0.0000000000000000e+00 1.0000000000000000e+00 6.3913502933959962e+03 4.0226432000000000e+09 1.5779993302854264e+01 1.0170000046491623e-01 6.6106215832575700e+01
4.1000000000000000e+01 5.0000000000000000e+00 0.0000000000000000e+00 2.0000000000000000e+00 6.4043502931579587e+03 4.0226432000000000e+09 1.5779993302854264e+01 2.0340000092983246e-01 1.3248135161184112e+02
4.2000000000000000e+01 1.0000000000000000e+00 0.0000000000000000e+00 1.0000000000000000e+00 6.3910505073974609e+03 3.3237640380859375e+01 1.1173948422088973e+01 1.0130000114440918e-01 3.8523784138011798e-07
4.2000000000000000e+01 1.0000000000000000e+00 0.0000000000000000e+00 2.0000000000000000e+00 6.4040505071594243e+03 3.3237640380859375e+01 1.1173948422088973e+01 2.0260000228881836e-01 7.7204290299748618e-07
4.2000000000000000e+01 2.0000000000000000e+00 0.0000000000000000e+00 1.0000000000000000e+00 6.3934500410339360e+03 1.5930568000000000e+07 1.1166151063932393e+01 1.0140000283718109e-01 1.8476444275555468e-01
4.2000000000000000e+01 2.0000000000000000e+00 0.0000000000000000e+00 2.0000000000000000e+00 6.4064504560119631e+03 1.5930568000000000e+07 1.1166151063932393e+01 2.0280000567436218e-01 3.7028028402477248e-01
4.2000000000000000e+01 3.0000000000000000e+00 0.0000000000000000e+00 1.0000000000000000e+00 6.3927504019653325e+03 1.1047924736000000e+10 1.1146968242991266e+01 1.0149999707937241e-01 1.2802702167181602e+02
4.2000000000000000e+01 3.0000000000000000e+00 0.0000000000000000e+00 2.0000000000000000e+00 6.4057508169433595e+03 1.1047924736000000e+10 1.1146968242991266e+01 2.0299999415874481e-01 2.5657475956293655e+02
4.2000000000000000e+01 4.0000000000000000e+00 0.0000000000000000e+00 1.0000000000000000e+00 6.3920503476806643e+03 1.8061164544000000e+10 1.1131455087857432e+01 1.0159999877214432e-01 2.0919050635189191e+02
4.2000000000000000e+01 4.0000000000000000e+00 0.0000000000000000e+00 2.0000000000000000e+00 6.4050503474426268e+03 1.8061164544000000e+10 1.1131455087857432e+01 2.0319999754428864e-01 4.1923190604312254e+02
4.2000000000000000e+01 5.0000000000000000e+00 0.0000000000000000e+00 1.0000000000000000e+00 6.3913502933959962e+03 3.2556492800000000e+09 1.1134318081672667e+01 1.0170000046491623e-01 3.7750717209016834e+01
4.2000000000000000e+01 5.0000000000000000e+00 0.0000000000000000e+00 2.0000000000000000e+00 6.4043502931579587e+03 3.2556492800000000e+09 1.1134318081672667e+01 2.0340000092983246e-01 7.5655004256081270e+01
4.3000000000000000e+01 1.0000000000000000e+00 0.0000000000000000e+00 1.0000000000000000e+00 6.3910505073974609e+03 4.5596031188964844e+01 7.6544166776142291e+00 1.0130000114440918e-01 3.6201889269086152e-07
4.3000000000000000e+01 1.0000000000000000e+00 0.0000000000000000e+00 2.0000000000000000e+00 6.4040505071594243e+03 4.5596031188964844e+01 7.6544166776142291e+00 2.0260000228881836e-01 7.2551054655404056e-07
4.3000000000000000e+01 2.0000000000000000e+00 0.0000000000000000e+00 1.0000000000000000e+00 6.3934500410339360e+03 2.0156230000000000e+07 7.6564138709924086e+00 1.0140000283718109e-01 1.6029439754401886e-01
4.3000000000000000e+01 2.0000000000000000e+00 0.0000000000000000e+00 2.0000000000000000e+00 6.4064504560119631e+03 2.0156230000000000e+07 7.6564138709924086e+00 2.0280000567436218e-01 3.2124067902342485e-01
4.3000000000000000e+01 3.0000000000000000e+00 0.0000000000000000e+00 1.0000000000000000e+00 6.3927504019653325e+03 1.3138805760000000e+10 7.6485773574873726e+00 1.0149999707937241e-01 1.0447219689995642e+02
4.3000000000000000e+01 3.0000000000000000e+00 0.0000000000000000e+00 2.0000000000000000e+00 6.4057508169433595e+03 1.3138805760000000e+10 7.6485773574873726e+00 2.0299999415874481e-01 2.0936930696810035e+02
4.3000000000000000e+01 4.0000000000000000e+00 0.0000000000000000e+00 1.0000000000000000e+00 6.3920503476806643e+03 1.6881527808000000e+10 7.6449611549855332e+00 1.0159999877214432e-01 1.3428617854706965e+02
4.3000000000000000e+01 4.0000000000000000e+00 0.0000000000000000e+00 2.0000000000000000e+00 6.4050503474426268e+03 1.6881527808000000e+10 7.6449611549855332e+00 2.0319999754428864e-01 2.6911857315759073e+02
4.3000000000000000e+01 5.0000000000000000e+00 0.0000000000000000e+00 1.0000000000000000e+00 6.3913502933959962e+03 2.3469445120000000e+09 7.6454130397849136e+00 1.0170000046491623e-01 1.8686490489833851e+01
4.3000000000000000e+01 5.0000000000000000e+00 0.0000000000000000e+00 2.0000000000000000e+00 6.4043502931579587e+03 2.3469445120000000e+09 7.6454130397849136e+00 2.0340000092983246e-01 3.7448997583599031e+01
4.4000000000000000e+01 1.0000000000000000e+00 0.0000000000000000e+00 1.0000000000000000e+00 6.3910505073974609e+03 6.9520027160644531e+01 5.1040550935719713e+00 1.0130000114440918e-01 3.6805894792542269e-07
4.4000000000000000e+01 1.0000000000000000e+00 0.0000000000000000e+00 2.0000000000000000e+00 6.4040505071594243e+03 6.9520027160644531e+01 5.1040550935719713e+00 2.0260000228881836e-01 7.3761522910768035e-07
4.4000000000000000e+01 2.0000000000000000e+00 0.0000000000000000e+00 1.0000000000000000e+00 6.3934500410339360e+03 2.6966016000000000e+07 5.1094520059926367e+00 1.0140000283718109e-01 1.4311157085927126e-01
4.4000000000000000e+01 2.0000000000000000e+00 0.0000000000000000e+00 2.0000000000000000e+00 6.4064504560119631e+03 2.6966016000000000e+07 5.1094520059926367e+00 2.0280000567436218e-01 2.8680514667592444e-01
4.4000000000000000e+01 3.0000000000000000e+00 0.0000000000000000e+00 1.0000000000000000e+00 6.3927504019653325e+03 1.6143515648000000e+10 5.1068256840927608e+00 1.0149999707937241e-01 8.5706414050680493e+01
4.4000000000000000e+01 3.0000000000000000e+00 0.0000000000000000e+00 2.0000000000000000e+00 6.4057508169433595e+03 1.6143515648000000e+10 5.1068256840927608e+00 2.0299999415874481e-01 1.7176141638617653e+02
4.4000000000000000e+01 4.0000000000000000e+00 0.0000000000000000e+00 1.0000000000000000e+00 6.3920503476806643e+03 1.4802190336000000e+10 5.1063747975479039e+00 1.0159999877214432e-01 7.8647143928311621e+01
4.4000000000000000e+01 4.0000000000000000e+00 0.0000000000000000e+00 2.0000000000000000e+00 6.4050503474426268e+03 1.4802190336000000e+10 5.1063747975479039e+00 2.0319999754428864e-01 1.5761418923309412e+02
4.4000000000000000e+01 5.0000000000000000e+00 0.0000000000000000e+00 1.0000000000000000e+00 6.3913502933959962e+03 1.4194892800000000e+09 5.1058467006458690e+00 1.0170000046491623e-01 7.5478603758195639e+00
4.4000000000000000e+01 5.0000000000000000e+00 0.0000000000000000e+00 2.0000000000000000e+00 6.4043502931579587e+03 1.4194892800000000e+09 5.1058467006458690e+00 2.0340000092983246e-01 1.5126425431741037e+01
4.5000000000000000e+01 1.0000000000000000e+00 0.0000000000000000e+00 1.0000000000000000e+00 6.3910505073974609e+03 1.1936396789550781e+02 3.2799755177226522e+00 1.0130000114440918e-01 4.0610276175675191e-07
4.5000000000000000e+01 1.0000000000000000e+00 0.0000000000000000e+00 2.0000000000000000e+00 6.4040505071594243e+03 1.1936396789550781e+02 3.2799755177226522e+00 2.0260000228881836e-01 8.1385762618428067e-07
4.5000000000000000e+01 2.0000000000000000e+00 0.0000000000000000e+00 1.0000000000000000e+00 6.3934500410339360e+03 3.7620272000000000e+07 3.2854259802461097e+00 1.0140000283718109e-01 1.2837996564622028e-01
4.5000000000000000e+01 2.0000000000000000e+00 0.0000000000000000e+00 2.0000000000000000e+00 6.4064504560119631e+03 3.7620272000000000e+07 3.2854259802461097e+00 2.0280000567436218e-01 2.5728202587910476e-01
4.5000000000000000e+01 3.0000000000000000e+00 0.0000000000000000e+00 1.0000000000000000e+00 6.3927504019653325e+03 2.0080187392000000e+10 3.2848207416366324e+00 1.0149999707937241e-01 6.8571493319550328e+01
4.5000000000000000e+01 3.0000000000000000e+00 0.0000000000000000e+00 2.0000000000000000e+00 6.4057508169433595e+03 2.0080187392000000e+10 3.2848207416366324e+00 2.0299999415874481e-01 1.3742188314303522e+02
4.5000000000000000e+01 4.0000000000000000e+00 0.0000000000000000e+00 1.0000000000000000e+00 6.3920503476806643e+03 1.1618337792000000e+10 3.2846492524962367e+00 1.0159999877214432e-01 3.9707933261405991e+01
4.5000000000000000e+01 4.0000000000000000e+00 0.0000000000000000e+00 2.0000000000000000e+00 6.4050503474426268e+03 1.1618337792000000e+10 3.2846492524962367e+00 2.0319999754428864e-01 7.9577380620751967e+01
4.5000000000000000e+01 5.0000000000000000e+00 0.0000000000000000e+00 1.0000000000000000e+00 6.3913502933959962e+03 6.5918521600000000e+08 3.2839106293736746e+00 1.0170000046491623e-01 2.2543573392780307e+00
4.5000000000000000e+01 5.0000000000000000e+00 0.0000000000000000e+00 2.0000000000000000e+00 6.4043502931579587e+03 6.5918521600000000e+08 3.2839106293736746e+00 2.0340000092983246e-01 4.5178853994612433e+00
4.6000000000000000e+01 1.0000000000000000e+00 0.0000000000000000e+00 1.0000000000000000e+00 6.3910505073974609e+03 2.4289553833007812e+02 1.9664447506813543e+00 1.0130000114440918e-01 4.9544263882219734e-07
4.6000000000000000e+01 1.0000000000000000e+00 0.0000000000000000e+00 2.0000000000000000e+00 6.4040505071594243e+03 2.4289553833007812e+02 1.9664447506813543e+00 2.0260000228881836e-01 9.9290083179446757e-07
4.6000000000000000e+01 2.0000000000000000e+00 0.0000000000000000e+00 1.0000000000000000e+00 6.3934500410339360e+03 5.4339608000000000e+07 1.9705411309284846e+00 1.0140000283718109e-01 1.1122070463868751e-01
4.6000000000000000e+01 2.0000000000000000e+00 0.0000000000000000e+00 2.0000000000000000e+00 6.4064504560119631e+03 5.4339608000000000e+07 1.9705411309284846e+00 2.0280000567436218e-01 2.2289372072273597e-01
4.6000000000000000e+01 3.0000000000000000e+00 0.0000000000000000e+00 1.0000000000000000e+00 6.3927504019653325e+03 2.4660699136000000e+10 1.9705514629439695e+00 1.0149999707937241e-01 5.0519301576838934e+01
4.6000000000000000e+01 3.0000000000000000e+00 0.0000000000000000e+00 2.0000000000000000e+00 6.4057508169433595e+03 2.4660699136000000e+10 1.9705514629439695e+00 2.0299999415874481e-01 1.0124407711827912e+02
4.6000000000000000e+01 4.0000000000000000e+00 0.0000000000000000e+00 1.0000000000000000e+00 6.3920503476806643e+03 7.4874362880000000e+09 1.9702846646222356e+00 1.0159999877214432e-01 1.5349930043333837e+01
4.6000000000000000e+01 4.0000000000000000e+00 0.0000000000000000e+00 2.0000000000000000e+00 6.4050503474426268e+03 7.4874362880000000e+09 1.9702846646222356e+00 2.0319999754428864e-01 3.0762296730954084e+01
4.6000000000000000e+01 5.0000000000000000e+00 0.0000000000000000e+00 1.0000000000000000e+00 6.3913502933959962e+03 1.9495704000000000e+08 1.9696779837577367e+00 1.0170000046491623e-01 3.9990618623695112e-01
4.6000000000000000e+01 5.0000000000000000e+00 0.0000000000000000e+00 2.0000000000000000e+00 6.4043502931579587e+03 1.9495704000000000e+08 1.9696779837577367e+00 2.0340000092983246e-01 8.0143918999672192e-01
4.7000000000000000e+01 1.0000000000000000e+00 0.0000000000000000e+00 1.0000000000000000e+00 6.3910505073974609e+03 7.6329705810546875e+02 9.7700009048965675e-01 1.0130000114440918e-01 7.7353556509599756e-07
4.7000000000000000e+01 1.0000000000000000e+00 0.0000000000000000e+00 2.0000000000000000e+00 6.4040505071594243e+03 7.6329705810546875e+02 9.7700009048965675e-01 2.0260000228881836e-01 1.5502180188452700e-06
4.7000000000000000e+01 2.0000000000000000e+00 0.0000000000000000e+00 1.0000000000000000e+00 6.3934500410339360e+03 8.8687560000000000e+07 9.7929635892808331e-01 1.0140000283718109e-01 9.0211204839351314e-02
4.7000000000000000e+01 2.0000000000000000e+00 0.0000000000000000e+00 2.0000000000000000e+00 6.4064504560119631e+03 8.8687560000000000e+07 9.7929635892808331e-01 2.0280000567436218e-01 1.8078927986336107e-01
4.7000000000000000e+01 3.0000000000000000e+00 0.0000000000000000e+00 1.0000000000000000e+00 6.3927504019653325e+03 2.9501550592000000e+10 9.7939277978976724e-01 1.0149999707937241e-01 3.0037647240385663e+01
4.7000000000000000e+01 3.0000000000000000e+00 0.0000000000000000e+00 2.0000000000000000e+00 6.4057508169433595e+03 2.9501550592000000e+10 9.7939277978976724e-01 2.0299999415874481e-01 6.0197464706271930e+01
4.7000000000000000e+01 4.0000000000000000e+00 0.0000000000000000e+00 1.0000000000000000e+00 6.3920503476806643e+03 2.7926860800000000e+09 9.7918590748790357e-01 1.0159999877214432e-01 2.8453228939000543e+00
4.7000000000000000e+01 4.0000000000000000e+00 0.0000000000000000e+00 2.0000000000000000e+00 6.4050503474426268e+03 2.7926860800000000e+09 9.7918590748790357e-01 2.0319999754428864e-01 5.7022192876730644e+00
4.7000000000000000e+01 5.0000000000000000e+00 0.0000000000000000e+00 1.0000000000000000e+00 6.3913502933959962e+03 1.5972532000000000e+07 9.7883416344823893e-01 1.0170000046491623e-01 1.6281966432850337e-02
4.7000000000000000e+01 5.0000000000000000e+00 0.0000000000000000e+00 2.0000000000000000e+00 6.4043502931579587e+03 1.5972532000000000e+07 9.7883416344823893e-01 2.0340000092983246e-01 3.2630167870835676e-02
