# depth parent_stage shell_zero database_line_type E_line_eV n_parent_cm-3 Gamma_shell_s-1 photon_yield eps_erg_cm-3_s-1
# Fluorescence classified by pre-photoionization parent; K-alpha types 1/2, K shell 0.
0.0000000000000000e+00 1.7000000000000000e+01 0.0000000000000000e+00 1.0000000000000000e+00 6.4259506632629400e+03 5.4165650000000000e+05 8.5876845970259794e+01 1.2309999763965607e-01 5.8952994504275297e-02
0.0000000000000000e+00 1.7000000000000000e+01 0.0000000000000000e+00 2.0000000000000000e+00 6.4290506664001468e+03 5.4165650000000000e+05 8.5876845970259794e+01 2.4609999358654022e-01 1.1791495489890447e-01
0.0000000000000000e+00 1.8000000000000000e+01 0.0000000000000000e+00 1.0000000000000000e+00 6.4680510809020998e+03 1.2504709958332591e+04 8.2297035320815027e+01 1.6060000658035278e-01 1.7127233035494013e-03
0.0000000000000000e+00 1.8000000000000000e+01 0.0000000000000000e+00 2.0000000000000000e+00 6.4680510809020998e+03 1.2504709958332591e+04 8.2297035320815027e+01 2.4089999496936798e-01 2.5690847964102478e-03
0.0000000000000000e+00 1.9000000000000000e+01 0.0000000000000000e+00 1.0000000000000000e+00 6.5028511696960450e+03 0.0000000000000000e+00 7.6778686369763236e+01 2.2020000219345093e-01 0.0000000000000000e+00
0.0000000000000000e+00 1.9000000000000000e+01 0.0000000000000000e+00 2.0000000000000000e+00 6.5020510483398439e+03 0.0000000000000000e+00 7.6778686369763236e+01 2.2020000219345093e-01 0.0000000000000000e+00
0.0000000000000000e+00 2.0000000000000000e+01 0.0000000000000000e+00 1.0000000000000000e+00 6.5360514309936525e+03 0.0000000000000000e+00 7.3697136762139806e+01 3.2580000162124634e-01 0.0000000000000000e+00
0.0000000000000000e+00 2.0000000000000000e+01 0.0000000000000000e+00 2.0000000000000000e+00 6.5360514309936525e+03 0.0000000000000000e+00 7.3697136762139806e+01 1.6290000081062317e-01 0.0000000000000000e+00
0.0000000000000000e+00 2.1000000000000000e+01 0.0000000000000000e+00 1.0000000000000000e+00 6.5740515899963384e+03 0.0000000000000000e+00 7.0325711804800534e+01 5.5210000276565552e-01 0.0000000000000000e+00
0.0000000000000000e+00 2.2000000000000000e+01 0.0000000000000000e+00 1.0000000000000000e+00 6.5740515899963384e+03 0.0000000000000000e+00 6.5824378190238065e+01 4.9029999971389771e-01 0.0000000000000000e+00
1.0000000000000000e+00 1.7000000000000000e+01 0.0000000000000000e+00 1.0000000000000000e+00 6.4259506632629400e+03 9.9567231250000000e+05 8.5871364012967689e+01 1.2309999763965607e-01 1.0836040439404784e-01
1.0000000000000000e+00 1.7000000000000000e+01 0.0000000000000000e+00 2.0000000000000000e+00 6.4290506664001468e+03 9.9567231250000000e+05 8.5871364012967689e+01 2.4609999358654022e-01 2.1673728882465138e-01
1.0000000000000000e+00 1.8000000000000000e+01 0.0000000000000000e+00 1.0000000000000000e+00 6.4680510809020998e+03 2.7429343628060073e+04 8.2292116150714619e+01 1.6060000658035278e-01 3.7566699351067592e-03
1.0000000000000000e+00 1.8000000000000000e+01 0.0000000000000000e+00 2.0000000000000000e+00 6.4680510809020998e+03 2.7429343628060073e+04 8.2292116150714619e+01 2.4089999496936798e-01 5.6350045541001016e-03
1.0000000000000000e+00 1.9000000000000000e+01 0.0000000000000000e+00 1.0000000000000000e+00 6.5028511696960450e+03 0.0000000000000000e+00 7.6774489071390519e+01 2.2020000219345093e-01 0.0000000000000000e+00
1.0000000000000000e+00 1.9000000000000000e+01 0.0000000000000000e+00 2.0000000000000000e+00 6.5020510483398439e+03 0.0000000000000000e+00 7.6774489071390519e+01 2.2020000219345093e-01 0.0000000000000000e+00
1.0000000000000000e+00 2.0000000000000000e+01 0.0000000000000000e+00 1.0000000000000000e+00 6.5360514309936525e+03 0.0000000000000000e+00 7.3693382486197294e+01 3.2580000162124634e-01 0.0000000000000000e+00
1.0000000000000000e+00 2.0000000000000000e+01 0.0000000000000000e+00 2.0000000000000000e+00 6.5360514309936525e+03 0.0000000000000000e+00 7.3693382486197294e+01 1.6290000081062317e-01 0.0000000000000000e+00
1.0000000000000000e+00 2.1000000000000000e+01 0.0000000000000000e+00 1.0000000000000000e+00 6.5740515899963384e+03 0.0000000000000000e+00 7.0322378937627278e+01 5.5210000276565552e-01 0.0000000000000000e+00
1.0000000000000000e+00 2.2000000000000000e+01 0.0000000000000000e+00 1.0000000000000000e+00 6.5740515899963384e+03 0.0000000000000000e+00 6.5821550617801080e+01 4.9029999971389771e-01 0.0000000000000000e+00
2.0000000000000000e+00 1.7000000000000000e+01 0.0000000000000000e+00 1.0000000000000000e+00 6.4259506632629400e+03 1.1242173750000000e+06 8.5868837376123977e+01 1.2309999763965607e-01 1.2234654259390489e-01
2.0000000000000000e+00 1.7000000000000000e+01 0.0000000000000000e+00 2.0000000000000000e+00 6.4290506664001468e+03 1.1242173750000000e+06 8.5868837376123977e+01 2.4609999358654022e-01 2.4471169231193124e-01
2.0000000000000000e+00 1.8000000000000000e+01 0.0000000000000000e+00 1.0000000000000000e+00 6.4680510809020998e+03 3.2174583982981741e+04 8.2289849199716798e+01 1.6060000658035278e-01 4.4064475002546510e-03
2.0000000000000000e+00 1.8000000000000000e+01 0.0000000000000000e+00 2.0000000000000000e+00 6.4680510809020998e+03 3.2174583982981741e+04 8.2289849199716798e+01 2.4089999496936798e-01 6.6096708415327764e-03
2.0000000000000000e+00 1.9000000000000000e+01 0.0000000000000000e+00 1.0000000000000000e+00 6.5028511696960450e+03 0.0000000000000000e+00 7.6772552411706968e+01 2.2020000219345093e-01 0.0000000000000000e+00
2.0000000000000000e+00 1.9000000000000000e+01 0.0000000000000000e+00 2.0000000000000000e+00 6.5020510483398439e+03 0.0000000000000000e+00 7.6772552411706968e+01 2.2020000219345093e-01 0.0000000000000000e+00
2.0000000000000000e+00 2.0000000000000000e+01 0.0000000000000000e+00 1.0000000000000000e+00 6.5360514309936525e+03 0.0000000000000000e+00 7.3691646760116441e+01 3.2580000162124634e-01 0.0000000000000000e+00
2.0000000000000000e+00 2.0000000000000000e+01 0.0000000000000000e+00 2.0000000000000000e+00 6.5360514309936525e+03 0.0000000000000000e+00 7.3691646760116441e+01 1.6290000081062317e-01 0.0000000000000000e+00
2.0000000000000000e+00 2.1000000000000000e+01 0.0000000000000000e+00 1.0000000000000000e+00 6.5740515899963384e+03 0.0000000000000000e+00 7.0320839852675320e+01 5.5210000276565552e-01 0.0000000000000000e+00
2.0000000000000000e+00 2.2000000000000000e+01 0.0000000000000000e+00 1.0000000000000000e+00 6.5740515899963384e+03 0.0000000000000000e+00 6.5820251774951970e+01 4.9029999971389771e-01 0.0000000000000000e+00
3.0000000000000000e+00 1.7000000000000000e+01 0.0000000000000000e+00 1.0000000000000000e+00 6.4259506632629400e+03 1.2547720000000000e+06 8.5865647637829255e+01 1.2309999763965607e-01 1.3654949364503302e-01
3.0000000000000000e+00 1.7000000000000000e+01 0.0000000000000000e+00 2.0000000000000000e+00 6.4290506664001468e+03 1.2547720000000000e+06 8.5865647637829255e+01 2.4609999358654022e-01 2.7311975447582459e-01
3.0000000000000000e+00 1.8000000000000000e+01 0.0000000000000000e+00 1.0000000000000000e+00 6.4680510809020998e+03 3.7222468875326216e+04 8.2286987515568143e+01 1.6060000658035278e-01 5.0975997436718025e-03
3.0000000000000000e+00 1.8000000000000000e+01 0.0000000000000000e+00 2.0000000000000000e+00 6.4680510809020998e+03 3.7222468875326216e+04 8.2286987515568143e+01 2.4089999496936798e-01 7.6463991425304153e-03
3.0000000000000000e+00 1.9000000000000000e+01 0.0000000000000000e+00 1.0000000000000000e+00 6.5028511696960450e+03 0.0000000000000000e+00 7.6770110620850829e+01 2.2020000219345093e-01 0.0000000000000000e+00
3.0000000000000000e+00 1.9000000000000000e+01 0.0000000000000000e+00 2.0000000000000000e+00 6.5020510483398439e+03 0.0000000000000000e+00 7.6770110620850829e+01 2.2020000219345093e-01 0.0000000000000000e+00
3.0000000000000000e+00 2.0000000000000000e+01 0.0000000000000000e+00 1.0000000000000000e+00 6.5360514309936525e+03 0.0000000000000000e+00 7.3689466828457270e+01 3.2580000162124634e-01 0.0000000000000000e+00
3.0000000000000000e+00 2.0000000000000000e+01 0.0000000000000000e+00 2.0000000000000000e+00 6.5360514309936525e+03 0.0000000000000000e+00 7.3689466828457270e+01 1.6290000081062317e-01 0.0000000000000000e+00
3.0000000000000000e+00 2.1000000000000000e+01 0.0000000000000000e+00 1.0000000000000000e+00 6.5740515899963384e+03 0.0000000000000000e+00 7.0318904451887704e+01 5.5210000276565552e-01 0.0000000000000000e+00
3.0000000000000000e+00 2.2000000000000000e+01 0.0000000000000000e+00 1.0000000000000000e+00 6.5740515899963384e+03 0.0000000000000000e+00 6.5818612499079038e+01 4.9029999971389771e-01 0.0000000000000000e+00
4.0000000000000000e+00 1.7000000000000000e+01 0.0000000000000000e+00 1.0000000000000000e+00 6.4259506632629400e+03 1.3803620000000000e+06 8.5861619794847755e+01 1.2309999763965607e-01 1.5020967190755166e-01
4.0000000000000000e+00 1.7000000000000000e+01 0.0000000000000000e+00 2.0000000000000000e+00 6.4290506664001468e+03 1.3803620000000000e+06 8.5861619794847755e+01 2.4609999358654022e-01 3.0044218851467686e-01
4.0000000000000000e+00 1.8000000000000000e+01 0.0000000000000000e+00 1.0000000000000000e+00 6.4680510809020998e+03 4.2308733382508159e+04 8.2283368149227982e+01 1.6060000658035278e-01 5.7939064402729706e-03
4.0000000000000000e+00 1.8000000000000000e+01 0.0000000000000000e+00 2.0000000000000000e+00 6.4680510809020998e+03 4.2308733382508159e+04 8.2283368149227982e+01 2.4089999496936798e-01 8.6908591228258315e-03
4.0000000000000000e+00 1.9000000000000000e+01 0.0000000000000000e+00 1.0000000000000000e+00 6.5028511696960450e+03 0.0000000000000000e+00 7.6767019854077077e+01 2.2020000219345093e-01 0.0000000000000000e+00
4.0000000000000000e+00 1.9000000000000000e+01 0.0000000000000000e+00 2.0000000000000000e+00 6.5020510483398439e+03 0.0000000000000000e+00 7.6767019854077077e+01 2.2020000219345093e-01 0.0000000000000000e+00
4.0000000000000000e+00 2.0000000000000000e+01 0.0000000000000000e+00 1.0000000000000000e+00 6.5360514309936525e+03 0.0000000000000000e+00 7.3686701246759938e+01 3.2580000162124634e-01 0.0000000000000000e+00
4.0000000000000000e+00 2.0000000000000000e+01 0.0000000000000000e+00 2.0000000000000000e+00 6.5360514309936525e+03 0.0000000000000000e+00 7.3686701246759938e+01 1.6290000081062317e-01 0.0000000000000000e+00
4.0000000000000000e+00 2.1000000000000000e+01 0.0000000000000000e+00 1.0000000000000000e+00 6.5740515899963384e+03 0.0000000000000000e+00 7.0316449679663194e+01 5.5210000276565552e-01 0.0000000000000000e+00
4.0000000000000000e+00 2.2000000000000000e+01 0.0000000000000000e+00 1.0000000000000000e+00 6.5740515899963384e+03 0.0000000000000000e+00 6.5816532356205443e+01 4.9029999971389771e-01 0.0000000000000000e+00
5.0000000000000000e+00 1.7000000000000000e+01 0.0000000000000000e+00 1.0000000000000000e+00 6.4259506632629400e+03 1.5020686250000000e+06 8.5856572501754883e+01 1.2309999763965607e-01 1.6344406190585600e-01
5.0000000000000000e+00 1.7000000000000000e+01 0.0000000000000000e+00 2.0000000000000000e+00 6.4290506664001468e+03 1.5020686250000000e+06 8.5856572501754883e+01 2.4609999358654022e-01 3.2691298126891766e-01
5.0000000000000000e+00 1.8000000000000000e+01 0.0000000000000000e+00 1.0000000000000000e+00 6.4680510809020998e+03 4.7472693975746632e+04 8.2278840336420529e+01 1.6060000658035278e-01 6.5007195926037233e-03
5.0000000000000000e+00 1.8000000000000000e+01 0.0000000000000000e+00 2.0000000000000000e+00 6.4680510809020998e+03 4.7472693975746632e+04 8.2278840336420529e+01 2.4089999496936798e-01 9.7510787857407848e-03
5.0000000000000000e+00 1.9000000000000000e+01 0.0000000000000000e+00 1.0000000000000000e+00 6.5028511696960450e+03 0.0000000000000000e+00 7.6763152478697762e+01 2.2020000219345093e-01 0.0000000000000000e+00
5.0000000000000000e+00 1.9000000000000000e+01 0.0000000000000000e+00 2.0000000000000000e+00 6.5020510483398439e+03 0.0000000000000000e+00 7.6763152478697762e+01 2.2020000219345093e-01 0.0000000000000000e+00
5.0000000000000000e+00 2.0000000000000000e+01 0.0000000000000000e+00 1.0000000000000000e+00 6.5360514309936525e+03 0.0000000000000000e+00 7.3683238560567929e+01 3.2580000162124634e-01 0.0000000000000000e+00
5.0000000000000000e+00 2.0000000000000000e+01 0.0000000000000000e+00 2.0000000000000000e+00 6.5360514309936525e+03 0.0000000000000000e+00 7.3683238560567929e+01 1.6290000081062317e-01 0.0000000000000000e+00
5.0000000000000000e+00 2.1000000000000000e+01 0.0000000000000000e+00 1.0000000000000000e+00 6.5740515899963384e+03 0.0000000000000000e+00 7.0313375308718236e+01 5.5210000276565552e-01 0.0000000000000000e+00
5.0000000000000000e+00 2.2000000000000000e+01 0.0000000000000000e+00 1.0000000000000000e+00 6.5740515899963384e+03 0.0000000000000000e+00 6.5813929026196519e+01 4.9029999971389771e-01 0.0000000000000000e+00
6.0000000000000000e+00 1.7000000000000000e+01 0.0000000000000000e+00 1.0000000000000000e+00 6.4259506632629400e+03 1.6250512500000000e+06 8.5850192903307672e+01 1.2309999763965607e-01 1.7681298765391981e-01
6.0000000000000000e+00 1.7000000000000000e+01 0.0000000000000000e+00 2.0000000000000000e+00 6.4290506664001468e+03 1.6250512500000000e+06 8.5850192903307672e+01 2.4609999358654022e-01 3.5365286598360213e-01
6.0000000000000000e+00 1.8000000000000000e+01 0.0000000000000000e+00 1.0000000000000000e+00 6.4680510809020998e+03 5.2945189303681254e+04 8.2273114520276678e+01 1.6060000658035278e-01 7.2495965337567771e-03
6.0000000000000000e+00 1.8000000000000000e+01 0.0000000000000000e+00 2.0000000000000000e+00 6.4680510809020998e+03 5.2945189303681254e+04 8.2273114520276678e+01 2.4089999496936798e-01 1.0874394127986336e-02
6.0000000000000000e+00 1.9000000000000000e+01 0.0000000000000000e+00 1.0000000000000000e+00 6.5028511696960450e+03 0.0000000000000000e+00 7.6758264471048136e+01 2.2020000219345093e-01 0.0000000000000000e+00
6.0000000000000000e+00 1.9000000000000000e+01 0.0000000000000000e+00 2.0000000000000000e+00 6.5020510483398439e+03 0.0000000000000000e+00 7.6758264471048136e+01 2.2020000219345093e-01 0.0000000000000000e+00
6.0000000000000000e+00 2.0000000000000000e+01 0.0000000000000000e+00 1.0000000000000000e+00 6.5360514309936525e+03 0.0000000000000000e+00 7.3678863877287512e+01 3.2580000162124634e-01 0.0000000000000000e+00
6.0000000000000000e+00 2.0000000000000000e+01 0.0000000000000000e+00 2.0000000000000000e+00 6.5360514309936525e+03 0.0000000000000000e+00 7.3678863877287512e+01 1.6290000081062317e-01 0.0000000000000000e+00
6.0000000000000000e+00 2.1000000000000000e+01 0.0000000000000000e+00 1.0000000000000000e+00 6.5740515899963384e+03 0.0000000000000000e+00 7.0309490083303658e+01 5.5210000276565552e-01 0.0000000000000000e+00
6.0000000000000000e+00 2.2000000000000000e+01 0.0000000000000000e+00 1.0000000000000000e+00 6.5740515899963384e+03 0.0000000000000000e+00 6.5810639201851814e+01 4.9029999971389771e-01 0.0000000000000000e+00
7.0000000000000000e+00 1.7000000000000000e+01 0.0000000000000000e+00 1.0000000000000000e+00 6.4259506632629400e+03 1.7263498750000000e+06 8.5842164526418273e+01 1.2309999763965607e-01 1.8781717448820223e-01
7.0000000000000000e+00 1.7000000000000000e+01 0.0000000000000000e+00 2.0000000000000000e+00 6.4290506664001468e+03 1.7263498750000000e+06 8.5842164526418273e+01 2.4609999358654022e-01 3.7566291322843598e-01
7.0000000000000000e+00 1.8000000000000000e+01 0.0000000000000000e+00 1.0000000000000000e+00 6.4680510809020998e+03 5.7747705354817212e+04 8.2265908711815499e+01 1.6060000658035278e-01 7.9064954389594395e-03
7.0000000000000000e+00 1.8000000000000000e+01 0.0000000000000000e+00 2.0000000000000000e+00 6.4680510809020998e+03 5.7747705354817212e+04 8.2265908711815499e+01 2.4089999496936798e-01 1.1859742424840416e-02
7.0000000000000000e+00 1.9000000000000000e+01 0.0000000000000000e+00 1.0000000000000000e+00 6.5028511696960450e+03 0.0000000000000000e+00 7.6752108547958358e+01 2.2020000219345093e-01 0.0000000000000000e+00
7.0000000000000000e+00 1.9000000000000000e+01 0.0000000000000000e+00 2.0000000000000000e+00 6.5020510483398439e+03 0.0000000000000000e+00 7.6752108547958358e+01 2.2020000219345093e-01 0.0000000000000000e+00
7.0000000000000000e+00 2.0000000000000000e+01 0.0000000000000000e+00 1.0000000000000000e+00 6.5360514309936525e+03 0.0000000000000000e+00 7.3673355056441792e+01 3.2580000162124634e-01 0.0000000000000000e+00
7.0000000000000000e+00 2.0000000000000000e+01 0.0000000000000000e+00 2.0000000000000000e+00 6.5360514309936525e+03 0.0000000000000000e+00 7.3673355056441792e+01 1.6290000081062317e-01 0.0000000000000000e+00
7.0000000000000000e+00 2.1000000000000000e+01 0.0000000000000000e+00 1.0000000000000000e+00 6.5740515899963384e+03 0.0000000000000000e+00 7.0304599699506667e+01 5.5210000276565552e-01 0.0000000000000000e+00
7.0000000000000000e+00 2.2000000000000000e+01 0.0000000000000000e+00 1.0000000000000000e+00 6.5740515899963384e+03 0.0000000000000000e+00 6.5806494861473155e+01 4.9029999971389771e-01 0.0000000000000000e+00
8.0000000000000000e+00 1.7000000000000000e+01 0.0000000000000000e+00 1.0000000000000000e+00 6.4259506632629400e+03 1.8086985000000000e+06 8.5832052341413643e+01 1.2309999763965607e-01 1.9675306238326534e-01
8.0000000000000000e+00 1.7000000000000000e+01 0.0000000000000000e+00 2.0000000000000000e+00 6.4290506664001468e+03 1.8086985000000000e+06 8.5832052341413643e+01 2.4609999358654022e-01 3.9353604803673864e-01
8.0000000000000000e+00 1.8000000000000000e+01 0.0000000000000000e+00 1.0000000000000000e+00 6.4680510809020998e+03 6.1971325951181352e+04 8.2256829832107954e+01 1.6060000658035278e-01 8.4838337581300983e-03
8.0000000000000000e+00 1.8000000000000000e+01 0.0000000000000000e+00 2.0000000000000000e+00 6.4680510809020998e+03 6.1971325951181352e+04 8.2256829832107954e+01 2.4089999496936798e-01 1.2725749850028466e-02
8.0000000000000000e+00 1.9000000000000000e+01 0.0000000000000000e+00 1.0000000000000000e+00 6.5028511696960450e+03 0.0000000000000000e+00 7.6744354930563091e+01 2.2020000219345093e-01 0.0000000000000000e+00
8.0000000000000000e+00 1.9000000000000000e+01 0.0000000000000000e+00 2.0000000000000000e+00 6.5020510483398439e+03 0.0000000000000000e+00 7.6744354930563091e+01 2.2020000219345093e-01 0.0000000000000000e+00
8.0000000000000000e+00 2.0000000000000000e+01 0.0000000000000000e+00 1.0000000000000000e+00 6.5360514309936525e+03 0.0000000000000000e+00 7.3666416808002978e+01 3.2580000162124634e-01 0.0000000000000000e+00
8.0000000000000000e+00 2.0000000000000000e+01 0.0000000000000000e+00 2.0000000000000000e+00 6.5360514309936525e+03 0.0000000000000000e+00 7.3666416808002978e+01 1.6290000081062317e-01 0.0000000000000000e+00
8.0000000000000000e+00 2.1000000000000000e+01 0.0000000000000000e+00 1.0000000000000000e+00 6.5740515899963384e+03 0.0000000000000000e+00 7.0298436084299468e+01 5.5210000276565552e-01 0.0000000000000000e+00
8.0000000000000000e+00 2.2000000000000000e+01 0.0000000000000000e+00 1.0000000000000000e+00 6.5740515899963384e+03 0.0000000000000000e+00 6.5801274300980296e+01 4.9029999971389771e-01 0.0000000000000000e+00
9.0000000000000000e+00 1.7000000000000000e+01 0.0000000000000000e+00 1.0000000000000000e+00 6.4259506632629400e+03 1.8609126250000000e+06 8.5819308751920744e+01 1.2309999763965607e-01 2.0240294140002166e-01
9.0000000000000000e+00 1.7000000000000000e+01 0.0000000000000000e+00 2.0000000000000000e+00 6.4290506664001468e+03 1.8609126250000000e+06 8.5819308751920744e+01 2.4609999358654022e-01 4.0483666533441925e-01
9.0000000000000000e+00 1.8000000000000000e+01 0.0000000000000000e+00 1.0000000000000000e+00 6.4680510809020998e+03 6.5089351141959429e+04 8.2245387580156816e+01 1.6060000658035278e-01 8.9094498434142549e-03
9.0000000000000000e+00 1.8000000000000000e+01 0.0000000000000000e+00 2.0000000000000000e+00 6.4680510809020998e+03 6.5089351141959429e+04 8.2245387580156816e+01 2.4089999496936798e-01 1.3364173938464202e-02
9.0000000000000000e+00 1.9000000000000000e+01 0.0000000000000000e+00 1.0000000000000000e+00 6.5028511696960450e+03 0.0000000000000000e+00 7.6734579428735685e+01 2.2020000219345093e-01 0.0000000000000000e+00
9.0000000000000000e+00 1.9000000000000000e+01 0.0000000000000000e+00 2.0000000000000000e+00 6.5020510483398439e+03 0.0000000000000000e+00 7.6734579428735685e+01 2.2020000219345093e-01 0.0000000000000000e+00
9.0000000000000000e+00 2.0000000000000000e+01 0.0000000000000000e+00 1.0000000000000000e+00 6.5360514309936525e+03 0.0000000000000000e+00 7.3657665196231093e+01 3.2580000162124634e-01 0.0000000000000000e+00
9.0000000000000000e+00 2.0000000000000000e+01 0.0000000000000000e+00 2.0000000000000000e+00 6.5360514309936525e+03 0.0000000000000000e+00 7.3657665196231093e+01 1.6290000081062317e-01 0.0000000000000000e+00
9.0000000000000000e+00 2.1000000000000000e+01 0.0000000000000000e+00 1.0000000000000000e+00 6.5740515899963384e+03 0.0000000000000000e+00 7.0290666045655868e+01 5.5210000276565552e-01 0.0000000000000000e+00
9.0000000000000000e+00 2.2000000000000000e+01 0.0000000000000000e+00 1.0000000000000000e+00 6.5740515899963384e+03 0.0000000000000000e+00 6.5794690212053823e+01 4.9029999971389771e-01 0.0000000000000000e+00
1.0000000000000000e+01 1.7000000000000000e+01 0.0000000000000000e+00 1.0000000000000000e+00 6.4259506632629400e+03 1.8736548750000000e+06 8.5803229823810582e+01 1.2309999763965607e-01 2.0375067610173606e-01
1.0000000000000000e+01 1.7000000000000000e+01 0.0000000000000000e+00 2.0000000000000000e+00 6.4290506664001468e+03 1.8736548750000000e+06 8.5803229823810582e+01 2.4609999358654022e-01 4.0753233970863301e-01
1.0000000000000000e+01 1.8000000000000000e+01 0.0000000000000000e+00 1.0000000000000000e+00 6.4680510809020998e+03 6.6636515241950750e+04 8.2230949168465486e+01 1.6060000658035278e-01 9.1196248707739597e-03
1.0000000000000000e+01 1.8000000000000000e+01 0.0000000000000000e+00 2.0000000000000000e+00 6.4680510809020998e+03 6.6636515241950750e+04 8.2230949168465486e+01 2.4089999496936798e-01 1.3679436460002817e-02
1.0000000000000000e+01 1.9000000000000000e+01 0.0000000000000000e+00 1.0000000000000000e+00 6.5028511696960450e+03 0.0000000000000000e+00 7.6722242759463640e+01 2.2020000219345093e-01 0.0000000000000000e+00
1.0000000000000000e+01 1.9000000000000000e+01 0.0000000000000000e+00 2.0000000000000000e+00 6.5020510483398439e+03 0.0000000000000000e+00 7.6722242759463640e+01 2.2020000219345093e-01 0.0000000000000000e+00
1.0000000000000000e+01 2.0000000000000000e+01 0.0000000000000000e+00 1.0000000000000000e+00 6.5360514309936525e+03 0.0000000000000000e+00 7.3646624529405841e+01 3.2580000162124634e-01 0.0000000000000000e+00
1.0000000000000000e+01 2.0000000000000000e+01 0.0000000000000000e+00 2.0000000000000000e+00 6.5360514309936525e+03 0.0000000000000000e+00 7.3646624529405841e+01 1.6290000081062317e-01 0.0000000000000000e+00
1.0000000000000000e+01 2.1000000000000000e+01 0.0000000000000000e+00 1.0000000000000000e+00 6.5740515899963384e+03 0.0000000000000000e+00 7.0280859191675191e+01 5.5210000276565552e-01 0.0000000000000000e+00
1.0000000000000000e+01 2.2000000000000000e+01 0.0000000000000000e+00 1.0000000000000000e+00 6.5740515899963384e+03 0.0000000000000000e+00 6.5786377741959356e+01 4.9029999971389771e-01 0.0000000000000000e+00
1.1000000000000000e+01 1.7000000000000000e+01 0.0000000000000000e+00 1.0000000000000000e+00 6.4259506632629400e+03 1.8431231250000000e+06 8.5782966751058908e+01 1.2309999763965607e-01 2.0038316654024640e-01
1.1000000000000000e+01 1.7000000000000000e+01 0.0000000000000000e+00 2.0000000000000000e+00 6.4290506664001468e+03 1.8431231250000000e+06 8.5782966751058908e+01 2.4609999358654022e-01 4.0079680843658066e-01
1.1000000000000000e+01 1.8000000000000000e+01 0.0000000000000000e+00 1.0000000000000000e+00 6.4680510809020998e+03 6.6408903185129166e+04 8.2212753816769478e+01 1.6060000658035278e-01 9.0864637149298249e-03
1.1000000000000000e+01 1.8000000000000000e+01 0.0000000000000000e+00 2.0000000000000000e+00 6.4680510809020998e+03 6.6408903185129166e+04 8.2212753816769478e+01 2.4089999496936798e-01 1.3629694729313449e-02
1.1000000000000000e+01 1.9000000000000000e+01 0.0000000000000000e+00 1.0000000000000000e+00 6.5028511696960450e+03 0.0000000000000000e+00 7.6706695666882808e+01 2.2020000219345093e-01 0.0000000000000000e+00
1.1000000000000000e+01 1.9000000000000000e+01 0.0000000000000000e+00 2.0000000000000000e+00 6.5020510483398439e+03 0.0000000000000000e+00 7.6706695666882808e+01 2.2020000219345093e-01 0.0000000000000000e+00
1.1000000000000000e+01 2.0000000000000000e+01 0.0000000000000000e+00 1.0000000000000000e+00 6.5360514309936525e+03 0.0000000000000000e+00 7.3632704251284764e+01 3.2580000162124634e-01 0.0000000000000000e+00
1.1000000000000000e+01 2.0000000000000000e+01 0.0000000000000000e+00 2.0000000000000000e+00 6.5360514309936525e+03 0.0000000000000000e+00 7.3632704251284764e+01 1.6290000081062317e-01 0.0000000000000000e+00
1.1000000000000000e+01 2.1000000000000000e+01 0.0000000000000000e+00 1.0000000000000000e+00 6.5740515899963384e+03 0.0000000000000000e+00 7.0268492299641025e+01 5.5210000276565552e-01 0.0000000000000000e+00
1.1000000000000000e+01 2.2000000000000000e+01 0.0000000000000000e+00 1.0000000000000000e+00 6.5740515899963384e+03 0.0000000000000000e+00 6.5775888348096387e+01 4.9029999971389771e-01 0.0000000000000000e+00
1.2000000000000000e+01 1.7000000000000000e+01 0.0000000000000000e+00 1.0000000000000000e+00 6.4259506632629400e+03 1.7476237500000000e+06 8.5757358111628861e+01 1.2309999763965607e-01 1.8994381508194255e-01
1.2000000000000000e+01 1.7000000000000000e+01 0.0000000000000000e+00 2.0000000000000000e+00 6.4290506664001468e+03 1.7476237500000000e+06 8.5757358111628861e+01 2.4609999358654022e-01 3.7991651784692376e-01
1.2000000000000000e+01 1.8000000000000000e+01 0.0000000000000000e+00 1.0000000000000000e+00 6.4680510809020998e+03 6.3337288955405354e+04 8.2189751498602561e+01 1.6060000658035278e-01 8.6637623529584127e-03
1.2000000000000000e+01 1.8000000000000000e+01 0.0000000000000000e+00 2.0000000000000000e+00 6.4680510809020998e+03 6.3337288955405354e+04 8.2189751498602561e+01 2.4089999496936798e-01 1.2995642725576382e-02
1.2000000000000000e+01 1.9000000000000000e+01 0.0000000000000000e+00 1.0000000000000000e+00 6.5028511696960450e+03 0.0000000000000000e+00 7.6687034724376545e+01 2.2020000219345093e-01 0.0000000000000000e+00
1.2000000000000000e+01 1.9000000000000000e+01 0.0000000000000000e+00 2.0000000000000000e+00 6.5020510483398439e+03 0.0000000000000000e+00 7.6687034724376545e+01 2.2020000219345093e-01 0.0000000000000000e+00
1.2000000000000000e+01 2.0000000000000000e+01 0.0000000000000000e+00 1.0000000000000000e+00 6.5360514309936525e+03 0.0000000000000000e+00 7.3615097688305710e+01 3.2580000162124634e-01 0.0000000000000000e+00
1.2000000000000000e+01 2.0000000000000000e+01 0.0000000000000000e+00 2.0000000000000000e+00 6.5360514309936525e+03 0.0000000000000000e+00 7.3615097688305710e+01 1.6290000081062317e-01 0.0000000000000000e+00
1.2000000000000000e+01 2.1000000000000000e+01 0.0000000000000000e+00 1.0000000000000000e+00 6.5740515899963384e+03 0.0000000000000000e+00 7.0252845468779142e+01 5.5210000276565552e-01 0.0000000000000000e+00
1.2000000000000000e+01 2.2000000000000000e+01 0.0000000000000000e+00 1.0000000000000000e+00 6.5740515899963384e+03 0.0000000000000000e+00 6.5762620520211271e+01 4.9029999971389771e-01 0.0000000000000000e+00
1.3000000000000000e+01 1.7000000000000000e+01 0.0000000000000000e+00 1.0000000000000000e+00 6.4259506632629400e+03 1.5874306250000000e+06 8.5725036435630457e+01 1.2309999763965607e-01 1.7246789314280175e-01
1.3000000000000000e+01 1.7000000000000000e+01 0.0000000000000000e+00 2.0000000000000000e+00 6.4290506664001468e+03 1.5874306250000000e+06 8.5725036435630457e+01 2.4609999358654022e-01 3.4496201613588479e-01
1.3000000000000000e+01 1.8000000000000000e+01 0.0000000000000000e+00 1.0000000000000000e+00 6.4680510809020998e+03 5.7426446858689189e+04 8.2160714636846450e+01 1.6060000658035278e-01 7.8524566529514731e-03
1.3000000000000000e+01 1.8000000000000000e+01 0.0000000000000000e+00 2.0000000000000000e+00 6.4680510809020998e+03 5.7426446858689189e+04 8.2160714636846450e+01 2.4089999496936798e-01 1.1778684250842419e-02
1.3000000000000000e+01 1.9000000000000000e+01 0.0000000000000000e+00 1.0000000000000000e+00 6.5028511696960450e+03 0.0000000000000000e+00 7.6662208618269631e+01 2.2020000219345093e-01 0.0000000000000000e+00
1.3000000000000000e+01 1.9000000000000000e+01 0.0000000000000000e+00 2.0000000000000000e+00 6.5020510483398439e+03 0.0000000000000000e+00 7.6662208618269631e+01 2.2020000219345093e-01 0.0000000000000000e+00
1.3000000000000000e+01 2.0000000000000000e+01 0.0000000000000000e+00 1.0000000000000000e+00 6.5360514309936525e+03 0.0000000000000000e+00 7.3592861775132249e+01 3.2580000162124634e-01 0.0000000000000000e+00
1.3000000000000000e+01 2.0000000000000000e+01 0.0000000000000000e+00 2.0000000000000000e+00 6.5360514309936525e+03 0.0000000000000000e+00 7.3592861775132249e+01 1.6290000081062317e-01 0.0000000000000000e+00
1.3000000000000000e+01 2.1000000000000000e+01 0.0000000000000000e+00 1.0000000000000000e+00 6.5740515899963384e+03 0.0000000000000000e+00 7.0233082367955035e+01 5.5210000276565552e-01 0.0000000000000000e+00
1.3000000000000000e+01 2.2000000000000000e+01 0.0000000000000000e+00 1.0000000000000000e+00 6.5740515899963384e+03 0.0000000000000000e+00 6.5745851612062580e+01 4.9029999971389771e-01 0.0000000000000000e+00
1.4000000000000000e+01 1.7000000000000000e+01 0.0000000000000000e+00 1.0000000000000000e+00 6.4259506632629400e+03 1.3679861250000000e+06 8.5684152737206759e+01 1.2309999763965607e-01 1.4855525678255832e-01
1.4000000000000000e+01 1.7000000000000000e+01 0.0000000000000000e+00 2.0000000000000000e+00 6.4290506664001468e+03 1.3679861250000000e+06 8.5684152737206759e+01 2.4609999358654022e-01 2.9713310665228726e-01
1.4000000000000000e+01 1.8000000000000000e+01 0.0000000000000000e+00 1.0000000000000000e+00 6.4680510809020998e+03 4.8966745186932385e+04 8.2123978435114950e+01 1.6060000658035278e-01 6.6926884895914711e-03
1.4000000000000000e+01 1.8000000000000000e+01 0.0000000000000000e+00 2.0000000000000000e+00 6.4680510809020998e+03 4.8966745186932385e+04 8.2123978435114950e+01 2.4089999496936798e-01 1.0039032113410706e-02
1.4000000000000000e+01 1.9000000000000000e+01 0.0000000000000000e+00 1.0000000000000000e+00 6.5028511696960450e+03 0.0000000000000000e+00 7.6630789030343720e+01 2.2020000219345093e-01 0.0000000000000000e+00
1.4000000000000000e+01 1.9000000000000000e+01 0.0000000000000000e+00 2.0000000000000000e+00 6.5020510483398439e+03 0.0000000000000000e+00 7.6630789030343720e+01 2.2020000219345093e-01 0.0000000000000000e+00
1.4000000000000000e+01 2.0000000000000000e+01 0.0000000000000000e+00 1.0000000000000000e+00 6.5360514309936525e+03 0.0000000000000000e+00 7.3564705241297219e+01 3.2580000162124634e-01 0.0000000000000000e+00
1.4000000000000000e+01 2.0000000000000000e+01 0.0000000000000000e+00 2.0000000000000000e+00 6.5360514309936525e+03 0.0000000000000000e+00 7.3564705241297219e+01 1.6290000081062317e-01 0.0000000000000000e+00
1.4000000000000000e+01 2.1000000000000000e+01 0.0000000000000000e+00 1.0000000000000000e+00 6.5740515899963384e+03 0.0000000000000000e+00 7.0208049369548121e+01 5.5210000276565552e-01 0.0000000000000000e+00
1.4000000000000000e+01 2.2000000000000000e+01 0.0000000000000000e+00 1.0000000000000000e+00 6.5740515899963384e+03 0.0000000000000000e+00 6.5724604982688263e+01 4.9029999971389771e-01 0.0000000000000000e+00
1.5000000000000000e+01 1.7000000000000000e+01 0.0000000000000000e+00 1.0000000000000000e+00 6.4259506632629400e+03 1.0967327500000000e+06 8.5632381288540628e+01 1.2309999763965607e-01 1.1902677280573619e-01
1.5000000000000000e+01 1.7000000000000000e+01 0.0000000000000000e+00 2.0000000000000000e+00 6.4290506664001468e+03 1.0967327500000000e+06 8.5632381288540628e+01 2.4609999358654022e-01 2.3807164784704371e-01
1.5000000000000000e+01 1.8000000000000000e+01 0.0000000000000000e+00 1.0000000000000000e+00 6.4680510809020998e+03 3.8365481011122465e+04 8.2077444983906915e+01 1.6060000658035278e-01 5.2407551501051234e-03
1.5000000000000000e+01 1.8000000000000000e+01 0.0000000000000000e+00 2.0000000000000000e+00 6.4680510809020998e+03 3.8365481011122465e+04 8.2077444983906915e+01 2.4089999496936798e-01 7.8611322388978215e-03
1.5000000000000000e+01 1.9000000000000000e+01 0.0000000000000000e+00 1.0000000000000000e+00 6.5028511696960450e+03 0.0000000000000000e+00 7.6590976979721589e+01 2.2020000219345093e-01 0.0000000000000000e+00
1.5000000000000000e+01 1.9000000000000000e+01 0.0000000000000000e+00 2.0000000000000000e+00 6.5020510483398439e+03 0.0000000000000000e+00 7.6590976979721589e+01 2.2020000219345093e-01 0.0000000000000000e+00
1.5000000000000000e+01 2.0000000000000000e+01 0.0000000000000000e+00 1.0000000000000000e+00 6.5360514309936525e+03 0.0000000000000000e+00 7.3529021466752823e+01 3.2580000162124634e-01 0.0000000000000000e+00
1.5000000000000000e+01 2.0000000000000000e+01 0.0000000000000000e+00 2.0000000000000000e+00 6.5360514309936525e+03 0.0000000000000000e+00 7.3529021466752823e+01 1.6290000081062317e-01 0.0000000000000000e+00
1.5000000000000000e+01 2.1000000000000000e+01 0.0000000000000000e+00 1.0000000000000000e+00 6.5740515899963384e+03 0.0000000000000000e+00 7.0176310191005399e+01 5.5210000276565552e-01 0.0000000000000000e+00
1.5000000000000000e+01 2.2000000000000000e+01 0.0000000000000000e+00 1.0000000000000000e+00 6.5740515899963384e+03 0.0000000000000000e+00 6.5697649564883037e+01 4.9029999971389771e-01 0.0000000000000000e+00
1.6000000000000000e+01 1.7000000000000000e+01 0.0000000000000000e+00 1.0000000000000000e+00 6.4259506632629400e+03 8.0083068750000000e+05 8.5566728861168485e+01 1.2309999763965607e-01 8.6846328210155394e-02
1.6000000000000000e+01 1.7000000000000000e+01 0.0000000000000000e+00 2.0000000000000000e+00 6.4290506664001468e+03 8.0083068750000000e+05 8.5566728861168485e+01 2.4609999358654022e-01 1.7370586447976419e-01
1.6000000000000000e+01 1.8000000000000000e+01 0.0000000000000000e+00 1.0000000000000000e+00 6.4680510809020998e+03 2.6963390944913030e+04 8.2018417875166548e+01 1.6060000658035278e-01 3.6805717611195061e-03
1.6000000000000000e+01 1.8000000000000000e+01 0.0000000000000000e+00 2.0000000000000000e+00 6.4680510809020998e+03 2.6963390944913030e+04 8.2018417875166548e+01 2.4089999496936798e-01 5.5208573001799396e-03
1.6000000000000000e+01 1.9000000000000000e+01 0.0000000000000000e+00 1.0000000000000000e+00 6.5028511696960450e+03 0.0000000000000000e+00 7.6540444612116076e+01 2.2020000219345093e-01 0.0000000000000000e+00
1.6000000000000000e+01 1.9000000000000000e+01 0.0000000000000000e+00 2.0000000000000000e+00 6.5020510483398439e+03 0.0000000000000000e+00 7.6540444612116076e+01 2.2020000219345093e-01 0.0000000000000000e+00
1.6000000000000000e+01 2.0000000000000000e+01 0.0000000000000000e+00 1.0000000000000000e+00 6.5360514309936525e+03 0.0000000000000000e+00 7.3483714736227583e+01 3.2580000162124634e-01 0.0000000000000000e+00
1.6000000000000000e+01 2.0000000000000000e+01 0.0000000000000000e+00 2.0000000000000000e+00 6.5360514309936525e+03 0.0000000000000000e+00 7.3483714736227583e+01 1.6290000081062317e-01 0.0000000000000000e+00
1.6000000000000000e+01 2.1000000000000000e+01 0.0000000000000000e+00 1.0000000000000000e+00 6.5740515899963384e+03 0.0000000000000000e+00 7.0135992948014433e+01 5.5210000276565552e-01 0.0000000000000000e+00
1.6000000000000000e+01 2.2000000000000000e+01 0.0000000000000000e+00 1.0000000000000000e+00 6.5740515899963384e+03 0.0000000000000000e+00 6.5663385229110844e+01 4.9029999971389771e-01 0.0000000000000000e+00
1.7000000000000000e+01 1.7000000000000000e+01 0.0000000000000000e+00 1.0000000000000000e+00 6.4259506632629400e+03 5.1695143750000000e+05 8.5483337553459364e+01 1.2309999763965607e-01 5.6006320662190072e-02
1.7000000000000000e+01 1.7000000000000000e+01 0.0000000000000000e+00 2.0000000000000000e+00 6.4290506664001468e+03 5.1695143750000000e+05 8.5483337553459364e+01 2.4609999358654022e-01 1.1202115906863390e-01
1.7000000000000000e+01 1.8000000000000000e+01 0.0000000000000000e+00 1.0000000000000000e+00 6.4680510809020998e+03 1.6433080004986376e+04 8.1943407861364875e+01 1.6060000658035278e-01 2.2411059291416388e-03
1.7000000000000000e+01 1.8000000000000000e+01 0.0000000000000000e+00 2.0000000000000000e+00 6.4680510809020998e+03 1.6433080004986376e+04 8.1943407861364875e+01 2.4089999496936798e-01 3.3616586857729853e-03
1.7000000000000000e+01 1.9000000000000000e+01 0.0000000000000000e+00 1.0000000000000000e+00 6.5028511696960450e+03 0.0000000000000000e+00 7.6476196459182603e+01 2.2020000219345093e-01 0.0000000000000000e+00
1.7000000000000000e+01 1.9000000000000000e+01 0.0000000000000000e+00 2.0000000000000000e+00 6.5020510483398439e+03 0.0000000000000000e+00 7.6476196459182603e+01 2.2020000219345093e-01 0.0000000000000000e+00
1.7000000000000000e+01 2.0000000000000000e+01 0.0000000000000000e+00 1.0000000000000000e+00 6.5360514309936525e+03 0.0000000000000000e+00 7.3426075435347400e+01 3.2580000162124634e-01 0.0000000000000000e+00
1.7000000000000000e+01 2.0000000000000000e+01 0.0000000000000000e+00 2.0000000000000000e+00 6.5360514309936525e+03 0.0000000000000000e+00 7.3426075435347400e+01 1.6290000081062317e-01 0.0000000000000000e+00
1.7000000000000000e+01 2.1000000000000000e+01 0.0000000000000000e+00 1.0000000000000000e+00 6.5740515899963384e+03 0.0000000000000000e+00 7.0084674786795318e+01 5.5210000276565552e-01 0.0000000000000000e+00
1.7000000000000000e+01 2.2000000000000000e+01 0.0000000000000000e+00 1.0000000000000000e+00 6.5740515899963384e+03 0.0000000000000000e+00 6.5619735340179844e+01 4.9029999971389771e-01 0.0000000000000000e+00
1.8000000000000000e+01 1.7000000000000000e+01 0.0000000000000000e+00 1.0000000000000000e+00 6.4259506632629400e+03 2.8331228125000000e+05 8.5377237459646338e+01 1.2309999763965607e-01 3.0655847327814571e-02
1.8000000000000000e+01 1.7000000000000000e+01 0.0000000000000000e+00 2.0000000000000000e+00 6.4290506664001468e+03 2.8331228125000000e+05 8.5377237459646338e+01 2.4609999358654022e-01 6.1316356962746149e-02
1.8000000000000000e+01 1.8000000000000000e+01 0.0000000000000000e+00 1.0000000000000000e+00 6.4680510809020998e+03 8.2994263274325058e+03 8.1847927308704328e+01 1.6060000658035278e-01 1.1305379714566363e-03
1.8000000000000000e+01 1.8000000000000000e+01 0.0000000000000000e+00 2.0000000000000000e+00 6.4680510809020998e+03 8.2994263274325058e+03 8.1847927308704328e+01 2.4089999496936798e-01 1.6958068522887663e-03
1.8000000000000000e+01 1.9000000000000000e+01 0.0000000000000000e+00 1.0000000000000000e+00 6.5028511696960450e+03 0.0000000000000000e+00 7.6394357301942250e+01 2.2020000219345093e-01 0.0000000000000000e+00
1.8000000000000000e+01 1.9000000000000000e+01 0.0000000000000000e+00 2.0000000000000000e+00 6.5020510483398439e+03 0.0000000000000000e+00 7.6394357301942250e+01 2.2020000219345093e-01 0.0000000000000000e+00
1.8000000000000000e+01 2.0000000000000000e+01 0.0000000000000000e+00 1.0000000000000000e+00 6.5360514309936525e+03 0.0000000000000000e+00 7.3352616595087028e+01 3.2580000162124634e-01 0.0000000000000000e+00
1.8000000000000000e+01 2.0000000000000000e+01 0.0000000000000000e+00 2.0000000000000000e+00 6.5360514309936525e+03 0.0000000000000000e+00 7.3352616595087028e+01 1.6290000081062317e-01 0.0000000000000000e+00
1.8000000000000000e+01 2.1000000000000000e+01 0.0000000000000000e+00 1.0000000000000000e+00 6.5740515899963384e+03 0.0000000000000000e+00 7.0019234836479413e+01 5.5210000276565552e-01 0.0000000000000000e+00
1.8000000000000000e+01 2.2000000000000000e+01 0.0000000000000000e+00 1.0000000000000000e+00 6.5740515899963384e+03 0.0000000000000000e+00 6.5564020538176962e+01 4.9029999971389771e-01 0.0000000000000000e+00
1.9000000000000000e+01 1.7000000000000000e+01 0.0000000000000000e+00 1.0000000000000000e+00 6.4259506632629400e+03 1.2796712071079807e+05 8.5241922917308003e+01 1.2309999763965607e-01 1.3824755575348967e-02
1.9000000000000000e+01 1.7000000000000000e+01 0.0000000000000000e+00 2.0000000000000000e+00 6.4290506664001468e+03 1.2796712071079807e+05 8.5241922917308003e+01 2.4609999358654022e-01 2.7651613694321030e-02
1.9000000000000000e+01 1.8000000000000000e+01 0.0000000000000000e+00 1.0000000000000000e+00 6.4680510809020998e+03 0.0000000000000000e+00 8.1726084245506343e+01 1.6060000658035278e-01 0.0000000000000000e+00
1.9000000000000000e+01 1.8000000000000000e+01 0.0000000000000000e+00 2.0000000000000000e+00 6.4680510809020998e+03 0.0000000000000000e+00 8.1726084245506343e+01 2.4089999496936798e-01 0.0000000000000000e+00
1.9000000000000000e+01 1.9000000000000000e+01 0.0000000000000000e+00 1.0000000000000000e+00 6.5028511696960450e+03 0.0000000000000000e+00 7.6289835634320141e+01 2.2020000219345093e-01 0.0000000000000000e+00
1.9000000000000000e+01 1.9000000000000000e+01 0.0000000000000000e+00 2.0000000000000000e+00 6.5020510483398439e+03 0.0000000000000000e+00 7.6289835634320141e+01 2.2020000219345093e-01 0.0000000000000000e+00
1.9000000000000000e+01 2.0000000000000000e+01 0.0000000000000000e+00 1.0000000000000000e+00 6.5360514309936525e+03 0.0000000000000000e+00 7.3258726065857303e+01 3.2580000162124634e-01 0.0000000000000000e+00
1.9000000000000000e+01 2.0000000000000000e+01 0.0000000000000000e+00 2.0000000000000000e+00 6.5360514309936525e+03 0.0000000000000000e+00 7.3258726065857303e+01 1.6290000081062317e-01 0.0000000000000000e+00
1.9000000000000000e+01 2.1000000000000000e+01 0.0000000000000000e+00 1.0000000000000000e+00 6.5740515899963384e+03 0.0000000000000000e+00 6.9935523539905802e+01 5.5210000276565552e-01 0.0000000000000000e+00
1.9000000000000000e+01 2.2000000000000000e+01 0.0000000000000000e+00 1.0000000000000000e+00 6.5740515899963384e+03 0.0000000000000000e+00 6.5492671864720492e+01 4.9029999971389771e-01 0.0000000000000000e+00
2.0000000000000000e+01 1.7000000000000000e+01 0.0000000000000000e+00 1.0000000000000000e+00 6.4259506632629400e+03 4.1842157682746649e+04 8.5069000938158482e+01 1.2309999763965607e-01 4.5111911478151086e-03
2.0000000000000000e+01 1.7000000000000000e+01 0.0000000000000000e+00 2.0000000000000000e+00 6.4290506664001468e+03 4.1842157682746649e+04 8.5069000938158482e+01 2.4609999358654022e-01 9.0230683819865886e-03
2.0000000000000000e+01 1.8000000000000000e+01 0.0000000000000000e+00 1.0000000000000000e+00 6.4680510809020998e+03 0.0000000000000000e+00 8.1570273791873788e+01 1.6060000658035278e-01 0.0000000000000000e+00
2.0000000000000000e+01 1.8000000000000000e+01 0.0000000000000000e+00 2.0000000000000000e+00 6.4680510809020998e+03 0.0000000000000000e+00 8.1570273791873788e+01 2.4089999496936798e-01 0.0000000000000000e+00
2.0000000000000000e+01 1.9000000000000000e+01 0.0000000000000000e+00 1.0000000000000000e+00 6.5028511696960450e+03 0.0000000000000000e+00 7.6156046425935045e+01 2.2020000219345093e-01 0.0000000000000000e+00
2.0000000000000000e+01 1.9000000000000000e+01 0.0000000000000000e+00 2.0000000000000000e+00 6.5020510483398439e+03 0.0000000000000000e+00 7.6156046425935045e+01 2.2020000219345093e-01 0.0000000000000000e+00
2.0000000000000000e+01 2.0000000000000000e+01 0.0000000000000000e+00 1.0000000000000000e+00 6.5360514309936525e+03 0.0000000000000000e+00 7.3138450565624083e+01 3.2580000162124634e-01 0.0000000000000000e+00
2.0000000000000000e+01 2.0000000000000000e+01 0.0000000000000000e+00 2.0000000000000000e+00 6.5360514309936525e+03 0.0000000000000000e+00 7.3138450565624083e+01 1.6290000081062317e-01 0.0000000000000000e+00
2.0000000000000000e+01 2.1000000000000000e+01 0.0000000000000000e+00 1.0000000000000000e+00 6.5740515899963384e+03 0.0000000000000000e+00 6.9828192461417444e+01 5.5210000276565552e-01 0.0000000000000000e+00
2.0000000000000000e+01 2.2000000000000000e+01 0.0000000000000000e+00 1.0000000000000000e+00 6.5740515899963384e+03 0.0000000000000000e+00 6.5401068928238175e+01 4.9029999971389771e-01 0.0000000000000000e+00
2.1000000000000000e+01 1.7000000000000000e+01 0.0000000000000000e+00 1.0000000000000000e+00 6.4259506632629400e+03 9.1821192761547863e+03 8.4847452674051240e+01 1.2309999763965607e-01 9.8738736023683943e-04
2.1000000000000000e+01 1.7000000000000000e+01 0.0000000000000000e+00 2.0000000000000000e+00 6.4290506664001468e+03 9.1821192761547863e+03 8.4847452674051240e+01 2.4609999358654022e-01 1.9749248876854229e-03
2.1000000000000000e+01 1.8000000000000000e+01 0.0000000000000000e+00 1.0000000000000000e+00 6.4680510809020998e+03 0.0000000000000000e+00 8.1370478654102484e+01 1.6060000658035278e-01 0.0000000000000000e+00
2.1000000000000000e+01 1.8000000000000000e+01 0.0000000000000000e+00 2.0000000000000000e+00 6.4680510809020998e+03 0.0000000000000000e+00 8.1370478654102484e+01 2.4089999496936798e-01 0.0000000000000000e+00
2.1000000000000000e+01 1.9000000000000000e+01 0.0000000000000000e+00 1.0000000000000000e+00 6.5028511696960450e+03 0.0000000000000000e+00 7.5984279345662927e+01 2.2020000219345093e-01 0.0000000000000000e+00
2.1000000000000000e+01 1.9000000000000000e+01 0.0000000000000000e+00 2.0000000000000000e+00 6.5020510483398439e+03 0.0000000000000000e+00 7.5984279345662927e+01 2.2020000219345093e-01 0.0000000000000000e+00
2.1000000000000000e+01 2.0000000000000000e+01 0.0000000000000000e+00 1.0000000000000000e+00 6.5360514309936525e+03 0.0000000000000000e+00 7.2983876263696487e+01 3.2580000162124634e-01 0.0000000000000000e+00
2.1000000000000000e+01 2.0000000000000000e+01 0.0000000000000000e+00 2.0000000000000000e+00 6.5360514309936525e+03 0.0000000000000000e+00 7.2983876263696487e+01 1.6290000081062317e-01 0.0000000000000000e+00
2.1000000000000000e+01 2.1000000000000000e+01 0.0000000000000000e+00 1.0000000000000000e+00 6.5740515899963384e+03 0.0000000000000000e+00 6.9690107781619247e+01 5.5210000276565552e-01 0.0000000000000000e+00
2.1000000000000000e+01 2.2000000000000000e+01 0.0000000000000000e+00 1.0000000000000000e+00 6.5740515899963384e+03 0.0000000000000000e+00 6.5283030603247056e+01 4.9029999971389771e-01 0.0000000000000000e+00
2.2000000000000000e+01 1.7000000000000000e+01 0.0000000000000000e+00 1.0000000000000000e+00 6.4259506632629400e+03 0.0000000000000000e+00 8.4562935938416160e+01 1.2309999763965607e-01 0.0000000000000000e+00
2.2000000000000000e+01 1.7000000000000000e+01 0.0000000000000000e+00 2.0000000000000000e+00 6.4290506664001468e+03 0.0000000000000000e+00 8.4562935938416160e+01 2.4609999358654022e-01 0.0000000000000000e+00
2.2000000000000000e+01 1.8000000000000000e+01 0.0000000000000000e+00 1.0000000000000000e+00 6.4680510809020998e+03 0.0000000000000000e+00 8.1113637168059668e+01 1.6060000658035278e-01 0.0000000000000000e+00
2.2000000000000000e+01 1.8000000000000000e+01 0.0000000000000000e+00 2.0000000000000000e+00 6.4680510809020998e+03 0.0000000000000000e+00 8.1113637168059668e+01 2.4089999496936798e-01 0.0000000000000000e+00
2.2000000000000000e+01 1.9000000000000000e+01 0.0000000000000000e+00 1.0000000000000000e+00 6.5028511696960450e+03 0.0000000000000000e+00 7.5763157069273262e+01 2.2020000219345093e-01 0.0000000000000000e+00
2.2000000000000000e+01 1.9000000000000000e+01 0.0000000000000000e+00 2.0000000000000000e+00 6.5020510483398439e+03 0.0000000000000000e+00 7.5763157069273262e+01 2.2020000219345093e-01 0.0000000000000000e+00
2.2000000000000000e+01 2.0000000000000000e+01 0.0000000000000000e+00 1.0000000000000000e+00 6.5360514309936525e+03 0.0000000000000000e+00 7.2784650828164047e+01 3.2580000162124634e-01 0.0000000000000000e+00
2.2000000000000000e+01 2.0000000000000000e+01 0.0000000000000000e+00 2.0000000000000000e+00 6.5360514309936525e+03 0.0000000000000000e+00 7.2784650828164047e+01 1.6290000081062317e-01 0.0000000000000000e+00
2.2000000000000000e+01 2.1000000000000000e+01 0.0000000000000000e+00 1.0000000000000000e+00 6.5740515899963384e+03 0.0000000000000000e+00 6.9511901888194686e+01 5.5210000276565552e-01 0.0000000000000000e+00
2.2000000000000000e+01 2.2000000000000000e+01 0.0000000000000000e+00 1.0000000000000000e+00 6.5740515899963384e+03 0.0000000000000000e+00 6.5130408683994787e+01 4.9029999971389771e-01 0.0000000000000000e+00
2.3000000000000000e+01 1.7000000000000000e+01 0.0000000000000000e+00 1.0000000000000000e+00 6.4259506632629400e+03 0.0000000000000000e+00 8.4196858556487200e+01 1.2309999763965607e-01 0.0000000000000000e+00
2.3000000000000000e+01 1.7000000000000000e+01 0.0000000000000000e+00 2.0000000000000000e+00 6.4290506664001468e+03 0.0000000000000000e+00 8.4196858556487200e+01 2.4609999358654022e-01 0.0000000000000000e+00
2.3000000000000000e+01 1.8000000000000000e+01 0.0000000000000000e+00 1.0000000000000000e+00 6.4680510809020998e+03 0.0000000000000000e+00 8.0782767151264750e+01 1.6060000658035278e-01 0.0000000000000000e+00
2.3000000000000000e+01 1.8000000000000000e+01 0.0000000000000000e+00 2.0000000000000000e+00 6.4680510809020998e+03 0.0000000000000000e+00 8.0782767151264750e+01 2.4089999496936798e-01 0.0000000000000000e+00
2.3000000000000000e+01 1.9000000000000000e+01 0.0000000000000000e+00 1.0000000000000000e+00 6.5028511696960450e+03 0.0000000000000000e+00 7.5477802826931850e+01 2.2020000219345093e-01 0.0000000000000000e+00
2.3000000000000000e+01 1.9000000000000000e+01 0.0000000000000000e+00 2.0000000000000000e+00 6.5020510483398439e+03 0.0000000000000000e+00 7.5477802826931850e+01 2.2020000219345093e-01 0.0000000000000000e+00
2.3000000000000000e+01 2.0000000000000000e+01 0.0000000000000000e+00 1.0000000000000000e+00 6.5360514309936525e+03 0.0000000000000000e+00 7.2527184580630163e+01 3.2580000162124634e-01 0.0000000000000000e+00
2.3000000000000000e+01 2.0000000000000000e+01 0.0000000000000000e+00 2.0000000000000000e+00 6.5360514309936525e+03 0.0000000000000000e+00 7.2527184580630163e+01 1.6290000081062317e-01 0.0000000000000000e+00
2.3000000000000000e+01 2.1000000000000000e+01 0.0000000000000000e+00 1.0000000000000000e+00 6.5740515899963384e+03 0.0000000000000000e+00 6.9281254057435063e+01 5.5210000276565552e-01 0.0000000000000000e+00
2.3000000000000000e+01 2.2000000000000000e+01 0.0000000000000000e+00 1.0000000000000000e+00 6.5740515899963384e+03 0.0000000000000000e+00 6.4932435699242376e+01 4.9029999971389771e-01 0.0000000000000000e+00
2.4000000000000000e+01 1.7000000000000000e+01 0.0000000000000000e+00 1.0000000000000000e+00 6.4259506632629400e+03 0.0000000000000000e+00 8.3725316694715332e+01 1.2309999763965607e-01 0.0000000000000000e+00
2.4000000000000000e+01 1.7000000000000000e+01 0.0000000000000000e+00 2.0000000000000000e+00 6.4290506664001468e+03 0.0000000000000000e+00 8.3725316694715332e+01 2.4609999358654022e-01 0.0000000000000000e+00
2.4000000000000000e+01 1.8000000000000000e+01 0.0000000000000000e+00 1.0000000000000000e+00 6.4680510809020998e+03 0.0000000000000000e+00 8.0355934611816764e+01 1.6060000658035278e-01 0.0000000000000000e+00
2.4000000000000000e+01 1.8000000000000000e+01 0.0000000000000000e+00 2.0000000000000000e+00 6.4680510809020998e+03 0.0000000000000000e+00 8.0355934611816764e+01 2.4089999496936798e-01 0.0000000000000000e+00
2.4000000000000000e+01 1.9000000000000000e+01 0.0000000000000000e+00 1.0000000000000000e+00 6.5028511696960450e+03 0.0000000000000000e+00 7.5108921863895631e+01 2.2020000219345093e-01 0.0000000000000000e+00
2.4000000000000000e+01 1.9000000000000000e+01 0.0000000000000000e+00 2.0000000000000000e+00 6.5020510483398439e+03 0.0000000000000000e+00 7.5108921863895631e+01 2.2020000219345093e-01 0.0000000000000000e+00
2.4000000000000000e+01 2.0000000000000000e+01 0.0000000000000000e+00 1.0000000000000000e+00 6.5360514309936525e+03 0.0000000000000000e+00 7.2193787302365067e+01 3.2580000162124634e-01 0.0000000000000000e+00
2.4000000000000000e+01 2.0000000000000000e+01 0.0000000000000000e+00 2.0000000000000000e+00 6.5360514309936525e+03 0.0000000000000000e+00 7.2193787302365067e+01 1.6290000081062317e-01 0.0000000000000000e+00
2.4000000000000000e+01 2.1000000000000000e+01 0.0000000000000000e+00 1.0000000000000000e+00 6.5740515899963384e+03 0.0000000000000000e+00 6.8982032113743870e+01 5.5210000276565552e-01 0.0000000000000000e+00
2.4000000000000000e+01 2.2000000000000000e+01 0.0000000000000000e+00 1.0000000000000000e+00 6.5740515899963384e+03 0.0000000000000000e+00 6.4674922382518005e+01 4.9029999971389771e-01 0.0000000000000000e+00
2.5000000000000000e+01 1.7000000000000000e+01 0.0000000000000000e+00 1.0000000000000000e+00 6.4259506632629400e+03 0.0000000000000000e+00 8.3117621199407850e+01 1.2309999763965607e-01 0.0000000000000000e+00
2.5000000000000000e+01 1.7000000000000000e+01 0.0000000000000000e+00 2.0000000000000000e+00 6.4290506664001468e+03 0.0000000000000000e+00 8.3117621199407850e+01 2.4609999358654022e-01 0.0000000000000000e+00
2.5000000000000000e+01 1.8000000000000000e+01 0.0000000000000000e+00 1.0000000000000000e+00 6.4680510809020998e+03 0.0000000000000000e+00 7.9804854629749542e+01 1.6060000658035278e-01 0.0000000000000000e+00
2.5000000000000000e+01 1.8000000000000000e+01 0.0000000000000000e+00 2.0000000000000000e+00 6.4680510809020998e+03 0.0000000000000000e+00 7.9804854629749542e+01 2.4089999496936798e-01 0.0000000000000000e+00
2.5000000000000000e+01 1.9000000000000000e+01 0.0000000000000000e+00 1.0000000000000000e+00 6.5028511696960450e+03 0.0000000000000000e+00 7.4631459685998976e+01 2.2020000219345093e-01 0.0000000000000000e+00
2.5000000000000000e+01 1.9000000000000000e+01 0.0000000000000000e+00 2.0000000000000000e+00 6.5020510483398439e+03 0.0000000000000000e+00 7.4631459685998976e+01 2.2020000219345093e-01 0.0000000000000000e+00
2.5000000000000000e+01 2.0000000000000000e+01 0.0000000000000000e+00 1.0000000000000000e+00 6.5360514309936525e+03 0.0000000000000000e+00 7.1761362051035761e+01 3.2580000162124634e-01 0.0000000000000000e+00
2.5000000000000000e+01 2.0000000000000000e+01 0.0000000000000000e+00 2.0000000000000000e+00 6.5360514309936525e+03 0.0000000000000000e+00 7.1761362051035761e+01 1.6290000081062317e-01 0.0000000000000000e+00
2.5000000000000000e+01 2.1000000000000000e+01 0.0000000000000000e+00 1.0000000000000000e+00 6.5740515899963384e+03 0.0000000000000000e+00 6.8593093260174925e+01 5.5210000276565552e-01 0.0000000000000000e+00
2.5000000000000000e+01 2.2000000000000000e+01 0.0000000000000000e+00 1.0000000000000000e+00 6.5740515899963384e+03 0.0000000000000000e+00 6.4339151887601318e+01 4.9029999971389771e-01 0.0000000000000000e+00
2.6000000000000000e+01 1.7000000000000000e+01 0.0000000000000000e+00 1.0000000000000000e+00 6.4259506632629400e+03 0.0000000000000000e+00 8.2332773976979198e+01 1.2309999763965607e-01 0.0000000000000000e+00
2.6000000000000000e+01 1.7000000000000000e+01 0.0000000000000000e+00 2.0000000000000000e+00 6.4290506664001468e+03 0.0000000000000000e+00 8.2332773976979198e+01 2.4609999358654022e-01 0.0000000000000000e+00
2.6000000000000000e+01 1.8000000000000000e+01 0.0000000000000000e+00 1.0000000000000000e+00 6.4680510809020998e+03 0.0000000000000000e+00 7.9091543972594422e+01 1.6060000658035278e-01 0.0000000000000000e+00
2.6000000000000000e+01 1.8000000000000000e+01 0.0000000000000000e+00 2.0000000000000000e+00 6.4680510809020998e+03 0.0000000000000000e+00 7.9091543972594422e+01 2.4089999496936798e-01 0.0000000000000000e+00
2.6000000000000000e+01 1.9000000000000000e+01 0.0000000000000000e+00 1.0000000000000000e+00 6.5028511696960450e+03 0.0000000000000000e+00 7.4011533281273245e+01 2.2020000219345093e-01 0.0000000000000000e+00
2.6000000000000000e+01 1.9000000000000000e+01 0.0000000000000000e+00 2.0000000000000000e+00 6.5020510483398439e+03 0.0000000000000000e+00 7.4011533281273245e+01 2.2020000219345093e-01 0.0000000000000000e+00
2.6000000000000000e+01 2.0000000000000000e+01 0.0000000000000000e+00 1.0000000000000000e+00 6.5360514309936525e+03 0.0000000000000000e+00 7.1198513026383267e+01 3.2580000162124634e-01 0.0000000000000000e+00
2.6000000000000000e+01 2.0000000000000000e+01 0.0000000000000000e+00 2.0000000000000000e+00 6.5360514309936525e+03 0.0000000000000000e+00 7.1198513026383267e+01 1.6290000081062317e-01 0.0000000000000000e+00
2.6000000000000000e+01 2.1000000000000000e+01 0.0000000000000000e+00 1.0000000000000000e+00 6.5740515899963384e+03 0.0000000000000000e+00 6.8085522220340607e+01 5.5210000276565552e-01 0.0000000000000000e+00
2.6000000000000000e+01 2.2000000000000000e+01 0.0000000000000000e+00 1.0000000000000000e+00 6.5740515899963384e+03 0.0000000000000000e+00 6.3899339997579986e+01 4.9029999971389771e-01 0.0000000000000000e+00
2.7000000000000000e+01 1.7000000000000000e+01 0.0000000000000000e+00 1.0000000000000000e+00 6.4259506632629400e+03 0.0000000000000000e+00 8.1318330625363188e+01 1.2309999763965607e-01 0.0000000000000000e+00
2.7000000000000000e+01 1.7000000000000000e+01 0.0000000000000000e+00 2.0000000000000000e+00 6.4290506664001468e+03 0.0000000000000000e+00 8.1318330625363188e+01 2.4609999358654022e-01 0.0000000000000000e+00
2.7000000000000000e+01 1.8000000000000000e+01 0.0000000000000000e+00 1.0000000000000000e+00 6.4680510809020998e+03 0.0000000000000000e+00 7.8167231557920033e+01 1.6060000658035278e-01 0.0000000000000000e+00
2.7000000000000000e+01 1.8000000000000000e+01 0.0000000000000000e+00 2.0000000000000000e+00 6.4680510809020998e+03 0.0000000000000000e+00 7.8167231557920033e+01 2.4089999496936798e-01 0.0000000000000000e+00
2.7000000000000000e+01 1.9000000000000000e+01 0.0000000000000000e+00 1.0000000000000000e+00 6.5028511696960450e+03 0.0000000000000000e+00 7.3205444227822795e+01 2.2020000219345093e-01 0.0000000000000000e+00
2.7000000000000000e+01 1.9000000000000000e+01 0.0000000000000000e+00 2.0000000000000000e+00 6.5020510483398439e+03 0.0000000000000000e+00 7.3205444227822795e+01 2.2020000219345093e-01 0.0000000000000000e+00
2.7000000000000000e+01 2.0000000000000000e+01 0.0000000000000000e+00 1.0000000000000000e+00 6.5360514309936525e+03 0.0000000000000000e+00 7.0464603771008328e+01 3.2580000162124634e-01 0.0000000000000000e+00
2.7000000000000000e+01 2.0000000000000000e+01 0.0000000000000000e+00 2.0000000000000000e+00 6.5360514309936525e+03 0.0000000000000000e+00 7.0464603771008328e+01 1.6290000081062317e-01 0.0000000000000000e+00
2.7000000000000000e+01 2.1000000000000000e+01 0.0000000000000000e+00 1.0000000000000000e+00 6.5740515899963384e+03 0.0000000000000000e+00 6.7421766854893065e+01 5.5210000276565552e-01 0.0000000000000000e+00
2.7000000000000000e+01 2.2000000000000000e+01 0.0000000000000000e+00 1.0000000000000000e+00 6.5740515899963384e+03 0.0000000000000000e+00 6.3321835948229470e+01 4.9029999971389771e-01 0.0000000000000000e+00
2.8000000000000000e+01 1.7000000000000000e+01 0.0000000000000000e+00 1.0000000000000000e+00 6.4259506632629400e+03 0.0000000000000000e+00 8.0008394655755623e+01 1.2309999763965607e-01 0.0000000000000000e+00
2.8000000000000000e+01 1.7000000000000000e+01 0.0000000000000000e+00 2.0000000000000000e+00 6.4290506664001468e+03 0.0000000000000000e+00 8.0008394655755623e+01 2.4609999358654022e-01 0.0000000000000000e+00
2.8000000000000000e+01 1.8000000000000000e+01 0.0000000000000000e+00 1.0000000000000000e+00 6.4680510809020998e+03 0.0000000000000000e+00 7.6970275455451741e+01 1.6060000658035278e-01 0.0000000000000000e+00
2.8000000000000000e+01 1.8000000000000000e+01 0.0000000000000000e+00 2.0000000000000000e+00 6.4680510809020998e+03 0.0000000000000000e+00 7.6970275455451741e+01 2.4089999496936798e-01 0.0000000000000000e+00
2.8000000000000000e+01 1.9000000000000000e+01 0.0000000000000000e+00 1.0000000000000000e+00 6.5028511696960450e+03 0.0000000000000000e+00 7.2157537268045431e+01 2.2020000219345093e-01 0.0000000000000000e+00
2.8000000000000000e+01 1.9000000000000000e+01 0.0000000000000000e+00 2.0000000000000000e+00 6.5020510483398439e+03 0.0000000000000000e+00 7.2157537268045431e+01 2.2020000219345093e-01 0.0000000000000000e+00
2.8000000000000000e+01 2.0000000000000000e+01 0.0000000000000000e+00 1.0000000000000000e+00 6.5360514309936525e+03 0.0000000000000000e+00 6.9507579258288374e+01 3.2580000162124634e-01 0.0000000000000000e+00
2.8000000000000000e+01 2.0000000000000000e+01 0.0000000000000000e+00 2.0000000000000000e+00 6.5360514309936525e+03 0.0000000000000000e+00 6.9507579258288374e+01 1.6290000081062317e-01 0.0000000000000000e+00
2.8000000000000000e+01 2.1000000000000000e+01 0.0000000000000000e+00 1.0000000000000000e+00 6.5740515899963384e+03 0.0000000000000000e+00 6.6553449536454451e+01 5.5210000276565552e-01 0.0000000000000000e+00
2.8000000000000000e+01 2.2000000000000000e+01 0.0000000000000000e+00 1.0000000000000000e+00 6.5740515899963384e+03 0.0000000000000000e+00 6.2562965593179023e+01 4.9029999971389771e-01 0.0000000000000000e+00
2.9000000000000000e+01 1.7000000000000000e+01 0.0000000000000000e+00 1.0000000000000000e+00 6.4259506632629400e+03 0.0000000000000000e+00 7.8322038098269502e+01 1.2309999763965607e-01 0.0000000000000000e+00
2.9000000000000000e+01 1.7000000000000000e+01 0.0000000000000000e+00 2.0000000000000000e+00 6.4290506664001468e+03 0.0000000000000000e+00 7.8322038098269502e+01 2.4609999358654022e-01 0.0000000000000000e+00
2.9000000000000000e+01 1.8000000000000000e+01 0.0000000000000000e+00 1.0000000000000000e+00 6.4680510809020998e+03 0.0000000000000000e+00 7.5424424205915614e+01 1.6060000658035278e-01 0.0000000000000000e+00
2.9000000000000000e+01 1.8000000000000000e+01 0.0000000000000000e+00 2.0000000000000000e+00 6.4680510809020998e+03 0.0000000000000000e+00 7.5424424205915614e+01 2.4089999496936798e-01 0.0000000000000000e+00
2.9000000000000000e+01 1.9000000000000000e+01 0.0000000000000000e+00 1.0000000000000000e+00 6.5028511696960450e+03 0.0000000000000000e+00 7.0798314533440347e+01 2.2020000219345093e-01 0.0000000000000000e+00
2.9000000000000000e+01 1.9000000000000000e+01 0.0000000000000000e+00 2.0000000000000000e+00 6.5020510483398439e+03 0.0000000000000000e+00 7.0798314533440347e+01 2.2020000219345093e-01 0.0000000000000000e+00
2.9000000000000000e+01 2.0000000000000000e+01 0.0000000000000000e+00 1.0000000000000000e+00 6.5360514309936525e+03 0.0000000000000000e+00 6.8261995967885241e+01 3.2580000162124634e-01 0.0000000000000000e+00
2.9000000000000000e+01 2.0000000000000000e+01 0.0000000000000000e+00 2.0000000000000000e+00 6.5360514309936525e+03 0.0000000000000000e+00 6.8261995967885241e+01 1.6290000081062317e-01 0.0000000000000000e+00
2.9000000000000000e+01 2.1000000000000000e+01 0.0000000000000000e+00 1.0000000000000000e+00 6.5740515899963384e+03 0.0000000000000000e+00 6.5419357776108527e+01 5.5210000276565552e-01 0.0000000000000000e+00
2.9000000000000000e+01 2.2000000000000000e+01 0.0000000000000000e+00 1.0000000000000000e+00 6.5740515899963384e+03 0.0000000000000000e+00 6.1566998282991712e+01 4.9029999971389771e-01 0.0000000000000000e+00
3.0000000000000000e+01 1.7000000000000000e+01 0.0000000000000000e+00 1.0000000000000000e+00 6.4259506632629400e+03 0.0000000000000000e+00 7.6164079091762446e+01 1.2309999763965607e-01 0.0000000000000000e+00
3.0000000000000000e+01 1.7000000000000000e+01 0.0000000000000000e+00 2.0000000000000000e+00 6.4290506664001468e+03 0.0000000000000000e+00 7.6164079091762446e+01 2.4609999358654022e-01 0.0000000000000000e+00
3.0000000000000000e+01 1.8000000000000000e+01 0.0000000000000000e+00 1.0000000000000000e+00 6.4680510809020998e+03 0.0000000000000000e+00 7.3439165320881685e+01 1.6060000658035278e-01 0.0000000000000000e+00
3.0000000000000000e+01 1.8000000000000000e+01 0.0000000000000000e+00 2.0000000000000000e+00 6.4680510809020998e+03 0.0000000000000000e+00 7.3439165320881685e+01 2.4089999496936798e-01 0.0000000000000000e+00
3.0000000000000000e+01 1.9000000000000000e+01 0.0000000000000000e+00 1.0000000000000000e+00 6.5028511696960450e+03 0.0000000000000000e+00 6.9044357606378810e+01 2.2020000219345093e-01 0.0000000000000000e+00
3.0000000000000000e+01 1.9000000000000000e+01 0.0000000000000000e+00 2.0000000000000000e+00 6.5020510483398439e+03 0.0000000000000000e+00 6.9044357606378810e+01 2.2020000219345093e-01 0.0000000000000000e+00
3.0000000000000000e+01 2.0000000000000000e+01 0.0000000000000000e+00 1.0000000000000000e+00 6.5360514309936525e+03 0.0000000000000000e+00 6.6648633659643693e+01 3.2580000162124634e-01 0.0000000000000000e+00
3.0000000000000000e+01 2.0000000000000000e+01 0.0000000000000000e+00 2.0000000000000000e+00 6.5360514309936525e+03 0.0000000000000000e+00 6.6648633659643693e+01 1.6290000081062317e-01 0.0000000000000000e+00
3.0000000000000000e+01 2.1000000000000000e+01 0.0000000000000000e+00 1.0000000000000000e+00 6.5740515899963384e+03 0.0000000000000000e+00 6.3944776379680007e+01 5.5210000276565552e-01 0.0000000000000000e+00
3.0000000000000000e+01 2.2000000000000000e+01 0.0000000000000000e+00 1.0000000000000000e+00 6.5740515899963384e+03 0.0000000000000000e+00 6.0265195224699767e+01 4.9029999971389771e-01 0.0000000000000000e+00
3.1000000000000000e+01 1.7000000000000000e+01 0.0000000000000000e+00 1.0000000000000000e+00 6.4259506632629400e+03 0.0000000000000000e+00 7.3428664598454006e+01 1.2309999763965607e-01 0.0000000000000000e+00
3.1000000000000000e+01 1.7000000000000000e+01 0.0000000000000000e+00 2.0000000000000000e+00 6.4290506664001468e+03 0.0000000000000000e+00 7.3428664598454006e+01 2.4609999358654022e-01 0.0000000000000000e+00
3.1000000000000000e+01 1.8000000000000000e+01 0.0000000000000000e+00 1.0000000000000000e+00 6.4680510809020998e+03 0.0000000000000000e+00 7.0912599254631274e+01 1.6060000658035278e-01 0.0000000000000000e+00
3.1000000000000000e+01 1.8000000000000000e+01 0.0000000000000000e+00 2.0000000000000000e+00 6.4680510809020998e+03 0.0000000000000000e+00 7.0912599254631274e+01 2.4089999496936798e-01 0.0000000000000000e+00
3.1000000000000000e+01 1.9000000000000000e+01 0.0000000000000000e+00 1.0000000000000000e+00 6.5028511696960450e+03 0.0000000000000000e+00 6.6800295490410520e+01 2.2020000219345093e-01 0.0000000000000000e+00
3.1000000000000000e+01 1.9000000000000000e+01 0.0000000000000000e+00 2.0000000000000000e+00 6.5020510483398439e+03 0.0000000000000000e+00 6.6800295490410520e+01 2.2020000219345093e-01 0.0000000000000000e+00
3.1000000000000000e+01 2.0000000000000000e+01 0.0000000000000000e+00 1.0000000000000000e+00 6.5360514309936525e+03 0.0000000000000000e+00 6.4575931095117184e+01 3.2580000162124634e-01 0.0000000000000000e+00
3.1000000000000000e+01 2.0000000000000000e+01 0.0000000000000000e+00 2.0000000000000000e+00 6.5360514309936525e+03 0.0000000000000000e+00 6.4575931095117184e+01 1.6290000081062317e-01 0.0000000000000000e+00
3.1000000000000000e+01 2.1000000000000000e+01 0.0000000000000000e+00 1.0000000000000000e+00 6.5740515899963384e+03 0.0000000000000000e+00 6.2042449275888508e+01 5.5210000276565552e-01 0.0000000000000000e+00
3.1000000000000000e+01 2.2000000000000000e+01 0.0000000000000000e+00 1.0000000000000000e+00 6.5740515899963384e+03 0.0000000000000000e+00 5.8576225841437918e+01 4.9029999971389771e-01 0.0000000000000000e+00
3.2000000000000000e+01 1.7000000000000000e+01 0.0000000000000000e+00 1.0000000000000000e+00 6.4259506632629400e+03 0.0000000000000000e+00 7.0007971763880533e+01 1.2309999763965607e-01 0.0000000000000000e+00
3.2000000000000000e+01 1.7000000000000000e+01 0.0000000000000000e+00 2.0000000000000000e+00 6.4290506664001468e+03 0.0000000000000000e+00 7.0007971763880533e+01 2.4609999358654022e-01 0.0000000000000000e+00
3.2000000000000000e+01 1.8000000000000000e+01 0.0000000000000000e+00 1.0000000000000000e+00 6.4680510809020998e+03 0.0000000000000000e+00 6.7739034457542189e+01 1.6060000658035278e-01 0.0000000000000000e+00
3.2000000000000000e+01 1.8000000000000000e+01 0.0000000000000000e+00 2.0000000000000000e+00 6.4680510809020998e+03 0.0000000000000000e+00 6.7739034457542189e+01 2.4089999496936798e-01 0.0000000000000000e+00
3.2000000000000000e+01 1.9000000000000000e+01 0.0000000000000000e+00 1.0000000000000000e+00 6.5028511696960450e+03 0.0000000000000000e+00 6.3965048468478770e+01 2.2020000219345093e-01 0.0000000000000000e+00
3.2000000000000000e+01 1.9000000000000000e+01 0.0000000000000000e+00 2.0000000000000000e+00 6.5020510483398439e+03 0.0000000000000000e+00 6.3965048468478770e+01 2.2020000219345093e-01 0.0000000000000000e+00
3.2000000000000000e+01 2.0000000000000000e+01 0.0000000000000000e+00 1.0000000000000000e+00 6.5360514309936525e+03 0.0000000000000000e+00 6.1945345794462789e+01 3.2580000162124634e-01 0.0000000000000000e+00
3.2000000000000000e+01 2.0000000000000000e+01 0.0000000000000000e+00 2.0000000000000000e+00 6.5360514309936525e+03 0.0000000000000000e+00 6.1945345794462789e+01 1.6290000081062317e-01 0.0000000000000000e+00
3.2000000000000000e+01 2.1000000000000000e+01 0.0000000000000000e+00 1.0000000000000000e+00 6.5740515899963384e+03 0.0000000000000000e+00 5.9617128890260091e+01 5.5210000276565552e-01 0.0000000000000000e+00
3.2000000000000000e+01 2.2000000000000000e+01 0.0000000000000000e+00 1.0000000000000000e+00 6.5740515899963384e+03 0.0000000000000000e+00 5.6409733468452579e+01 4.9029999971389771e-01 0.0000000000000000e+00
3.3000000000000000e+01 1.7000000000000000e+01 0.0000000000000000e+00 1.0000000000000000e+00 6.4259506632629400e+03 0.0000000000000000e+00 6.5808069328051829e+01 1.2309999763965607e-01 0.0000000000000000e+00
3.3000000000000000e+01 1.7000000000000000e+01 0.0000000000000000e+00 2.0000000000000000e+00 6.4290506664001468e+03 0.0000000000000000e+00 6.5808069328051829e+01 2.4609999358654022e-01 0.0000000000000000e+00
3.3000000000000000e+01 1.8000000000000000e+01 0.0000000000000000e+00 1.0000000000000000e+00 6.4680510809020998e+03 0.0000000000000000e+00 6.3823452180168346e+01 1.6060000658035278e-01 0.0000000000000000e+00
3.3000000000000000e+01 1.8000000000000000e+01 0.0000000000000000e+00 2.0000000000000000e+00 6.4680510809020998e+03 0.0000000000000000e+00 6.3823452180168346e+01 2.4089999496936798e-01 0.0000000000000000e+00
3.3000000000000000e+01 1.9000000000000000e+01 0.0000000000000000e+00 1.0000000000000000e+00 6.5028511696960450e+03 0.0000000000000000e+00 6.0444399400024444e+01 2.2020000219345093e-01 0.0000000000000000e+00
3.3000000000000000e+01 1.9000000000000000e+01 0.0000000000000000e+00 2.0000000000000000e+00 6.5020510483398439e+03 0.0000000000000000e+00 6.0444399400024444e+01 2.2020000219345093e-01 0.0000000000000000e+00
3.3000000000000000e+01 2.0000000000000000e+01 0.0000000000000000e+00 1.0000000000000000e+00 6.5360514309936525e+03 0.0000000000000000e+00 5.8662743040204781e+01 3.2580000162124634e-01 0.0000000000000000e+00
3.3000000000000000e+01 2.0000000000000000e+01 0.0000000000000000e+00 2.0000000000000000e+00 6.5360514309936525e+03 0.0000000000000000e+00 5.8662743040204781e+01 1.6290000081062317e-01 0.0000000000000000e+00
3.3000000000000000e+01 2.1000000000000000e+01 0.0000000000000000e+00 1.0000000000000000e+00 6.5740515899963384e+03 0.0000000000000000e+00 5.6575788272725582e+01 5.5210000276565552e-01 0.0000000000000000e+00
3.3000000000000000e+01 2.2000000000000000e+01 0.0000000000000000e+00 1.0000000000000000e+00 6.5740515899963384e+03 0.0000000000000000e+00 5.3675091114057970e+01 4.9029999971389771e-01 0.0000000000000000e+00
3.4000000000000000e+01 1.7000000000000000e+01 0.0000000000000000e+00 1.0000000000000000e+00 6.4259506632629400e+03 0.0000000000000000e+00 6.0779222294210335e+01 1.2309999763965607e-01 0.0000000000000000e+00
3.4000000000000000e+01 1.7000000000000000e+01 0.0000000000000000e+00 2.0000000000000000e+00 6.4290506664001468e+03 0.0000000000000000e+00 6.0779222294210335e+01 2.4609999358654022e-01 0.0000000000000000e+00
3.4000000000000000e+01 1.8000000000000000e+01 0.0000000000000000e+00 1.0000000000000000e+00 6.4680510809020998e+03 0.0000000000000000e+00 5.9110056272738333e+01 1.6060000658035278e-01 0.0000000000000000e+00
3.4000000000000000e+01 1.8000000000000000e+01 0.0000000000000000e+00 2.0000000000000000e+00 6.4680510809020998e+03 0.0000000000000000e+00 5.9110056272738333e+01 2.4089999496936798e-01 0.0000000000000000e+00
3.4000000000000000e+01 1.9000000000000000e+01 0.0000000000000000e+00 1.0000000000000000e+00 6.5028511696960450e+03 0.0000000000000000e+00 5.6176969670333278e+01 2.2020000219345093e-01 0.0000000000000000e+00
3.4000000000000000e+01 1.9000000000000000e+01 0.0000000000000000e+00 2.0000000000000000e+00 6.5020510483398439e+03 0.0000000000000000e+00 5.6176969670333278e+01 2.2020000219345093e-01 0.0000000000000000e+00
3.4000000000000000e+01 2.0000000000000000e+01 0.0000000000000000e+00 1.0000000000000000e+00 6.5360514309936525e+03 0.0000000000000000e+00 5.4662805264418743e+01 3.2580000162124634e-01 0.0000000000000000e+00
3.4000000000000000e+01 2.0000000000000000e+01 0.0000000000000000e+00 2.0000000000000000e+00 6.5360514309936525e+03 0.0000000000000000e+00 5.4662805264418743e+01 1.6290000081062317e-01 0.0000000000000000e+00
3.4000000000000000e+01 2.1000000000000000e+01 0.0000000000000000e+00 1.0000000000000000e+00 6.5740515899963384e+03 0.0000000000000000e+00 5.2850376727418009e+01 5.5210000276565552e-01 0.0000000000000000e+00
3.4000000000000000e+01 2.2000000000000000e+01 0.0000000000000000e+00 1.0000000000000000e+00 6.5740515899963384e+03 0.0000000000000000e+00 5.0302006089709934e+01 4.9029999971389771e-01 0.0000000000000000e+00
3.5000000000000000e+01 1.7000000000000000e+01 0.0000000000000000e+00 1.0000000000000000e+00 6.4259506632629400e+03 0.0000000000000000e+00 5.4949739104002909e+01 1.2309999763965607e-01 0.0000000000000000e+00
3.5000000000000000e+01 1.7000000000000000e+01 0.0000000000000000e+00 2.0000000000000000e+00 6.4290506664001468e+03 0.0000000000000000e+00 5.4949739104002909e+01 2.4609999358654022e-01 0.0000000000000000e+00
3.5000000000000000e+01 1.8000000000000000e+01 0.0000000000000000e+00 1.0000000000000000e+00 6.4680510809020998e+03 0.0000000000000000e+00 5.3614851013168639e+01 1.6060000658035278e-01 0.0000000000000000e+00
3.5000000000000000e+01 1.8000000000000000e+01 0.0000000000000000e+00 2.0000000000000000e+00 6.4680510809020998e+03 0.0000000000000000e+00 5.3614851013168639e+01 2.4089999496936798e-01 0.0000000000000000e+00
3.5000000000000000e+01 1.9000000000000000e+01 0.0000000000000000e+00 1.0000000000000000e+00 6.5028511696960450e+03 0.0000000000000000e+00 5.1164636168161174e+01 2.2020000219345093e-01 0.0000000000000000e+00
3.5000000000000000e+01 1.9000000000000000e+01 0.0000000000000000e+00 2.0000000000000000e+00 6.5020510483398439e+03 0.0000000000000000e+00 5.1164636168161174e+01 2.2020000219345093e-01 0.0000000000000000e+00
3.5000000000000000e+01 2.0000000000000000e+01 0.0000000000000000e+00 1.0000000000000000e+00 6.5360514309936525e+03 0.0000000000000000e+00 4.9938120436748392e+01 3.2580000162124634e-01 0.0000000000000000e+00
3.5000000000000000e+01 2.0000000000000000e+01 0.0000000000000000e+00 2.0000000000000000e+00 6.5360514309936525e+03 0.0000000000000000e+00 4.9938120436748392e+01 1.6290000081062317e-01 0.0000000000000000e+00
3.5000000000000000e+01 2.1000000000000000e+01 0.0000000000000000e+00 1.0000000000000000e+00 6.5740515899963384e+03 0.0000000000000000e+00 4.8425418153795178e+01 5.5210000276565552e-01 0.0000000000000000e+00
3.5000000000000000e+01 2.2000000000000000e+01 0.0000000000000000e+00 1.0000000000000000e+00 6.5740515899963384e+03 0.0000000000000000e+00 4.6266033925808919e+01 4.9029999971389771e-01 0.0000000000000000e+00
3.6000000000000000e+01 1.7000000000000000e+01 0.0000000000000000e+00 1.0000000000000000e+00 6.4259506632629400e+03 0.0000000000000000e+00 4.8437103347893881e+01 1.2309999763965607e-01 0.0000000000000000e+00
3.6000000000000000e+01 1.7000000000000000e+01 0.0000000000000000e+00 2.0000000000000000e+00 6.4290506664001468e+03 0.0000000000000000e+00 4.8437103347893881e+01 2.4609999358654022e-01 0.0000000000000000e+00
3.6000000000000000e+01 1.8000000000000000e+01 0.0000000000000000e+00 1.0000000000000000e+00 6.4680510809020998e+03 0.0000000000000000e+00 4.7437226450707357e+01 1.6060000658035278e-01 0.0000000000000000e+00
3.6000000000000000e+01 1.8000000000000000e+01 0.0000000000000000e+00 2.0000000000000000e+00 6.4680510809020998e+03 0.0000000000000000e+00 4.7437226450707357e+01 2.4089999496936798e-01 0.0000000000000000e+00
3.6000000000000000e+01 1.9000000000000000e+01 0.0000000000000000e+00 1.0000000000000000e+00 6.5028511696960450e+03 0.0000000000000000e+00 4.5484310441895623e+01 2.2020000219345093e-01 0.0000000000000000e+00
3.6000000000000000e+01 1.9000000000000000e+01 0.0000000000000000e+00 2.0000000000000000e+00 6.5020510483398439e+03 0.0000000000000000e+00 4.5484310441895623e+01 2.2020000219345093e-01 0.0000000000000000e+00
3.6000000000000000e+01 2.0000000000000000e+01 0.0000000000000000e+00 1.0000000000000000e+00 6.5360514309936525e+03 0.0000000000000000e+00 4.4551089231152098e+01 3.2580000162124634e-01 0.0000000000000000e+00
3.6000000000000000e+01 2.0000000000000000e+01 0.0000000000000000e+00 2.0000000000000000e+00 6.5360514309936525e+03 0.0000000000000000e+00 4.4551089231152098e+01 1.6290000081062317e-01 0.0000000000000000e+00
3.6000000000000000e+01 2.1000000000000000e+01 0.0000000000000000e+00 1.0000000000000000e+00 6.5740515899963384e+03 0.0000000000000000e+00 4.3349840706620846e+01 5.5210000276565552e-01 0.0000000000000000e+00
3.6000000000000000e+01 2.2000000000000000e+01 0.0000000000000000e+00 1.0000000000000000e+00 6.5740515899963384e+03 0.0000000000000000e+00 4.1600125619591005e+01 4.9029999971389771e-01 0.0000000000000000e+00
3.7000000000000000e+01 1.7000000000000000e+01 0.0000000000000000e+00 1.0000000000000000e+00 6.4259506632629400e+03 0.0000000000000000e+00 4.1446792122967729e+01 1.2309999763965607e-01 0.0000000000000000e+00
3.7000000000000000e+01 1.7000000000000000e+01 0.0000000000000000e+00 2.0000000000000000e+00 6.4290506664001468e+03 0.0000000000000000e+00 4.1446792122967729e+01 2.4609999358654022e-01 0.0000000000000000e+00
3.7000000000000000e+01 1.8000000000000000e+01 0.0000000000000000e+00 1.0000000000000000e+00 6.4680510809020998e+03 0.0000000000000000e+00 4.0761176409917383e+01 1.6060000658035278e-01 0.0000000000000000e+00
3.7000000000000000e+01 1.8000000000000000e+01 0.0000000000000000e+00 2.0000000000000000e+00 6.4680510809020998e+03 0.0000000000000000e+00 4.0761176409917383e+01 2.4089999496936798e-01 0.0000000000000000e+00
3.7000000000000000e+01 1.9000000000000000e+01 0.0000000000000000e+00 1.0000000000000000e+00 6.5028511696960450e+03 0.0000000000000000e+00 3.9291723099836659e+01 2.2020000219345093e-01 0.0000000000000000e+00
3.7000000000000000e+01 1.9000000000000000e+01 0.0000000000000000e+00 2.0000000000000000e+00 6.5020510483398439e+03 0.0000000000000000e+00 3.9291723099836659e+01 2.2020000219345093e-01 0.0000000000000000e+00
3.7000000000000000e+01 2.0000000000000000e+01 0.0000000000000000e+00 1.0000000000000000e+00 6.5360514309936525e+03 0.0000000000000000e+00 3.8639356307915136e+01 3.2580000162124634e-01 0.0000000000000000e+00
3.7000000000000000e+01 2.0000000000000000e+01 0.0000000000000000e+00 2.0000000000000000e+00 6.5360514309936525e+03 0.0000000000000000e+00 3.8639356307915136e+01 1.6290000081062317e-01 0.0000000000000000e+00
3.7000000000000000e+01 2.1000000000000000e+01 0.0000000000000000e+00 1.0000000000000000e+00 6.5740515899963384e+03 0.0000000000000000e+00 3.7743744683086774e+01 5.5210000276565552e-01 0.0000000000000000e+00
3.7000000000000000e+01 2.2000000000000000e+01 0.0000000000000000e+00 1.0000000000000000e+00 6.5740515899963384e+03 0.0000000000000000e+00 3.6402753888491489e+01 4.9029999971389771e-01 0.0000000000000000e+00
3.8000000000000000e+01 1.7000000000000000e+01 0.0000000000000000e+00 1.0000000000000000e+00 6.4259506632629400e+03 0.0000000000000000e+00 3.4288874641485855e+01 1.2309999763965607e-01 0.0000000000000000e+00
3.8000000000000000e+01 1.7000000000000000e+01 0.0000000000000000e+00 2.0000000000000000e+00 6.4290506664001468e+03 0.0000000000000000e+00 3.4288874641485855e+01 2.4609999358654022e-01 0.0000000000000000e+00
3.8000000000000000e+01 1.8000000000000000e+01 0.0000000000000000e+00 1.0000000000000000e+00 6.4680510809020998e+03 0.0000000000000000e+00 3.3874374682321104e+01 1.6060000658035278e-01 0.0000000000000000e+00
3.8000000000000000e+01 1.8000000000000000e+01 0.0000000000000000e+00 2.0000000000000000e+00 6.4680510809020998e+03 0.0000000000000000e+00 3.3874374682321104e+01 2.4089999496936798e-01 0.0000000000000000e+00
3.8000000000000000e+01 1.9000000000000000e+01 0.0000000000000000e+00 1.0000000000000000e+00 6.5028511696960450e+03 0.0000000000000000e+00 3.2842895136000976e+01 2.2020000219345093e-01 0.0000000000000000e+00
3.8000000000000000e+01 1.9000000000000000e+01 0.0000000000000000e+00 2.0000000000000000e+00 6.5020510483398439e+03 0.0000000000000000e+00 3.2842895136000976e+01 2.2020000219345093e-01 0.0000000000000000e+00
3.8000000000000000e+01 2.0000000000000000e+01 0.0000000000000000e+00 1.0000000000000000e+00 6.5360514309936525e+03 0.0000000000000000e+00 3.2438952888259912e+01 3.2580000162124634e-01 0.0000000000000000e+00
3.8000000000000000e+01 2.0000000000000000e+01 0.0000000000000000e+00 2.0000000000000000e+00 6.5360514309936525e+03 0.0000000000000000e+00 3.2438952888259912e+01 1.6290000081062317e-01 0.0000000000000000e+00
3.8000000000000000e+01 2.1000000000000000e+01 0.0000000000000000e+00 1.0000000000000000e+00 6.5740515899963384e+03 0.0000000000000000e+00 3.1822766738815794e+01 5.5210000276565552e-01 0.0000000000000000e+00
3.8000000000000000e+01 2.2000000000000000e+01 0.0000000000000000e+00 1.0000000000000000e+00 6.5740515899963384e+03 0.0000000000000000e+00 3.0863356753855467e+01 4.9029999971389771e-01 0.0000000000000000e+00
3.9000000000000000e+01 1.7000000000000000e+01 0.0000000000000000e+00 1.0000000000000000e+00 6.4259506632629400e+03 0.0000000000000000e+00 2.7339381047979813e+01 1.2309999763965607e-01 0.0000000000000000e+00
3.9000000000000000e+01 1.7000000000000000e+01 0.0000000000000000e+00 2.0000000000000000e+00 6.4290506664001468e+03 0.0000000000000000e+00 2.7339381047979813e+01 2.4609999358654022e-01 0.0000000000000000e+00
3.9000000000000000e+01 1.8000000000000000e+01 0.0000000000000000e+00 1.0000000000000000e+00 6.4680510809020998e+03 0.0000000000000000e+00 2.7134812186498330e+01 1.6060000658035278e-01 0.0000000000000000e+00
3.9000000000000000e+01 1.8000000000000000e+01 0.0000000000000000e+00 2.0000000000000000e+00 6.4680510809020998e+03 0.0000000000000000e+00 2.7134812186498330e+01 2.4089999496936798e-01 0.0000000000000000e+00
3.9000000000000000e+01 1.9000000000000000e+01 0.0000000000000000e+00 1.0000000000000000e+00 6.5028511696960450e+03 0.0000000000000000e+00 2.6467428635077827e+01 2.2020000219345093e-01 0.0000000000000000e+00
3.9000000000000000e+01 1.9000000000000000e+01 0.0000000000000000e+00 2.0000000000000000e+00 6.5020510483398439e+03 0.0000000000000000e+00 2.6467428635077827e+01 2.2020000219345093e-01 0.0000000000000000e+00
3.9000000000000000e+01 2.0000000000000000e+01 0.0000000000000000e+00 1.0000000000000000e+00 6.5360514309936525e+03 0.0000000000000000e+00 2.6261871444694474e+01 3.2580000162124634e-01 0.0000000000000000e+00
3.9000000000000000e+01 2.0000000000000000e+01 0.0000000000000000e+00 2.0000000000000000e+00 6.5360514309936525e+03 0.0000000000000000e+00 2.6261871444694474e+01 1.6290000081062317e-01 0.0000000000000000e+00
3.9000000000000000e+01 2.1000000000000000e+01 0.0000000000000000e+00 1.0000000000000000e+00 6.5740515899963384e+03 0.0000000000000000e+00 2.5879653828054479e+01 5.5210000276565552e-01 0.0000000000000000e+00
3.9000000000000000e+01 2.2000000000000000e+01 0.0000000000000000e+00 1.0000000000000000e+00 6.5740515899963384e+03 0.0000000000000000e+00 2.5248682239878715e+01 4.9029999971389771e-01 0.0000000000000000e+00
4.0000000000000000e+01 1.7000000000000000e+01 0.0000000000000000e+00 1.0000000000000000e+00 6.4259506632629400e+03 0.0000000000000000e+00 2.0975315304965886e+01 1.2309999763965607e-01 0.0000000000000000e+00
4.0000000000000000e+01 1.7000000000000000e+01 0.0000000000000000e+00 2.0000000000000000e+00 6.4290506664001468e+03 0.0000000000000000e+00 2.0975315304965886e+01 2.4609999358654022e-01 0.0000000000000000e+00
4.0000000000000000e+01 1.8000000000000000e+01 0.0000000000000000e+00 1.0000000000000000e+00 6.4680510809020998e+03 0.0000000000000000e+00 2.0911415819455332e+01 1.6060000658035278e-01 0.0000000000000000e+00
4.0000000000000000e+01 1.8000000000000000e+01 0.0000000000000000e+00 2.0000000000000000e+00 6.4680510809020998e+03 0.0000000000000000e+00 2.0911415819455332e+01 2.4089999496936798e-01 0.0000000000000000e+00
4.0000000000000000e+01 1.9000000000000000e+01 0.0000000000000000e+00 1.0000000000000000e+00 6.5028511696960450e+03 0.0000000000000000e+00 2.0516924042042046e+01 2.2020000219345093e-01 0.0000000000000000e+00
4.0000000000000000e+01 1.9000000000000000e+01 0.0000000000000000e+00 2.0000000000000000e+00 6.5020510483398439e+03 0.0000000000000000e+00 2.0516924042042046e+01 2.2020000219345093e-01 0.0000000000000000e+00
4.0000000000000000e+01 2.0000000000000000e+01 0.0000000000000000e+00 1.0000000000000000e+00 6.5360514309936525e+03 0.0000000000000000e+00 2.0449550089451815e+01 3.2580000162124634e-01 0.0000000000000000e+00
4.0000000000000000e+01 2.0000000000000000e+01 0.0000000000000000e+00 2.0000000000000000e+00 6.5360514309936525e+03 0.0000000000000000e+00 2.0449550089451815e+01 1.6290000081062317e-01 0.0000000000000000e+00
4.0000000000000000e+01 2.1000000000000000e+01 0.0000000000000000e+00 1.0000000000000000e+00 6.5740515899963384e+03 0.0000000000000000e+00 2.0242827268618090e+01 5.5210000276565552e-01 0.0000000000000000e+00
4.0000000000000000e+01 2.2000000000000000e+01 0.0000000000000000e+00 1.0000000000000000e+00 6.5740515899963384e+03 0.0000000000000000e+00 1.9867768632581626e+01 4.9029999971389771e-01 0.0000000000000000e+00
4.1000000000000000e+01 1.7000000000000000e+01 0.0000000000000000e+00 1.0000000000000000e+00 6.4259506632629400e+03 0.0000000000000000e+00 1.5494610311811339e+01 1.2309999763965607e-01 0.0000000000000000e+00
4.1000000000000000e+01 1.7000000000000000e+01 0.0000000000000000e+00 2.0000000000000000e+00 6.4290506664001468e+03 0.0000000000000000e+00 1.5494610311811339e+01 2.4609999358654022e-01 0.0000000000000000e+00
4.1000000000000000e+01 1.8000000000000000e+01 0.0000000000000000e+00 1.0000000000000000e+00 6.4680510809020998e+03 0.0000000000000000e+00 1.5507180472380680e+01 1.6060000658035278e-01 0.0000000000000000e+00
4.1000000000000000e+01 1.8000000000000000e+01 0.0000000000000000e+00 2.0000000000000000e+00 6.4680510809020998e+03 0.0000000000000000e+00 1.5507180472380680e+01 2.4089999496936798e-01 0.0000000000000000e+00
4.1000000000000000e+01 1.9000000000000000e+01 0.0000000000000000e+00 1.0000000000000000e+00 6.5028511696960450e+03 0.0000000000000000e+00 1.5293773314404582e+01 2.2020000219345093e-01 0.0000000000000000e+00
4.1000000000000000e+01 1.9000000000000000e+01 0.0000000000000000e+00 2.0000000000000000e+00 6.5020510483398439e+03 0.0000000000000000e+00 1.5293773314404582e+01 2.2020000219345093e-01 0.0000000000000000e+00
4.1000000000000000e+01 2.0000000000000000e+01 0.0000000000000000e+00 1.0000000000000000e+00 6.5360514309936525e+03 0.0000000000000000e+00 1.5305439793685922e+01 3.2580000162124634e-01 0.0000000000000000e+00
4.1000000000000000e+01 2.0000000000000000e+01 0.0000000000000000e+00 2.0000000000000000e+00 6.5360514309936525e+03 0.0000000000000000e+00 1.5305439793685922e+01 1.6290000081062317e-01 0.0000000000000000e+00
4.1000000000000000e+01 2.1000000000000000e+01 0.0000000000000000e+00 1.0000000000000000e+00 6.5740515899963384e+03 0.0000000000000000e+00 1.5213263742713638e+01 5.5210000276565552e-01 0.0000000000000000e+00
4.1000000000000000e+01 2.2000000000000000e+01 0.0000000000000000e+00 1.0000000000000000e+00 6.5740515899963384e+03 0.0000000000000000e+00 1.5014866845232859e+01 4.9029999971389771e-01 0.0000000000000000e+00
4.2000000000000000e+01 1.7000000000000000e+01 0.0000000000000000e+00 1.0000000000000000e+00 6.4259506632629400e+03 0.0000000000000000e+00 1.1050869779894494e+01 1.2309999763965607e-01 0.0000000000000000e+00
4.2000000000000000e+01 1.7000000000000000e+01 0.0000000000000000e+00 2.0000000000000000e+00 6.4290506664001468e+03 0.0000000000000000e+00 1.1050869779894494e+01 2.4609999358654022e-01 0.0000000000000000e+00
4.2000000000000000e+01 1.8000000000000000e+01 0.0000000000000000e+00 1.0000000000000000e+00 6.4680510809020998e+03 0.0000000000000000e+00 1.1091951438352082e+01 1.6060000658035278e-01 0.0000000000000000e+00
4.2000000000000000e+01 1.8000000000000000e+01 0.0000000000000000e+00 2.0000000000000000e+00 6.4680510809020998e+03 0.0000000000000000e+00 1.1091951438352082e+01 2.4089999496936798e-01 0.0000000000000000e+00
4.2000000000000000e+01 1.9000000000000000e+01 0.0000000000000000e+00 1.0000000000000000e+00 6.5028511696960450e+03 0.0000000000000000e+00 1.0983544400951677e+01 2.2020000219345093e-01 0.0000000000000000e+00
4.2000000000000000e+01 1.9000000000000000e+01 0.0000000000000000e+00 2.0000000000000000e+00 6.5020510483398439e+03 0.0000000000000000e+00 1.0983544400951677e+01 2.2020000219345093e-01 0.0000000000000000e+00
4.2000000000000000e+01 2.0000000000000000e+01 0.0000000000000000e+00 1.0000000000000000e+00 6.5360514309936525e+03 0.0000000000000000e+00 1.1027175066701529e+01 3.2580000162124634e-01 0.0000000000000000e+00
4.2000000000000000e+01 2.0000000000000000e+01 0.0000000000000000e+00 2.0000000000000000e+00 6.5360514309936525e+03 0.0000000000000000e+00 1.1027175066701529e+01 1.6290000081062317e-01 0.0000000000000000e+00
4.2000000000000000e+01 2.1000000000000000e+01 0.0000000000000000e+00 1.0000000000000000e+00 6.5740515899963384e+03 0.0000000000000000e+00 1.0997511912470214e+01 5.5210000276565552e-01 0.0000000000000000e+00
4.2000000000000000e+01 2.2000000000000000e+01 0.0000000000000000e+00 1.0000000000000000e+00 6.5740515899963384e+03 0.0000000000000000e+00 1.0904680715807171e+01 4.9029999971389771e-01 0.0000000000000000e+00
4.3000000000000000e+01 1.7000000000000000e+01 0.0000000000000000e+00 1.0000000000000000e+00 6.4259506632629400e+03 0.0000000000000000e+00 7.6351327107057383e+00 1.2309999763965607e-01 0.0000000000000000e+00
4.3000000000000000e+01 1.7000000000000000e+01 0.0000000000000000e+00 2.0000000000000000e+00 6.4290506664001468e+03 0.0000000000000000e+00 7.6351327107057383e+00 2.4609999358654022e-01 0.0000000000000000e+00
4.3000000000000000e+01 1.8000000000000000e+01 0.0000000000000000e+00 1.0000000000000000e+00 6.4680510809020998e+03 0.0000000000000000e+00 7.6772277534075419e+00 1.6060000658035278e-01 0.0000000000000000e+00
4.3000000000000000e+01 1.8000000000000000e+01 0.0000000000000000e+00 2.0000000000000000e+00 6.4680510809020998e+03 0.0000000000000000e+00 7.6772277534075419e+00 2.4089999496936798e-01 0.0000000000000000e+00
4.3000000000000000e+01 1.9000000000000000e+01 0.0000000000000000e+00 1.0000000000000000e+00 6.5028511696960450e+03 0.0000000000000000e+00 7.6223267827968320e+00 2.2020000219345093e-01 0.0000000000000000e+00
4.3000000000000000e+01 1.9000000000000000e+01 0.0000000000000000e+00 2.0000000000000000e+00 6.5020510483398439e+03 0.0000000000000000e+00 7.6223267827968320e+00 2.2020000219345093e-01 0.0000000000000000e+00
4.3000000000000000e+01 2.0000000000000000e+01 0.0000000000000000e+00 1.0000000000000000e+00 6.5360514309936525e+03 0.0000000000000000e+00 7.6688043536362178e+00 3.2580000162124634e-01 0.0000000000000000e+00
4.3000000000000000e+01 2.0000000000000000e+01 0.0000000000000000e+00 2.0000000000000000e+00 6.5360514309936525e+03 0.0000000000000000e+00 7.6688043536362178e+00 1.6290000081062317e-01 0.0000000000000000e+00
4.3000000000000000e+01 2.1000000000000000e+01 0.0000000000000000e+00 1.0000000000000000e+00 6.5740515899963384e+03 0.0000000000000000e+00 7.6658693159441427e+00 5.5210000276565552e-01 0.0000000000000000e+00
4.3000000000000000e+01 2.2000000000000000e+01 0.0000000000000000e+00 1.0000000000000000e+00 6.5740515899963384e+03 0.0000000000000000e+00 7.6265660631105652e+00 4.9029999971389771e-01 0.0000000000000000e+00
4.4000000000000000e+01 1.7000000000000000e+01 0.0000000000000000e+00 1.0000000000000000e+00 6.4259506632629400e+03 0.0000000000000000e+00 5.1130455677745568e+00 1.2309999763965607e-01 0.0000000000000000e+00
4.4000000000000000e+01 1.7000000000000000e+01 0.0000000000000000e+00 2.0000000000000000e+00 6.4290506664001468e+03 0.0000000000000000e+00 5.1130455677745568e+00 2.4609999358654022e-01 0.0000000000000000e+00
4.4000000000000000e+01 1.8000000000000000e+01 0.0000000000000000e+00 1.0000000000000000e+00 6.4680510809020998e+03 0.0000000000000000e+00 5.1455211020669953e+00 1.6060000658035278e-01 0.0000000000000000e+00
4.4000000000000000e+01 1.8000000000000000e+01 0.0000000000000000e+00 2.0000000000000000e+00 6.4680510809020998e+03 0.0000000000000000e+00 5.1455211020669953e+00 2.4089999496936798e-01 0.0000000000000000e+00
4.4000000000000000e+01 1.9000000000000000e+01 0.0000000000000000e+00 1.0000000000000000e+00 6.5028511696960450e+03 0.0000000000000000e+00 5.1158787468125837e+00 2.2020000219345093e-01 0.0000000000000000e+00
4.4000000000000000e+01 1.9000000000000000e+01 0.0000000000000000e+00 2.0000000000000000e+00 6.5020510483398439e+03 0.0000000000000000e+00 5.1158787468125837e+00 2.2020000219345093e-01 0.0000000000000000e+00
4.4000000000000000e+01 2.0000000000000000e+01 0.0000000000000000e+00 1.0000000000000000e+00 6.5360514309936525e+03 0.0000000000000000e+00 5.1526544980588111e+00 3.2580000162124634e-01 0.0000000000000000e+00
4.4000000000000000e+01 2.0000000000000000e+01 0.0000000000000000e+00 2.0000000000000000e+00 6.5360514309936525e+03 0.0000000000000000e+00 5.1526544980588111e+00 1.6290000081062317e-01 0.0000000000000000e+00
4.4000000000000000e+01 2.1000000000000000e+01 0.0000000000000000e+00 1.0000000000000000e+00 6.5740515899963384e+03 0.0000000000000000e+00 5.1573087634402830e+00 5.5210000276565552e-01 0.0000000000000000e+00
4.4000000000000000e+01 2.2000000000000000e+01 0.0000000000000000e+00 1.0000000000000000e+00 6.5740515899963384e+03 0.0000000000000000e+00 5.1409912524385870e+00 4.9029999971389771e-01 0.0000000000000000e+00
4.5000000000000000e+01 1.7000000000000000e+01 0.0000000000000000e+00 1.0000000000000000e+00 6.4259506632629400e+03 0.0000000000000000e+00 3.2914822921700004e+00 1.2309999763965607e-01 0.0000000000000000e+00
4.5000000000000000e+01 1.7000000000000000e+01 0.0000000000000000e+00 2.0000000000000000e+00 6.4290506664001468e+03 0.0000000000000000e+00 3.2914822921700004e+00 2.4609999358654022e-01 0.0000000000000000e+00
4.5000000000000000e+01 1.8000000000000000e+01 0.0000000000000000e+00 1.0000000000000000e+00 6.4680510809020998e+03 0.0000000000000000e+00 3.3131751914570060e+00 1.6060000658035278e-01 0.0000000000000000e+00
4.5000000000000000e+01 1.8000000000000000e+01 0.0000000000000000e+00 2.0000000000000000e+00 6.4680510809020998e+03 0.0000000000000000e+00 3.3131751914570060e+00 2.4089999496936798e-01 0.0000000000000000e+00
4.5000000000000000e+01 1.9000000000000000e+01 0.0000000000000000e+00 1.0000000000000000e+00 6.5028511696960450e+03 0.0000000000000000e+00 3.2960056567545020e+00 2.2020000219345093e-01 0.0000000000000000e+00
4.5000000000000000e+01 1.9000000000000000e+01 0.0000000000000000e+00 2.0000000000000000e+00 6.5020510483398439e+03 0.0000000000000000e+00 3.2960056567545020e+00 2.2020000219345093e-01 0.0000000000000000e+00
4.5000000000000000e+01 2.0000000000000000e+01 0.0000000000000000e+00 1.0000000000000000e+00 6.5360514309936525e+03 0.0000000000000000e+00 3.3209196991266690e+00 3.2580000162124634e-01 0.0000000000000000e+00
4.5000000000000000e+01 2.0000000000000000e+01 0.0000000000000000e+00 2.0000000000000000e+00 6.5360514309936525e+03 0.0000000000000000e+00 3.3209196991266690e+00 1.6290000081062317e-01 0.0000000000000000e+00
4.5000000000000000e+01 2.1000000000000000e+01 0.0000000000000000e+00 1.0000000000000000e+00 6.5740515899963384e+03 0.0000000000000000e+00 3.3257056106976544e+00 5.5210000276565552e-01 0.0000000000000000e+00
4.5000000000000000e+01 2.2000000000000000e+01 0.0000000000000000e+00 1.0000000000000000e+00 6.5740515899963384e+03 0.0000000000000000e+00 3.3182314587729813e+00 4.9029999971389771e-01 0.0000000000000000e+00
4.6000000000000000e+01 1.7000000000000000e+01 0.0000000000000000e+00 1.0000000000000000e+00 6.4259506632629400e+03 0.0000000000000000e+00 1.9745899371324935e+00 1.2309999763965607e-01 0.0000000000000000e+00
4.6000000000000000e+01 1.7000000000000000e+01 0.0000000000000000e+00 2.0000000000000000e+00 6.4290506664001468e+03 0.0000000000000000e+00 1.9745899371324935e+00 2.4609999358654022e-01 0.0000000000000000e+00
4.6000000000000000e+01 1.8000000000000000e+01 0.0000000000000000e+00 1.0000000000000000e+00 6.4680510809020998e+03 0.0000000000000000e+00 1.9875667430426047e+00 1.6060000658035278e-01 0.0000000000000000e+00
4.6000000000000000e+01 1.8000000000000000e+01 0.0000000000000000e+00 2.0000000000000000e+00 6.4680510809020998e+03 0.0000000000000000e+00 1.9875667430426047e+00 2.4089999496936798e-01 0.0000000000000000e+00
4.6000000000000000e+01 1.9000000000000000e+01 0.0000000000000000e+00 1.0000000000000000e+00 6.5028511696960450e+03 0.0000000000000000e+00 1.9776559464820684e+00 2.2020000219345093e-01 0.0000000000000000e+00
4.6000000000000000e+01 1.9000000000000000e+01 0.0000000000000000e+00 2.0000000000000000e+00 6.5020510483398439e+03 0.0000000000000000e+00 1.9776559464820684e+00 2.2020000219345093e-01 0.0000000000000000e+00
4.6000000000000000e+01 2.0000000000000000e+01 0.0000000000000000e+00 1.0000000000000000e+00 6.5360514309936525e+03 0.0000000000000000e+00 1.9926434341617532e+00 3.2580000162124634e-01 0.0000000000000000e+00
4.6000000000000000e+01 2.0000000000000000e+01 0.0000000000000000e+00 2.0000000000000000e+00 6.5360514309936525e+03 0.0000000000000000e+00 1.9926434341617532e+00 1.6290000081062317e-01 0.0000000000000000e+00
4.6000000000000000e+01 2.1000000000000000e+01 0.0000000000000000e+00 1.0000000000000000e+00 6.5740515899963384e+03 0.0000000000000000e+00 1.9958051768327181e+00 5.5210000276565552e-01 0.0000000000000000e+00
4.6000000000000000e+01 2.2000000000000000e+01 0.0000000000000000e+00 1.0000000000000000e+00 6.5740515899963384e+03 0.0000000000000000e+00 1.9919756689729218e+00 4.9029999971389771e-01 0.0000000000000000e+00
4.7000000000000000e+01 1.7000000000000000e+01 0.0000000000000000e+00 1.0000000000000000e+00 6.4259506632629400e+03 0.0000000000000000e+00 9.8128561532270531e-01 1.2309999763965607e-01 0.0000000000000000e+00
4.7000000000000000e+01 1.7000000000000000e+01 0.0000000000000000e+00 2.0000000000000000e+00 6.4290506664001468e+03 0.0000000000000000e+00 9.8128561532270531e-01 2.4609999358654022e-01 0.0000000000000000e+00
4.7000000000000000e+01 1.8000000000000000e+01 0.0000000000000000e+00 1.0000000000000000e+00 6.4680510809020998e+03 0.0000000000000000e+00 9.8765356403753446e-01 1.6060000658035278e-01 0.0000000000000000e+00
4.7000000000000000e+01 1.8000000000000000e+01 0.0000000000000000e+00 2.0000000000000000e+00 6.4680510809020998e+03 0.0000000000000000e+00 9.8765356403753446e-01 2.4089999496936798e-01 0.0000000000000000e+00
4.7000000000000000e+01 1.9000000000000000e+01 0.0000000000000000e+00 1.0000000000000000e+00 6.5028511696960450e+03 0.0000000000000000e+00 9.8279576903662691e-01 2.2020000219345093e-01 0.0000000000000000e+00
4.7000000000000000e+01 1.9000000000000000e+01 0.0000000000000000e+00 2.0000000000000000e+00 6.5020510483398439e+03 0.0000000000000000e+00 9.8279576903662691e-01 2.2020000219345093e-01 0.0000000000000000e+00
4.7000000000000000e+01 2.0000000000000000e+01 0.0000000000000000e+00 1.0000000000000000e+00 6.5360514309936525e+03 0.0000000000000000e+00 9.9015978675259209e-01 3.2580000162124634e-01 0.0000000000000000e+00
4.7000000000000000e+01 2.0000000000000000e+01 0.0000000000000000e+00 2.0000000000000000e+00 6.5360514309936525e+03 0.0000000000000000e+00 9.9015978675259209e-01 1.6290000081062317e-01 0.0000000000000000e+00
4.7000000000000000e+01 2.1000000000000000e+01 0.0000000000000000e+00 1.0000000000000000e+00 6.5740515899963384e+03 0.0000000000000000e+00 9.9173630748624830e-01 5.5210000276565552e-01 0.0000000000000000e+00
4.7000000000000000e+01 2.2000000000000000e+01 0.0000000000000000e+00 1.0000000000000000e+00 6.5740515899963384e+03 0.0000000000000000e+00 9.8992769925825075e-01 4.9029999971389771e-01 0.0000000000000000e+00
