# stage fl_Kalpha_production_per_area bb_Kalpha_production_per_area fl_fraction_of_fluorescence fl_fraction_of_all_Kalpha
# stage is photoionization parent for fluorescence, emitting ion for bound-bound. Powers are sums eps*dz, all directions, before transport.
1.0000000000000000e+00 9.4393695053091033e+03 0.0000000000000000e+00 1.1253794583328950e-09 1.1253794583328950e-09
2.0000000000000000e+00 2.9064621043627954e+09 0.0000000000000000e+00 3.4651390083132258e-04 3.4651390083132258e-04
3.0000000000000000e+00 1.8180596569128665e+12 0.0000000000000000e+00 2.1675250563745060e-01 2.1675250563745060e-01
4.0000000000000000e+00 3.2448610670034297e+12 0.0000000000000000e+00 3.8685846421161374e-01 3.8685846421161374e-01
5.0000000000000000e+00 2.4328346178054834e+12 0.0000000000000000e+00 2.9004713745547944e-01 2.9004713745547944e-01
6.0000000000000000e+00 5.1441709941052209e+11 0.0000000000000000e+00 6.1329778049920208e-02 6.1329778049920208e-02
7.0000000000000000e+00 1.2335559887843390e+11 0.0000000000000000e+00 1.4706687450900454e-02 1.4706687450900454e-02
8.0000000000000000e+00 1.0935753350202467e+11 0.0000000000000000e+00 1.3037811661881745e-02 1.3037811661881745e-02
9.0000000000000000e+00 7.5376656277627106e+10 0.0000000000000000e+00 8.9865473075241200e-03 8.9865473075241200e-03
1.0000000000000000e+01 4.3239878666352448e+10 0.0000000000000000e+00 5.1551399915588277e-03 5.1551399915588277e-03
1.1000000000000000e+01 1.7137979678584267e+10 0.0000000000000000e+00 2.0432223017392897e-03 2.0432223017392897e-03
1.2000000000000000e+01 4.7247545178958302e+09 0.0000000000000000e+00 5.6329415615258218e-04 5.6329415615258218e-04
1.3000000000000000e+01 1.1292467043493528e+09 0.0000000000000000e+00 1.3463092463433199e-04 1.3463092463433199e-04
1.4000000000000000e+01 2.6690577729261738e+08 0.0000000000000000e+00 3.1821010810790386e-05 3.1821010810790386e-05
1.5000000000000000e+01 4.0377248231750913e+07 0.0000000000000000e+00 4.8138517851709750e-06 4.8138517851709750e-06
1.6000000000000000e+01 1.0934840212451128e+07 0.0000000000000000e+00 1.3036723001810321e-06 1.3036723001810321e-06
1.7000000000000000e+01 2.6544783035028060e+06 0.0000000000000000e+00 3.1647191623044610e-07 3.1647191623044610e-07
1.8000000000000000e+01 9.0739389307926976e+04 0.0000000000000000e+00 1.0818121351365473e-08 1.0818121351365473e-08
1.9000000000000000e+01 0.0000000000000000e+00 0.0000000000000000e+00 0.0000000000000000e+00 0.0000000000000000e+00
2.0000000000000000e+01 0.0000000000000000e+00 0.0000000000000000e+00 0.0000000000000000e+00 0.0000000000000000e+00
2.1000000000000000e+01 0.0000000000000000e+00 0.0000000000000000e+00 0.0000000000000000e+00 0.0000000000000000e+00
2.2000000000000000e+01 0.0000000000000000e+00 0.0000000000000000e+00 0.0000000000000000e+00 0.0000000000000000e+00
2.3000000000000000e+01 0.0000000000000000e+00 0.0000000000000000e+00 0.0000000000000000e+00 0.0000000000000000e+00
2.4000000000000000e+01 0.0000000000000000e+00 0.0000000000000000e+00 0.0000000000000000e+00 0.0000000000000000e+00
2.5000000000000000e+01 0.0000000000000000e+00 0.0000000000000000e+00 0.0000000000000000e+00 0.0000000000000000e+00
2.6000000000000000e+01 0.0000000000000000e+00 0.0000000000000000e+00 0.0000000000000000e+00 0.0000000000000000e+00
2.7000000000000000e+01 0.0000000000000000e+00 0.0000000000000000e+00 0.0000000000000000e+00 0.0000000000000000e+00
