# depth tau_ref T_K ne_cm-3 Fe_cm-3 Fe_I ... Fe_XXVII
0 5.0000000000000002e-05 86446.6796875 1208620987224971.8 32399998976 0 0 0 7.6021298864633243e-11 1.9463120310346765e-07 5.7197150727465504e-05 0.004941505341361156 0.12350596340957119 0.30959266163650884 0.32997926968823371 0.16950457424607049 0.046933749631486409 0.012214908040372402 0.0027660037911230828 0.00038674155543281955 0.00010012447847306994 1.6717793738241383e-05 3.8594785041799966e-07 0 0 0 0 0 0 0 0 0
1 0.00011294309435728921 99684.765625 1208781719150152.5 32399998976 0 0 0 3.1607105270168204e-11 9.6132122299438068e-08 3.3980124530729861e-05 0.0035573801124307788 0.10622032928301288 0.29396929719211606 0.33310572509568709 0.18555822413616116 0.05731196230516819 0.015636961481859522 0.0038429329609618317 0.00057422267246925974 0.00015732185682399943 3.0730627900251947e-05 8.4658470663465465e-07 0 0 0 0 0 0 0 0 0
2 0.00014217975690270158 102859.3828125 1208813763809391.2 32399998976 0 0 0 2.6379629800880621e-11 8.3154894784258864e-08 3.0554792632349003e-05 0.0033310885003405748 0.1031994501751925 0.29098120820878881 0.33315139423293294 0.18849116250046144 0.059523130770113765 0.016376181258308937 0.0040891287712119711 0.00061953384674082277 0.00017138795294756987 3.4698068226259934e-05 9.9304274690918263e-07 0 0 0 0 0 0 0 0 0
3 0.00017898467708846383 105975.90625 1208843041009512 32399998976 0 0 0 2.2328689263659747e-11 7.2767042411198351e-08 2.7722597326788262e-05 0.0031388936794514545 0.10061998145169324 0.28839712516415605 0.333003704351722 0.19100795862938733 0.06154670416740201 0.017051814859909212 0.0043186272969837763 0.00066269890983344706 0.00018484506757041202 3.8727532088178792e-05 1.1488416682635828e-06 0 0 0 0 0 0 0 0 0
4 0.00022531698836976251 108955.4453125 1208868775960774 32399998976 0 0 0 1.9236572221642387e-11 6.4614561262818239e-08 2.5439196405856085e-05 0.0029810904645875503 0.098530089039963312 0.28632513695052286 0.33270706039172931 0.1930328396810379 0.063302338790789961 0.017633418828908051 0.0045201808836007789 0.00070148360241725956 0.00019697199696602855 4.2603766778588186e-05 1.305825145668923e-06 0 0 0 0 0 0 0 0 0
5 0.00028364296918516406 111896.234375 1208892096342852.2 32399998976 0 0 0 1.676962664066569e-11 5.7951790086288829e-08 2.3531671268408377e-05 0.0028479131764278733 0.096826393183648968 0.28470095912141302 0.3322908865514157 0.19464880022593739 0.064837959580063914 0.018134056869422044 0.004697303358334526 0.00073641428253358725 0.00020791009916357845 4.6360144212123075e-05 1.4652066504974766e-06 0 0 0 0 0 0 0 0 0
6 0.00035706732346406941 114968.171875 1208914272985855.8 32399998976 0 0 0 1.4674718896678983e-11 5.2168607123563769e-08 2.1843623375551554e-05 0.0027294255183620904 0.095392974866740934 0.2834335062418491 0.33175388702827102 0.19595865113153269 0.066234052463693516 0.01857870873532709 0.0048579907708204487 0.00076900409837840113 0.00021811261491812709 5.0155904362952042e-05 1.6341108326237886e-06 0 0 0 0 0 0 0 0 0
7 0.00044949844465407278 117844.921875 1208932247756309.5 32399998976 0 0 0 1.3098468438889709e-11 4.7759871873790011e-08 2.0549402655635443e-05 0.0026408897130947859 0.09450295607317985 0.2828925561012956 0.33115908207120059 0.19665144720281116 0.067220877186240063 0.018870574423563834 0.0049680727496082249 0.00079244761763785064 0.00022542840218637913 5.3282405233369846e-05 1.7823366413558622e-06 0 0 0 0 0 0 0 0 0
8 0.00056585646030632127 120694.4296875 1208947337404360.8 32399998976 0 0 0 0 4.4209799062121855e-08 1.9508953162875556e-05 0.0025735205751631195 0.094065749145781696 0.28302577092032066 0.33049774871696591 0.19680108078778724 0.067860213502742545 0.019027488996424344 0.0050332233689512574 0.0008077499020720957 0.00023015506900243181 5.5824029542092784e-05 1.9126953058574491e-06 0 0 0 0 0 0 0 0 0
9 0.00071233513147484959 123447.0859375 1208958504368286.2 32399998976 0 0 0 0 4.1485281265244388e-08 1.8740860931809926e-05 0.0025307719318367426 0.094188004952114726 0.28401838724798856 0.32978470968208468 0.19627044965990556 0.06803984807632113 0.019007654921723415 0.0050386969493711629 0.00081188940837576397 0.00023134378817580369 5.743557666092687e-05 2.0089306542933461e-06 0 0 0 0 0 0 0 0 0
10 0.00089673154788866998 126076.4140625 1208965073231233.2 32399998976 0 0 0 0 3.9561563821006414e-08 1.8248181518090674e-05 0.0025150899560324727 0.094971523001569122 0.28605576805312055 0.3290126010157069 0.19492528023467554 0.067662595718719076 0.018775749729208879 0.0049725418855519413 0.0008024379883239661 0.00022824713684336631 5.7828855994344087e-05 2.0566826341973384e-06 0 0 0 0 0 0 0 0 0
11 0.0011288611686382918 128655.6640625 1208966880752429 32399998976 0 0 0 0 3.8304518656166814e-08 1.8007953887041504e-05 0.0025272102033291124 0.096508937371146658 0.28930965457571256 0.32812532395062755 0.19264465201444825 0.066668438650261772 0.01831101489970615 0.0048288826217523393 0.00077833866657465414 0.00022057696684786462 5.6886518001598596e-05 2.0496575704931643e-06 0 0 0 0 0 0 0 0 0
12 0.0014210803010775955 130880.5 1208960697850173.8 32399998976 0 0 0 0 3.8083687860809715e-08 1.817017032735353e-05 0.0025829435384238947 0.099152935479401419 0.29426132683097528 0.32708334070781914 0.1890300425174927 0.064773331429873196 0.017522619813060577 0.0045787719965636586 0.00073392983801062208 0.00020666790776629438 5.3939006334368597e-05 1.9548546591721151e-06 0 0 0 0 0 0 0 0 0
13 0.0017889438296002421 132756.671875 1208945332637781 32399998976 0 0 0 0 3.8969280235264354e-08 1.8790587013628428e-05 0.0026914057640740588 0.10318041610051686 0.30126020902748313 0.32569348189846065 0.18378869519134641 0.061858072078477343 0.016384126937572407 0.0042183418617154963 0.00066901940386036635 0.00018662786083663364 4.8994773925020016e-05 1.7724212553595232e-06 0 0 0 0 0 0 0 0 0
14 0.0022520332053283681 134250.453125 1208918901988757.5 32399998976 0 0 0 0 4.1232049893241997e-08 2.0003227869855104e-05 0.0028698010783542068 0.10904156789069647 0.31078227155064958 0.32360799837575899 0.17649519175095915 0.057774386023486765 0.014872113062624807 0.0037473783900406009 0.00058453977156076311 0.00016097653286543115 4.2221795315898718e-05 1.5113193436581294e-06 0 0 0 0 0 0 0 0 0
15 0.0028349987707746403 135066.796875 1208877171333314 32399998976 0 0 0 0 4.5726488899810808e-08 2.2164582104831236e-05 0.0031567230627310007 0.11755519581409014 0.32353072429924262 0.32021814740442539 0.16646338896476884 0.052284390788247412 0.012955154977348109 0.0031666366432912324 0.00048195563251612861 0.00013046529733322422 3.3849777304388025e-05 1.1841198217179371e-06 0 0 0 0 0 0 0 0 0
16 0.0035688719026333443 135005.28125 1208815907351177.5 32399998976 0 0 0 1.2929834047792895e-11 5.3856270690839386e-08 2.5856443718425874e-05 0.0036132151759238375 0.12991522385904905 0.34017834161551302 0.31438299067679576 0.15292851051230849 0.045289348591860894 0.010672087250870906 0.0025031808198536162 0.00036817053632736508 9.7480890426556539e-05 2.4716997308956951e-05 8.322034505274495e-07 0 0 0 0 0 0 0 0 0
17 0.0044927168183305803 133755.03125 1208729175236794.2 32399998976 0 0 0 1.6662541084544182e-11 6.8817148382041209e-08 3.2313388366941654e-05 0.0043588001377596096 0.14812487579258868 0.36125532796066223 0.3040982061542149 0.13501339290906525 0.036842094991552631 0.0081328427261737942 0.0018063899336340523 0.0002538733104927861 6.537586626373108e-05 1.5955291785130209e-05 5.0719384334422444e-07 0 0 0 0 0 0 0 0 0
18 0.0056557099723352402 130900.6015625 1208608876524815.8 32399998976 0 0 0 2.4335912959885116e-11 9.8451269930122693e-08 4.4411151094969712e-05 0.0056467340056251735 0.17567063468786204 0.38646459690554774 0.28596765348243447 0.11199098823082629 0.027318347530061356 0.005548219434610392 0.0011489653449549542 0.00015242339987906053 3.7935248112521422e-05 8.7442064877798586e-06 2.5615514165849912e-07 0 0 0 0 0 0 0 0 0
19 0.0071197577289231762 125874.3984375 1208443036974429.5 32399998976 0 0 0 4.269355048453321e-11 1.6605734514020745e-07 7.0028212089780526e-05 0.0080901375396389141 0.21897147161193786 0.41274878143996147 0.2546751606415853 0.083919046602873568 0.017591714136231954 0.003223242817919773 0.00061236477244017054 7.5820048692584255e-05 1.8102344322123474e-05 3.9496026159009611e-06 0 0 0 0 0 0 0 0 0 0
20 0.008962791650653017 118014.2734375 1208211224114641.5 32399998976 0 0 0 9.9152489322131347e-11 3.5997472323075977e-07 0.000135880482689556 0.013440346103793655 0.29024838448192425 0.42886483528264169 0.20351248445669087 0.052938229821257635 0.0090864002871751202 0.0014806546146972322 0.00025524017781993646 2.926920810097744e-05 6.6291938823547692e-06 1.2914246606532563e-06 0 0 0 0 0 0 0 0 0 0
21 0.011282916811435539 106541.0078125 1207868062020253 32399998976 0 0 0 3.6437911347813059e-10 1.1740147940491095e-06 0.00036851504251109271 0.028108075950082401 0.41137892855716118 0.40200920184127847 0.12960596952828743 0.024655582013806049 0.0033003408450478096 0.00048602402770643843 7.6217540989097587e-05 8.0200209903549851e-06 1.683527855098226e-06 2.8339875204799716e-07 0 0 0 0 0 0 0 0 0 0
22 0.01420363394975265 91240.2109375 1207301947464612 32399998976 0 0 0 2.9200235244732298e-09 7.6467956699172457e-06 0.001747927339193753 0.084215461427056562 0.58812158698260819 0.26720765684014325 0.051110377911636633 0.0067557616949969132 0.00071332008427283235 0.00010394079803812893 1.464393082547485e-05 1.3626371235058771e-06 2.9275777925641146e-07 0 0 0 0 0 0 0 0 0 0 0
23 0.017880413438313557 78589.0625 1206439664463113 32399998976 0 0 0 5.273359211042888e-08 0.00010583979501172685 0.015090137760873489 0.34900781349950621 0.5539829429406955 0.069348497994224129 0.011356669988556483 0.00096716416636963287 0.00012449319066299466 1.4165633163753345e-05 2.0618215350711497e-06 1.7637541683516701e-07 0 0 0 0 0 0 0 0 0 0 0 0
24 0.022508971003902256 73634.4765625 1205739818872527.8 32399998976 0 0 3.1905795082762928e-11 8.0460409564551219e-07 0.0012424210269209607 0.089860696173375096 0.76860816651403585 0.12703581636063815 0.010338538598353812 0.0026810553933765656 0.00020894591709754996 2.1114846346345761e-05 2.0333341209763624e-06 3.9395332285019819e-07 0 0 0 0 0 0 0 0 0 0 0 0 0
25 0.028335685715682145 70106.1015625 1205067183395136.8 32399998976 0 0 1.695758829495873e-09 3.7439569084509841e-05 0.039263890623648892 0.60542364777635227 0.31909604564056637 0.031992277554323836 0.0033047801044473711 0.0007963904572686367 8.018880654670796e-05 4.696429546578514e-06 6.6308387563542125e-07 0 0 0 0 0 0 0 0 0 0 0 0 0 0
26 0.035670714793613501 67820.2578125 1204566446163519.2 32399998976 0 0 1.0839992315997811e-08 0.00021162341718217219 0.14702892711597595 0.79522262266382615 0.037999953793578789 0.017837391181033599 0.0013589521417150306 0.0003034373244049327 3.4845178570415524e-05 1.9755769576926175e-06 2.3783075248721037e-07 0 0 0 0 0 0 0 0 0 0 0 0 0 0
27 0.044904503340927368 66865.625 1204509578134919 32399998976 0 0 4.3083995504953595e-08 0.0007537155176482929 0.35935650320929197 0.60263084571277736 0.02511019141089 0.011070482325190553 0.00084304298960728458 0.00020890150351589938 2.5024885050169206e-05 1.138723150379707e-06 1.4193199659408486e-07 0 0 0 0 0 0 0 0 0 0 0 0 0 0
28 0.056528567817104011 65645.421875 1204431563290636.8 32399998976 0 0 1.2519181466187135e-07 0.0018976191957766066 0.63130095032259792 0.34230677625068329 0.017152865727300449 0.0066909142855400066 0.00049830729969958874 0.00013568537465869827 1.6034610846279059e-05 7.1573090476232421e-07 0 0 0 0 0 0 0 0 0 0 0 0 0 0 0
29 0.071161659559888027 64511.5390625 1204362859645262.5 32399998976 0 0 2.2609455567976786e-07 0.0028516129296312235 0.71049926196145818 0.2688819917078753 0.012475028542420654 0.0047880850895987382 0.00038112843797146666 0.00010938424728424288 1.2786830072336852e-05 4.8608924219352525e-07 0 0 0 0 0 0 0 0 0 0 0 0 0 0 0
30 0.089582701045986549 63315.421875 1204309331693274.5 32399998976 0 0 3.9294402052286343e-07 0.0038707704927058327 0.74897309231322362 0.23378589183323312 0.0093270709120654507 0.0036206490033192772 0.00031668862112003542 9.4241893410607994e-05 1.0845374571162456e-05 3.5055014852049119e-07 0 0 0 0 0 0 0 0 0 0 0 0 0 0 0
31 0.11277224809436727 61695.546875 1204237208539533.5 32399998976 0 2.1853811245464458e-11 8.1395468187853685e-07 0.0056458544994245369 0.78927432025360811 0.19493008418544464 0.0070262170121866115 0.0027666467541063665 0.00026641278619773744 8.0379809639164357e-05 9.0166746676874953e-06 2.5196788159652119e-07 0 0 0 0 0 0 0 0 0 0 0 0 0 0 0
32 0.14196468505374779 59299.76953125 1204105665520346.8 32399998976 0 1.0580565768555567e-10 2.4562380213020905e-06 0.009998861550581304 0.83780269314536904 0.14455740506255502 0.0052510796721328881 0.0020931546340552574 0.00022143204403538312 6.5636236642330439e-05 7.0864035804468288e-06 1.745226170379498e-07 0 0 0 0 0 0 0 0 0 0 0 0 0 0 0
33 0.178713931334818 54777.99609375 1203665857587417.2 32399998976 0 2.1538322927304126e-09 2.1737795825910585e-05 0.032256933365157399 0.89155283410339825 0.070768452607002943 0.0036973897464854045 0.0014776546146024175 0.00017249281409360004 4.7561529280956974e-05 4.910569544263814e-06 0 0 0 0 0 0 0 0 0 0 0 0 0 0 0 0
34 0.22497615685939132 45838.65625 1198544982493397.2 32399998976 0 1.3339346800407847e-06 0.0026334366264394787 0.3308491956416536 0.65526280391941705 0.0083122303861643178 0.0020149519155342826 0.0007963688523296823 0.00010207879952249046 2.5098042845691231e-05 2.4798098500444268e-06 0 0 0 0 0 0 0 0 0 0 0 0 0 0 0 0
35 0.28321390938681934 41614.9375 1183886860264523.2 32399998976 3.2237098087920688e-10 0.00017187657950622277 0.14947390102040972 0.59442120989775671 0.25115348546855459 0.0030714638007771277 0.0011771446051048171 0.00046207013806048831 5.5134183841277912e-05 1.2424736117991661e-05 1.3094421573805036e-06 0 0 0 0 0 0 0 0 0 0 0 0 0 0 0 0
36 0.35652719643662667 41169.453125 1180918737695082.2 32399998976 4.4243107533916279e-10 0.00023326837156996335 0.1918262105071 0.59513693535247603 0.20905744463193898 0.0023909346434665764 0.0009273747823960425 0.00037290525869922793 4.4186301550826322e-05 9.7458317123373976e-06 1.0224639255854432e-06 0 0 0 0 0 0 0 0 0 0 0 0 0 0 0 0
37 0.44881849932500789 40932.78125 1179198787718482.2 32399998976 5.0540348755497588e-10 0.00026566219975426213 0.21257406301468643 0.59517599905741425 0.18903130671506352 0.0018768026519088246 0.00073135755397870793 0.00030063056505696598 3.5627979521081822e-05 7.7498729301194409e-06 8.0653654375788487e-07 0 0 0 0 0 0 0 0 0 0 0 0 0 0 0 0
38 0.56500050304621841 40733.19140625 1177663927937348 32399998976 5.6222517118585494e-10 0.00029484744759024031 0.23065148778355318 0.59374164049356293 0.17303004201181368 0.0014471143667236146 0.00056419119067073389 0.00023613982227799931 2.7918677579898947e-05 5.9979896764488091e-06 6.1874678019570111e-07 0 0 0 0 0 0 0 0 0 0 0 0 0 0 0 0
39 0.7112575995030801 40543.16015625 1176135245927228.8 32399998976 6.2196356772871059e-10 0.00032461732507432534 0.24858087501687703 0.59094390805946173 0.15843358525419726 0.0010884652195860612 0.00042291532200818796 0.00017959860135521505 2.1117080142712658e-05 4.4830614842794742e-06 4.5844566790600728e-07 0 0 0 0 0 0 0 0 0 0 0 0 0 0 0 0
40 0.89537508395722876 40328.53515625 1174318882766552.2 32399998976 6.9906955149792494e-10 0.00036050673978885498 0.26953845790146236 0.58592447481440313 0.14292469389984216 0.00079436521029104857 0.00030684291093231915 0.00013177719552283482 1.5335182776334173e-05 3.2146552906421917e-06 3.2605687066611753e-07 0 0 0 0 0 0 0 0 0 0 0 0 0 0 0 0
41 1.127153567893713 40046.7421875 1171813840483829.8 32399998976 8.186511310241828e-10 0.00041149917967207286 0.29819452991824685 0.57635728043795853 0.12415565824491957 0.00055962415348935598 0.00021521696667846217 9.3143305412924225e-05 1.0642221594062806e-05 2.1967643923452696e-06 2.2106967852395378e-07 0 0 0 0 0 0 0 0 0 0 0 0 0 0 0 0
42 1.4189306675817837 39649.20703125 1168012959550923.8 32399998976 1.0258531305966969e-09 0.00049168421307051343 0.34098534213484538 0.55744336774142 0.100483005644895 0.00037850161690079184 0.00014605985029522489 6.3433694134447621e-05 7.0264826680592057e-06 1.420019576129631e-06 1.4155581827776381e-07 0 0 0 0 0 0 0 0 0 0 0 0 0 0 0 0
43 1.7862377379210321 39086.76171875 1162124054507729.2 32399998976 1.40728495771681e-09 0.00062210588385914892 0.40551870911269006 0.52103482535616241 0.072436561301698732 0.00024478883489702984 9.6026746862079904e-05 4.1630417982393454e-05 4.3921427892763648e-06 9.4488900599209155e-07 0 0 0 0 0 0 0 0 0 0 0 0 0 0 0 0 0
44 2.2486266096502892 38312.80859375 1153268700746646 32399998976 2.1456799184512582e-09 0.00083228447074874378 0.49825667154984049 0.45685774085871378 0.043811398915520758 0.0001514792177504543 6.1036244212997348e-05 2.6254865798919215e-05 2.5825552995998961e-06 5.2889751717520011e-07 0 0 0 0 0 0 0 0 0 0 0 0 0 0 0 0 0
45 2.8307103373105917 37275.63671875 1140749988781126.8 32399998976 3.6840731996295917e-09 0.001161119542869951 0.61975888971089821 0.35859068392582905 0.02034522335905891 8.9625627832612433e-05 3.707616629524674e-05 1.573500917785955e-05 1.4126622022474104e-06 2.6863111088727976e-07 0 0 0 0 0 0 0 0 0 0 0 0 0 0 0 0 0
46 3.563473357189892 35846.6953125 1124546496327701.8 32399998976 7.4967761113202734e-09 0.0016771484480679016 0.76113271343826849 0.23109371989629535 0.0060171927827655991 4.9098103403594379e-05 2.0685666163028463e-05 8.6311933669241362e-06 8.1541645863495511e-07 0 0 0 0 0 0 0 0 0 0 0 0 0 0 0 0 0 0
47 4.4859207952257929 33324.19140625 1105489840424455.9 32399998976 2.3558551920661295e-08 0.0027372704568816341 0.91054171371588621 0.086194017538971421 0.00049297939829663281 2.0982822808222547e-05 8.9850928765658991e-06 3.6921707378328037e-06 3.0729233903153568e-07 0 0 0 0 0 0 0 0 0 0 0 0 0 0 0 0 0 0
