# Selected line escape depth profiles  iter=25
# Selection: representative escape-physics cases from the per-line summary.
# Selected 1: strongest escaped line; ip=7630; escaped/thin=8.044696e-01; heat_dest/thin=1.954549e-01; label=O  8                18.9689A 
# Selected 2: strongest continuum-destroyed line; ip=7635; escaped/thin=6.618249e-01; heat_dest/thin=3.381619e-01; label=O  8                16.0059A 
# Selected 3: strong line with strong escape attenuation; ip=147879; escaped/thin=2.541495e-01; heat_dest/thin=6.908360e-03; label=Ne 8                770.428A 
# Selected 4: strong line with weak escape attenuation; ip=20397; escaped/thin=9.982693e-01; heat_dest/thin=1.548341e-03; label=O  7                21.8070A 
# Col 1: selected_index
# Col 2: depth index
# Col 3: tau_mid [Thomson]
# Col 4: line_ip [Cloudy LineSave index]
# Col 5: E_eV
# Col 6: thin_line_power [erg cm^-3 s^-1]
# Col 7: escaped_line_power [erg cm^-3 s^-1]
# Col 8: escaped/thin
# Col 9: continuum_destroyed_heat [erg cm^-3 s^-1]
# Col 10: mean_beta [thin-power weighted in this depth]
# Col 11: mean_Pelec [thin-power weighted in this depth]
# Col 12: mean_Pdest [thin-power weighted in this depth]
# Col 13: mean_y [thin-power weighted in this depth]
# Col 14: Cloudy_label
# Col 15: Cloudy_comment
1	0	5.000000000e-05	7630	6.525174424e+02	2.559485265e+06	2.505593431e+06	9.789442686e-01	5.387061541e+04	9.121890177e-03	2.979585089e-06	1.961859987e-04	7.800227689e-08	O  8                18.9689A 	H-like,   1^2S -   2^2P
1	1	1.036207095e-04	7630	6.525174424e+02	2.553158508e+06	2.433564402e+06	9.531583703e-01	1.195471178e+05	4.010647612e-03	3.008155650e-06	1.971679806e-04	7.782377874e-08	O  8                18.9689A 	H-like,   1^2S -   2^2P
1	2	1.115908585e-04	7630	6.525174424e+02	2.552242150e+06	2.426614892e+06	9.507776889e-01	1.255779088e+05	3.807617010e-03	3.009736567e-06	1.972008578e-04	7.780581859e-08	O  8                18.9689A 	H-like,   1^2S -   2^2P
1	3	1.212012520e-04	7630	6.525174424e+02	2.551152465e+06	2.418522137e+06	9.480116025e-01	1.325782411e+05	3.594979044e-03	3.011507661e-06	1.972341917e-04	7.778465627e-08	O  8                18.9689A 	H-like,   1^2S -   2^2P
1	4	1.328737663e-04	7630	6.525174424e+02	2.549852831e+06	2.409068699e+06	9.447873500e-01	1.407288572e+05	3.373910487e-03	3.013489512e-06	1.972673723e-04	7.775968844e-08	O  8                18.9689A 	H-like,   1^2S -   2^2P
1	5	1.471633453e-04	7630	6.525174424e+02	2.548285445e+06	2.397974484e+06	9.410148650e-01	1.502519644e+05	3.145825356e-03	3.015725756e-06	1.972996633e-04	7.772990237e-08	O  8                18.9689A 	H-like,   1^2S -   2^2P
1	6	1.648073531e-04	7630	6.525174424e+02	2.546382840e+06	2.384894791e+06	9.365813946e-01	1.614246891e+05	2.912344471e-03	3.018260649e-06	1.973300979e-04	7.769415629e-08	O  8                18.9689A 	H-like,   1^2S -   2^2P
1	7	1.867956579e-04	7630	6.525174424e+02	2.544055926e+06	2.369390635e+06	9.313437692e-01	1.745967926e+05	2.675246601e-03	3.021144831e-06	1.973574771e-04	7.765102929e-08	O  8                18.9689A 	H-like,   1^2S -   2^2P
1	8	2.144710388e-04	7630	6.525174424e+02	2.541187530e+06	2.350897187e+06	9.251175520e-01	1.902157583e+05	2.436421320e-03	3.024441183e-06	1.973803993e-04	7.759869187e-08	O  8                18.9689A 	H-like,   1^2S -   2^2P
1	9	2.496742590e-04	7630	6.525174424e+02	2.537642173e+06	2.328698226e+06	9.176621709e-01	2.088621056e+05	2.197840330e-03	3.028178319e-06	1.973969945e-04	7.753539476e-08	O  8                18.9689A 	H-like,   1^2S -   2^2P
1	10	2.949553781e-04	7630	6.525174424e+02	2.533219337e+06	2.301835428e+06	9.086601362e-01	2.312933499e+05	1.961544515e-03	3.032423323e-06	1.974048951e-04	7.745835187e-08	O  8                18.9689A 	H-like,   1^2S -   2^2P
1	11	3.538838593e-04	7630	6.525174424e+02	2.527719058e+06	2.269110680e+06	8.976910121e-01	2.585072590e+05	1.729700883e-03	3.037079655e-06	1.974012750e-04	7.736612022e-08	O  8                18.9689A 	H-like,   1^2S -   2^2P
1	12	4.315067055e-04	7630	6.525174424e+02	2.520826242e+06	2.228910356e+06	8.841983311e-01	2.918018688e+05	1.504649515e-03	3.042073156e-06	1.973821970e-04	7.725579270e-08	O  8                18.9689A 	H-like,   1^2S -   2^2P
1	13	5.350291033e-04	7630	6.525174424e+02	2.512046698e+06	2.179089527e+06	8.674558193e-01	3.328272949e+05	1.288991812e-03	3.047374742e-06	1.973420102e-04	7.712209429e-08	O  8                18.9689A 	H-like,   1^2S -   2^2P
1	14	6.748299957e-04	7630	6.525174424e+02	2.500794964e+06	2.117030638e+06	8.465430666e-01	3.836148608e+05	1.085628496e-03	3.052608739e-06	1.972735976e-04	7.696148463e-08	O  8                18.9689A 	H-like,   1^2S -   2^2P
1	15	8.659814056e-04	7630	6.525174424e+02	2.486311039e+06	2.039637846e+06	8.203470176e-01	4.464995282e+05	8.976172582e-04	3.056924099e-06	1.971676483e-04	7.677223827e-08	O  8                18.9689A 	H-like,   1^2S -   2^2P
1	16	1.130522829e-03	7630	6.525174424e+02	2.467585526e+06	1.943528158e+06	7.876234226e-01	5.238539945e+05	7.278683797e-04	3.058642607e-06	1.970123452e-04	7.655645732e-08	O  8                18.9689A 	H-like,   1^2S -   2^2P
1	17	1.500859898e-03	7630	6.525174424e+02	2.443622304e+06	1.825767673e+06	7.471562482e-01	6.176152495e+05	5.787055079e-04	3.053724075e-06	1.967957800e-04	7.633564666e-08	O  8                18.9689A 	H-like,   1^2S -   2^2P
1	18	2.024819479e-03	7630	6.525174424e+02	2.412493765e+06	1.684048792e+06	6.980531168e-01	7.281630234e+05	4.514218711e-04	3.036423272e-06	1.965024572e-04	7.613665365e-08	O  8                18.9689A 	H-like,   1^2S -   2^2P
1	19	2.773108397e-03	7630	6.525174424e+02	2.370710225e+06	1.517729452e+06	6.402003229e-01	8.526505382e+05	3.460963841e-04	2.998157111e-06	1.961190435e-04	7.599921469e-08	O  8                18.9689A 	H-like,   1^2S -   2^2P
1	20	3.850187572e-03	7630	6.525174424e+02	2.312118783e+06	1.328949593e+06	5.747756570e-01	9.827876196e+05	2.616393979e-04	2.925476641e-06	1.956515768e-04	7.599741920e-08	O  8                18.9689A 	H-like,   1^2S -   2^2P
1	21	5.409864479e-03	7630	6.525174424e+02	2.224627413e+06	1.122609197e+06	5.046279619e-01	1.101588004e+06	1.961121487e-04	2.799677760e-06	1.951871429e-04	7.625805733e-08	O  8                18.9689A 	H-like,   1^2S -   2^2P
1	22	7.677164277e-03	7630	6.525174424e+02	2.082641838e+06	9.046995029e+05	4.343999464e-01	1.177477892e+06	1.473323886e-04	2.599965039e-06	1.951388623e-04	7.699695631e-08	O  8                18.9689A 	H-like,   1^2S -   2^2P
1	23	1.097814684e-02	7630	6.525174424e+02	1.829902474e+06	6.782149449e+05	3.706290114e-01	1.151229221e+06	1.139660309e-04	2.318244251e-06	1.973855877e-04	7.860449971e-08	O  8                18.9689A 	H-like,   1^2S -   2^2P
1	24	1.577910526e-02	7630	6.525174424e+02	1.351162049e+06	4.355923786e+05	3.223835209e-01	9.152161487e+05	9.898401168e-05	2.010663239e-06	2.121982890e-04	8.199169570e-08	O  8                18.9689A 	H-like,   1^2S -   2^2P
1	25	2.273575798e-02	7630	6.525174424e+02	5.203422763e+05	1.453208961e+05	2.792794333e-01	3.749221453e+05	1.315593365e-04	2.151043312e-06	3.449674742e-04	9.135018711e-08	O  8                18.9689A 	H-like,   1^2S -   2^2P
1	26	3.275136024e-02	7630	6.525174424e+02	2.726280270e+04	9.058854817e+03	3.322789266e-01	1.820175905e+04	4.879170005e-04	9.034389381e-06	9.985135694e-04	1.202548624e-07	O  8                18.9689A 	H-like,   1^2S -   2^2P
1	27	4.703993334e-02	7630	6.525174424e+02	0.000000000e+00	0.000000000e+00	0.000000000e+00	0.000000000e+00	0.000000000e+00	0.000000000e+00	0.000000000e+00	0.000000000e+00	O  8                18.9689A 	H-like,   1^2S -   2^2P
1	28	6.718712424e-02	7630	6.525174424e+02	0.000000000e+00	0.000000000e+00	0.000000000e+00	0.000000000e+00	0.000000000e+00	0.000000000e+00	0.000000000e+00	0.000000000e+00	O  8                18.9689A 	H-like,   1^2S -   2^2P
1	29	9.519709451e-02	7630	6.525174424e+02	0.000000000e+00	0.000000000e+00	0.000000000e+00	0.000000000e+00	0.000000000e+00	0.000000000e+00	0.000000000e+00	0.000000000e+00	O  8                18.9689A 	H-like,   1^2S -   2^2P
1	30	1.335103690e-01	7630	6.525174424e+02	0.000000000e+00	0.000000000e+00	0.000000000e+00	0.000000000e+00	0.000000000e+00	0.000000000e+00	0.000000000e+00	0.000000000e+00	O  8                18.9689A 	H-like,   1^2S -   2^2P
1	31	1.849762535e-01	7630	6.525174424e+02	0.000000000e+00	0.000000000e+00	0.000000000e+00	0.000000000e+00	0.000000000e+00	0.000000000e+00	0.000000000e+00	0.000000000e+00	O  8                18.9689A 	H-like,   1^2S -   2^2P
1	32	2.527657751e-01	7630	6.525174424e+02	0.000000000e+00	0.000000000e+00	0.000000000e+00	0.000000000e+00	0.000000000e+00	0.000000000e+00	0.000000000e+00	0.000000000e+00	O  8                18.9689A 	H-like,   1^2S -   2^2P
1	33	3.402179820e-01	7630	6.525174424e+02	0.000000000e+00	0.000000000e+00	0.000000000e+00	0.000000000e+00	0.000000000e+00	0.000000000e+00	0.000000000e+00	0.000000000e+00	O  8                18.9689A 	H-like,   1^2S -   2^2P
1	34	4.506234582e-01	7630	6.525174424e+02	0.000000000e+00	0.000000000e+00	0.000000000e+00	0.000000000e+00	0.000000000e+00	0.000000000e+00	0.000000000e+00	0.000000000e+00	O  8                18.9689A 	H-like,   1^2S -   2^2P
1	35	5.869620577e-01	7630	6.525174424e+02	0.000000000e+00	0.000000000e+00	0.000000000e+00	0.000000000e+00	0.000000000e+00	0.000000000e+00	0.000000000e+00	0.000000000e+00	O  8                18.9689A 	H-like,   1^2S -   2^2P
1	36	7.516239272e-01	7630	6.525174424e+02	0.000000000e+00	0.000000000e+00	0.000000000e+00	0.000000000e+00	0.000000000e+00	0.000000000e+00	0.000000000e+00	0.000000000e+00	O  8                18.9689A 	H-like,   1^2S -   2^2P
1	37	9.461503594e-01	7630	6.525174424e+02	0.000000000e+00	0.000000000e+00	0.000000000e+00	0.000000000e+00	0.000000000e+00	0.000000000e+00	0.000000000e+00	0.000000000e+00	O  8                18.9689A 	H-like,   1^2S -   2^2P
1	38	1.171031408e+00	7630	6.525174424e+02	0.000000000e+00	0.000000000e+00	0.000000000e+00	0.000000000e+00	0.000000000e+00	0.000000000e+00	0.000000000e+00	0.000000000e+00	O  8                18.9689A 	H-like,   1^2S -   2^2P
1	39	1.425589932e+00	7630	6.525174424e+02	0.000000000e+00	0.000000000e+00	0.000000000e+00	0.000000000e+00	0.000000000e+00	0.000000000e+00	0.000000000e+00	0.000000000e+00	O  8                18.9689A 	H-like,   1^2S -   2^2P
1	40	1.707968475e+00	7630	6.525174424e+02	0.000000000e+00	0.000000000e+00	0.000000000e+00	0.000000000e+00	0.000000000e+00	0.000000000e+00	0.000000000e+00	0.000000000e+00	O  8                18.9689A 	H-like,   1^2S -   2^2P
1	41	2.015219349e+00	7630	6.525174424e+02	0.000000000e+00	0.000000000e+00	0.000000000e+00	0.000000000e+00	0.000000000e+00	0.000000000e+00	0.000000000e+00	0.000000000e+00	O  8                18.9689A 	H-like,   1^2S -   2^2P
1	42	2.343483267e+00	7630	6.525174424e+02	0.000000000e+00	0.000000000e+00	0.000000000e+00	0.000000000e+00	0.000000000e+00	0.000000000e+00	0.000000000e+00	0.000000000e+00	O  8                18.9689A 	H-like,   1^2S -   2^2P
1	43	2.688230813e+00	7630	6.525174424e+02	0.000000000e+00	0.000000000e+00	0.000000000e+00	0.000000000e+00	0.000000000e+00	0.000000000e+00	0.000000000e+00	0.000000000e+00	O  8                18.9689A 	H-like,   1^2S -   2^2P
1	44	3.044535775e+00	7630	6.525174424e+02	0.000000000e+00	0.000000000e+00	0.000000000e+00	0.000000000e+00	0.000000000e+00	0.000000000e+00	0.000000000e+00	0.000000000e+00	O  8                18.9689A 	H-like,   1^2S -   2^2P
1	45	3.407349704e+00	7630	6.525174424e+02	0.000000000e+00	0.000000000e+00	0.000000000e+00	0.000000000e+00	0.000000000e+00	0.000000000e+00	0.000000000e+00	0.000000000e+00	O  8                18.9689A 	H-like,   1^2S -   2^2P
1	46	3.771752001e+00	7630	6.525174424e+02	0.000000000e+00	0.000000000e+00	0.000000000e+00	0.000000000e+00	0.000000000e+00	0.000000000e+00	0.000000000e+00	0.000000000e+00	O  8                18.9689A 	H-like,   1^2S -   2^2P
1	47	4.133157402e+00	7630	6.525174424e+02	0.000000000e+00	0.000000000e+00	0.000000000e+00	0.000000000e+00	0.000000000e+00	0.000000000e+00	0.000000000e+00	0.000000000e+00	O  8                18.9689A 	H-like,   1^2S -   2^2P
1	48	4.487471041e+00	7630	6.525174424e+02	0.000000000e+00	0.000000000e+00	0.000000000e+00	0.000000000e+00	0.000000000e+00	0.000000000e+00	0.000000000e+00	0.000000000e+00	O  8                18.9689A 	H-like,   1^2S -   2^2P
1	49	4.831188847e+00	7630	6.525174424e+02	0.000000000e+00	0.000000000e+00	0.000000000e+00	0.000000000e+00	0.000000000e+00	0.000000000e+00	0.000000000e+00	0.000000000e+00	O  8                18.9689A 	H-like,   1^2S -   2^2P
2	0	5.000000000e-05	7635	7.755180475e+02	5.551868463e+05	5.436446881e+05	9.792103176e-01	1.154170380e+04	4.492377529e-02	1.789205257e-05	9.541221026e-04	3.937172652e-08	O  8                16.0059A 	H-like,   1^2S - n=  3
2	1	1.036207095e-04	7635	7.755180475e+02	5.538591063e+05	5.236590034e+05	9.454733117e-01	3.019891649e+04	1.700984354e-02	1.849614868e-05	9.820081483e-04	3.928477891e-08	O  8                16.0059A 	H-like,   1^2S - n=  3
2	2	1.115908585e-04	7635	7.755180475e+02	5.536648064e+05	5.205491005e+05	9.401881688e-01	3.311440534e+04	1.544296546e-02	1.853158955e-05	9.835734611e-04	3.927602648e-08	O  8                16.0059A 	H-like,   1^2S - n=  3
2	3	1.212012520e-04	7635	7.755180475e+02	5.534337106e+05	5.168511006e+05	9.338988405e-01	3.658117363e+04	1.390000472e-02	1.856759011e-05	9.851148804e-04	3.926571315e-08	O  8                16.0059A 	H-like,   1^2S - n=  3
2	4	1.328737663e-04	7635	7.755180475e+02	5.531580109e+05	5.124907193e+05	9.264816005e-01	4.066569538e+04	1.241503365e-02	1.860366085e-05	9.865983680e-04	3.925354596e-08	O  8                16.0059A 	H-like,   1^2S - n=  3
2	5	1.471633453e-04	7635	7.755180475e+02	5.528254273e+05	5.072025729e+05	9.174733068e-01	4.562106436e+04	1.096618337e-02	1.864051282e-05	9.880457709e-04	3.923903114e-08	O  8                16.0059A 	H-like,   1^2S - n=  3
2	6	1.648073531e-04	7635	7.755180475e+02	5.524216029e+05	5.007550209e+05	9.064725534e-01	5.166455566e+04	9.571390473e-03	1.867811607e-05	9.894391704e-04	3.922160672e-08	O  8                16.0059A 	H-like,   1^2S - n=  3
2	7	1.867956579e-04	7635	7.755180475e+02	5.519275555e+05	4.928559360e+05	8.929721503e-01	5.906930396e+04	8.247888657e-03	1.871649654e-05	9.907613500e-04	3.920058438e-08	O  8                16.0059A 	H-like,   1^2S - n=  3
2	8	2.144710388e-04	7635	7.755180475e+02	5.513183147e+05	4.831411884e+05	8.763379984e-01	6.817445560e+04	7.011361756e-03	1.875578729e-05	9.919966416e-04	3.917506932e-08	O  8                16.0059A 	H-like,   1^2S - n=  3
2	9	2.496742590e-04	7635	7.755180475e+02	5.505649126e+05	4.711689100e+05	8.557917499e-01	7.939289488e+04	5.875091870e-03	1.879595524e-05	9.931317764e-04	3.914420405e-08	O  8                16.0059A 	H-like,   1^2S - n=  3
2	10	2.949553781e-04	7635	7.755180475e+02	5.496245160e+05	4.564119661e+05	8.304068555e-01	9.320890494e+04	4.849206037e-03	1.883726565e-05	9.941566373e-04	3.910663068e-08	O  8                16.0059A 	H-like,   1^2S - n=  3
2	11	3.538838593e-04	7635	7.755180475e+02	5.484540668e+05	4.382881617e+05	7.991337621e-01	1.101616020e+05	3.940078880e-03	1.887903898e-05	9.950648563e-04	3.906163673e-08	O  8                16.0059A 	H-like,   1^2S - n=  3
2	12	4.315067055e-04	7635	7.755180475e+02	5.469858712e+05	4.161907400e+05	7.608802383e-01	1.307900294e+05	3.150015454e-03	1.892081159e-05	9.958541304e-04	3.900779912e-08	O  8                16.0059A 	H-like,   1^2S - n=  3
2	13	5.350291033e-04	7635	7.755180475e+02	5.451139327e+05	3.895820549e+05	7.146800541e-01	1.555258213e+05	2.477270767e-03	1.896247966e-05	9.965262030e-04	3.894253303e-08	O  8                16.0059A 	H-like,   1^2S - n=  3
2	14	6.748299957e-04	7635	7.755180475e+02	5.427119537e+05	3.581741370e+05	6.599709746e-01	1.845306452e+05	1.916344009e-03	1.900185803e-05	9.970865694e-04	3.886409595e-08	O  8                16.0059A 	H-like,   1^2S - n=  3
2	15	8.659814056e-04	7635	7.755180475e+02	5.396152403e+05	3.221320350e+05	5.969661547e-01	2.174747736e+05	1.458566679e-03	1.903386233e-05	9.975438894e-04	3.877162549e-08	O  8                16.0059A 	H-like,   1^2S - n=  3
2	16	1.130522829e-03	7635	7.755180475e+02	5.356039097e+05	2.822762197e+05	5.270241956e-01	2.533178954e+05	1.092937981e-03	1.904829594e-05	9.979091529e-04	3.866612472e-08	O  8                16.0059A 	H-like,   1^2S - n=  3
2	17	1.500859898e-03	7635	7.755180475e+02	5.304561043e+05	2.401972692e+05	4.528127157e-01	2.902476440e+05	8.070455465e-04	1.902026444e-05	9.981947597e-04	3.855809545e-08	O  8                16.0059A 	H-like,   1^2S - n=  3
2	18	2.024819479e-03	7635	7.755180475e+02	5.237464726e+05	1.980201834e+05	3.780840422e-01	3.257137622e+05	5.880789234e-04	1.891423698e-05	9.984135076e-04	3.846067715e-08	O  8                16.0059A 	H-like,   1^2S - n=  3
2	19	2.773108397e-03	7635	7.755180475e+02	5.147076593e+05	1.580189080e+05	3.070071043e-01	3.566750576e+05	4.237261447e-04	1.867697198e-05	9.985776962e-04	3.839335140e-08	O  8                16.0059A 	H-like,   1^2S - n=  3
2	20	3.850187572e-03	7635	7.755180475e+02	5.019868378e+05	1.221082784e+05	2.432499603e-01	3.798639758e+05	3.028093950e-04	1.822487309e-05	9.986984921e-04	3.839245295e-08	O  8                16.0059A 	H-like,   1^2S - n=  3
2	21	5.409864479e-03	7635	7.755180475e+02	4.829330283e+05	9.140448014e+04	1.892694738e-01	3.915134673e+05	2.157393499e-04	1.744156150e-05	9.987854752e-04	3.852004488e-08	O  8                16.0059A 	H-like,   1^2S - n=  3
2	22	7.677164277e-03	7635	7.755180475e+02	4.519564687e+05	6.609342935e+04	1.462384852e-01	3.858480373e+05	1.548987140e-04	1.619759341e-05	9.988462550e-04	3.888126573e-08	O  8                16.0059A 	H-like,   1^2S - n=  3
2	23	1.097814684e-02	7635	7.755180475e+02	3.968195596e+05	4.562859764e+04	1.149857575e-01	3.511770329e+05	1.153430633e-04	1.444263644e-05	9.988857712e-04	3.966444083e-08	O  8                16.0059A 	H-like,   1^2S - n=  3
2	24	1.577910526e-02	7635	7.755180475e+02	2.925652359e+05	2.915278023e+04	9.964540092e-02	2.634015766e+05	9.803002648e-05	1.252664503e-05	9.989030669e-04	4.130283058e-08	O  8                16.0059A 	H-like,   1^2S - n=  3
2	25	2.273575798e-02	7635	7.755180475e+02	1.122306233e+05	1.447970897e+04	1.290174512e-01	9.774644215e+04	1.345645605e-04	1.340294502e-05	9.988665689e-04	4.575364623e-08	O  8                16.0059A 	H-like,   1^2S - n=  3
2	26	3.275136024e-02	7635	7.755180475e+02	5.818194885e+03	2.315049911e+03	3.978983098e-01	3.502938229e+03	6.035084505e-04	5.632088880e-05	9.983980935e-04	5.902372602e-08	O  8                16.0059A 	H-like,   1^2S - n=  3
2	27	4.703993334e-02	7635	7.755180475e+02	0.000000000e+00	0.000000000e+00	0.000000000e+00	0.000000000e+00	0.000000000e+00	0.000000000e+00	0.000000000e+00	0.000000000e+00	O  8                16.0059A 	H-like,   1^2S - n=  3
2	28	6.718712424e-02	7635	7.755180475e+02	0.000000000e+00	0.000000000e+00	0.000000000e+00	0.000000000e+00	0.000000000e+00	0.000000000e+00	0.000000000e+00	0.000000000e+00	O  8                16.0059A 	H-like,   1^2S - n=  3
2	29	9.519709451e-02	7635	7.755180475e+02	0.000000000e+00	0.000000000e+00	0.000000000e+00	0.000000000e+00	0.000000000e+00	0.000000000e+00	0.000000000e+00	0.000000000e+00	O  8                16.0059A 	H-like,   1^2S - n=  3
2	30	1.335103690e-01	7635	7.755180475e+02	0.000000000e+00	0.000000000e+00	0.000000000e+00	0.000000000e+00	0.000000000e+00	0.000000000e+00	0.000000000e+00	0.000000000e+00	O  8                16.0059A 	H-like,   1^2S - n=  3
2	31	1.849762535e-01	7635	7.755180475e+02	0.000000000e+00	0.000000000e+00	0.000000000e+00	0.000000000e+00	0.000000000e+00	0.000000000e+00	0.000000000e+00	0.000000000e+00	O  8                16.0059A 	H-like,   1^2S - n=  3
2	32	2.527657751e-01	7635	7.755180475e+02	0.000000000e+00	0.000000000e+00	0.000000000e+00	0.000000000e+00	0.000000000e+00	0.000000000e+00	0.000000000e+00	0.000000000e+00	O  8                16.0059A 	H-like,   1^2S - n=  3
2	33	3.402179820e-01	7635	7.755180475e+02	0.000000000e+00	0.000000000e+00	0.000000000e+00	0.000000000e+00	0.000000000e+00	0.000000000e+00	0.000000000e+00	0.000000000e+00	O  8                16.0059A 	H-like,   1^2S - n=  3
2	34	4.506234582e-01	7635	7.755180475e+02	0.000000000e+00	0.000000000e+00	0.000000000e+00	0.000000000e+00	0.000000000e+00	0.000000000e+00	0.000000000e+00	0.000000000e+00	O  8                16.0059A 	H-like,   1^2S - n=  3
2	35	5.869620577e-01	7635	7.755180475e+02	0.000000000e+00	0.000000000e+00	0.000000000e+00	0.000000000e+00	0.000000000e+00	0.000000000e+00	0.000000000e+00	0.000000000e+00	O  8                16.0059A 	H-like,   1^2S - n=  3
2	36	7.516239272e-01	7635	7.755180475e+02	0.000000000e+00	0.000000000e+00	0.000000000e+00	0.000000000e+00	0.000000000e+00	0.000000000e+00	0.000000000e+00	0.000000000e+00	O  8                16.0059A 	H-like,   1^2S - n=  3
2	37	9.461503594e-01	7635	7.755180475e+02	0.000000000e+00	0.000000000e+00	0.000000000e+00	0.000000000e+00	0.000000000e+00	0.000000000e+00	0.000000000e+00	0.000000000e+00	O  8                16.0059A 	H-like,   1^2S - n=  3
2	38	1.171031408e+00	7635	7.755180475e+02	0.000000000e+00	0.000000000e+00	0.000000000e+00	0.000000000e+00	0.000000000e+00	0.000000000e+00	0.000000000e+00	0.000000000e+00	O  8                16.0059A 	H-like,   1^2S - n=  3
2	39	1.425589932e+00	7635	7.755180475e+02	0.000000000e+00	0.000000000e+00	0.000000000e+00	0.000000000e+00	0.000000000e+00	0.000000000e+00	0.000000000e+00	0.000000000e+00	O  8                16.0059A 	H-like,   1^2S - n=  3
2	40	1.707968475e+00	7635	7.755180475e+02	0.000000000e+00	0.000000000e+00	0.000000000e+00	0.000000000e+00	0.000000000e+00	0.000000000e+00	0.000000000e+00	0.000000000e+00	O  8                16.0059A 	H-like,   1^2S - n=  3
2	41	2.015219349e+00	7635	7.755180475e+02	0.000000000e+00	0.000000000e+00	0.000000000e+00	0.000000000e+00	0.000000000e+00	0.000000000e+00	0.000000000e+00	0.000000000e+00	O  8                16.0059A 	H-like,   1^2S - n=  3
2	42	2.343483267e+00	7635	7.755180475e+02	0.000000000e+00	0.000000000e+00	0.000000000e+00	0.000000000e+00	0.000000000e+00	0.000000000e+00	0.000000000e+00	0.000000000e+00	O  8                16.0059A 	H-like,   1^2S - n=  3
2	43	2.688230813e+00	7635	7.755180475e+02	0.000000000e+00	0.000000000e+00	0.000000000e+00	0.000000000e+00	0.000000000e+00	0.000000000e+00	0.000000000e+00	0.000000000e+00	O  8                16.0059A 	H-like,   1^2S - n=  3
2	44	3.044535775e+00	7635	7.755180475e+02	0.000000000e+00	0.000000000e+00	0.000000000e+00	0.000000000e+00	0.000000000e+00	0.000000000e+00	0.000000000e+00	0.000000000e+00	O  8                16.0059A 	H-like,   1^2S - n=  3
2	45	3.407349704e+00	7635	7.755180475e+02	0.000000000e+00	0.000000000e+00	0.000000000e+00	0.000000000e+00	0.000000000e+00	0.000000000e+00	0.000000000e+00	0.000000000e+00	O  8                16.0059A 	H-like,   1^2S - n=  3
2	46	3.771752001e+00	7635	7.755180475e+02	0.000000000e+00	0.000000000e+00	0.000000000e+00	0.000000000e+00	0.000000000e+00	0.000000000e+00	0.000000000e+00	0.000000000e+00	O  8                16.0059A 	H-like,   1^2S - n=  3
2	47	4.133157402e+00	7635	7.755180475e+02	0.000000000e+00	0.000000000e+00	0.000000000e+00	0.000000000e+00	0.000000000e+00	0.000000000e+00	0.000000000e+00	0.000000000e+00	O  8                16.0059A 	H-like,   1^2S - n=  3
2	48	4.487471041e+00	7635	7.755180475e+02	0.000000000e+00	0.000000000e+00	0.000000000e+00	0.000000000e+00	0.000000000e+00	0.000000000e+00	0.000000000e+00	0.000000000e+00	O  8                16.0059A 	H-like,   1^2S - n=  3
2	49	4.831188847e+00	7635	7.755180475e+02	0.000000000e+00	0.000000000e+00	0.000000000e+00	0.000000000e+00	0.000000000e+00	0.000000000e+00	0.000000000e+00	0.000000000e+00	O  8                16.0059A 	H-like,   1^2S - n=  3
3	0	5.000000000e-05	147879	1.607933506e+01	7.135530579e+05	5.951024299e+05	8.339988502e-01	1.689983970e+03	1.117586245e-01	2.268508271e-05	3.174388339e-04	2.532627812e-02	Ne 8                770.428A 	Chianti, 
3	1	1.036207095e-04	147879	1.607933506e+01	7.092988166e+05	5.067878765e+05	7.144913606e-01	2.909630350e+03	5.886007852e-02	2.431584024e-05	3.380740323e-04	2.527497905e-02	Ne 8                770.428A 	Chianti, 
3	2	1.115908585e-04	147879	1.607933506e+01	7.090618846e+05	4.958770200e+05	6.993423717e-01	3.064302845e+03	5.492560255e-02	2.443937772e-05	3.395671971e-04	2.526981592e-02	Ne 8                770.428A 	Chianti, 
3	3	1.212012520e-04	147879	1.607933506e+01	7.087893126e+05	4.832612959e+05	6.818123345e-01	3.243327109e+03	5.080567417e-02	2.457161766e-05	3.411386667e-04	2.526373566e-02	Ne 8                770.428A 	Chianti, 
3	4	1.328737663e-04	147879	1.607933506e+01	7.084772043e+05	4.686869107e+05	6.615412717e-01	3.450398657e+03	4.653648113e-02	2.471229043e-05	3.427761168e-04	2.525656085e-02	Ne 8                770.428A 	Chianti, 
3	5	1.471633453e-04	147879	1.607933506e+01	7.081154294e+05	4.518794450e+05	6.381437633e-01	3.689489742e+03	4.216448329e-02	2.486142616e-05	3.444661099e-04	2.524800242e-02	Ne 8                770.428A 	Chianti, 
3	6	1.648073531e-04	147879	1.607933506e+01	7.076959048e+05	4.325632353e+05	6.112275517e-01	3.964652855e+03	3.774602814e-02	2.501884510e-05	3.461900528e-04	2.523773188e-02	Ne 8                770.428A 	Chianti, 
3	7	1.867956579e-04	147879	1.607933506e+01	7.072101932e+05	4.104842332e+05	5.804274842e-01	4.279684239e+03	3.334598959e-02	2.518441037e-05	3.479258784e-04	2.522534048e-02	Ne 8                770.428A 	Chianti, 
3	8	2.144710388e-04	147879	1.607933506e+01	7.066495542e+05	3.854482207e+05	5.454588040e-01	4.637588059e+03	2.903531540e-02	2.535818169e-05	3.496486054e-04	2.521030510e-02	Ne 8                770.428A 	Chianti, 
3	9	2.496742590e-04	147879	1.607933506e+01	7.060208553e+05	3.573808814e+05	5.061902616e-01	5.039819509e+03	2.488736542e-02	2.553957719e-05	3.513241786e-04	2.519212270e-02	Ne 8                770.428A 	Chianti, 
3	10	2.949553781e-04	147879	1.607933506e+01	7.053250698e+05	3.263835969e+05	4.627420900e-01	5.485314332e+03	2.097345463e-02	2.572909844e-05	3.529194621e-04	2.516999530e-02	Ne 8                770.428A 	Chianti, 
3	11	3.538838593e-04	147879	1.607933506e+01	7.046248828e+05	2.928273439e+05	4.155790564e-01	5.969472416e+03	1.735761163e-02	2.592414287e-05	3.543744784e-04	2.514350676e-02	Ne 8                770.428A 	Chianti, 
3	12	4.315067055e-04	147879	1.607933506e+01	7.039882661e+05	2.573783638e+05	3.656003605e-01	6.483300565e+03	1.409176530e-02	2.612332515e-05	3.556263002e-04	2.511182507e-02	Ne 8                770.428A 	Chianti, 
3	13	5.350291033e-04	147879	1.607933506e+01	7.034853023e+05	2.210143935e+05	3.141705915e-01	7.013124928e+03	1.121202049e-02	2.632748312e-05	3.566099794e-04	2.507343915e-02	Ne 8                770.428A 	Chianti, 
3	14	6.748299957e-04	147879	1.607933506e+01	7.033206904e+05	1.849945655e+05	2.630301768e-01	7.541329632e+03	8.735836750e-03	2.653141388e-05	3.571991777e-04	2.502733943e-02	Ne 8                770.428A 	Chianti, 
3	15	8.659814056e-04	147879	1.607933506e+01	7.038846761e+05	1.506983103e+05	2.140951713e-01	8.048344625e+03	6.661185760e-03	2.672169451e-05	3.571810720e-04	2.497303095e-02	Ne 8                770.428A 	Chianti, 
3	16	1.130522829e-03	147879	1.607933506e+01	7.058796556e+05	1.194114194e+05	1.691668239e-01	8.515467381e+03	4.968072508e-03	2.687000615e-05	3.561993506e-04	2.491112854e-02	Ne 8                770.428A 	Chianti, 
3	17	1.500859898e-03	147879	1.607933506e+01	7.108526977e+05	9.212902015e+04	1.296035317e-01	8.927519787e+03	3.621468984e-03	2.690036154e-05	3.535356121e-04	2.484779719e-02	Ne 8                770.428A 	Chianti, 
3	18	2.024819479e-03	147879	1.607933506e+01	7.210835205e+05	6.935007059e+04	9.617481002e-02	9.274940969e+03	2.576878771e-03	2.670900090e-05	3.482061761e-04	2.479073688e-02	Ne 8                770.428A 	Chianti, 
3	19	2.773108397e-03	147879	1.607933506e+01	7.402227889e+05	5.109724984e+04	6.902955517e-02	9.553879510e+03	1.786054906e-03	2.614830716e-05	3.388356752e-04	2.475131655e-02	Ne 8                770.428A 	Chianti, 
3	20	3.850187572e-03	147879	1.607933506e+01	7.747579975e+05	3.701683476e+04	4.777857715e-02	9.764389584e+03	1.201250871e-03	2.499729255e-05	3.234626859e-04	2.475075273e-02	Ne 8                770.428A 	Chianti, 
3	21	5.409864479e-03	147879	1.607933506e+01	8.364629669e+05	2.650241463e+04	3.168390673e-02	9.907196865e+03	7.785799702e-04	2.297589263e-05	2.996395552e-04	2.482536686e-02	Ne 8                770.428A 	Chianti, 
3	22	7.677164277e-03	147879	1.607933506e+01	9.478575468e+05	1.883489979e+04	1.987102372e-02	9.977803256e+03	4.803751395e-04	1.982021912e-05	2.649788920e-04	2.503716176e-02	Ne 8                770.428A 	Chianti, 
3	23	1.097814684e-02	147879	1.607933506e+01	1.155201572e+06	1.329141329e+04	1.150570915e-02	9.953464272e+03	2.763505915e-04	1.546264193e-05	2.185284987e-04	2.549884466e-02	Ne 8                770.428A 	Chianti, 
3	24	1.577910526e-02	147879	1.607933506e+01	1.564111882e+06	9.203549921e+03	5.884201781e-03	9.745886496e+03	1.433439645e-04	1.023667221e-05	1.626306660e-04	2.647531249e-02	Ne 8                770.428A 	Chianti, 
3	25	2.273575798e-02	147879	1.607933506e+01	2.475038759e+06	5.839398753e+03	2.359316084e-03	8.802112165e+03	6.263120773e-05	4.684262664e-06	1.014690631e-04	2.919600193e-02	Ne 8                770.428A 	Chianti, 
3	26	3.275136024e-02	147879	1.607933506e+01	3.507662725e+06	4.311682744e+03	1.229218167e-03	4.875905322e+03	4.386775359e-05	1.000631562e-06	5.073981805e-05	3.778517336e-02	Ne 8                770.428A 	Chianti, 
3	27	4.703993334e-02	147879	1.607933506e+01	1.170056806e+00	1.078764291e+00	9.219759978e-01	1.792558728e-03	3.623284729e-01	2.103975489e-02	6.370344926e-04	5.444517252e-02	Ne 8                770.428A 	Chianti, 
3	28	6.718712424e-02	147879	1.607933506e+01	0.000000000e+00	0.000000000e+00	0.000000000e+00	0.000000000e+00	0.000000000e+00	0.000000000e+00	0.000000000e+00	0.000000000e+00	Ne 8                770.428A 	Chianti, 
3	29	9.519709451e-02	147879	1.607933506e+01	0.000000000e+00	0.000000000e+00	0.000000000e+00	0.000000000e+00	0.000000000e+00	0.000000000e+00	0.000000000e+00	0.000000000e+00	Ne 8                770.428A 	Chianti, 
3	30	1.335103690e-01	147879	1.607933506e+01	0.000000000e+00	0.000000000e+00	0.000000000e+00	0.000000000e+00	0.000000000e+00	0.000000000e+00	0.000000000e+00	0.000000000e+00	Ne 8                770.428A 	Chianti, 
3	31	1.849762535e-01	147879	1.607933506e+01	0.000000000e+00	0.000000000e+00	0.000000000e+00	0.000000000e+00	0.000000000e+00	0.000000000e+00	0.000000000e+00	0.000000000e+00	Ne 8                770.428A 	Chianti, 
3	32	2.527657751e-01	147879	1.607933506e+01	0.000000000e+00	0.000000000e+00	0.000000000e+00	0.000000000e+00	0.000000000e+00	0.000000000e+00	0.000000000e+00	0.000000000e+00	Ne 8                770.428A 	Chianti, 
3	33	3.402179820e-01	147879	1.607933506e+01	0.000000000e+00	0.000000000e+00	0.000000000e+00	0.000000000e+00	0.000000000e+00	0.000000000e+00	0.000000000e+00	0.000000000e+00	Ne 8                770.428A 	Chianti, 
3	34	4.506234582e-01	147879	1.607933506e+01	0.000000000e+00	0.000000000e+00	0.000000000e+00	0.000000000e+00	0.000000000e+00	0.000000000e+00	0.000000000e+00	0.000000000e+00	Ne 8                770.428A 	Chianti, 
3	35	5.869620577e-01	147879	1.607933506e+01	0.000000000e+00	0.000000000e+00	0.000000000e+00	0.000000000e+00	0.000000000e+00	0.000000000e+00	0.000000000e+00	0.000000000e+00	Ne 8                770.428A 	Chianti, 
3	36	7.516239272e-01	147879	1.607933506e+01	0.000000000e+00	0.000000000e+00	0.000000000e+00	0.000000000e+00	0.000000000e+00	0.000000000e+00	0.000000000e+00	0.000000000e+00	Ne 8                770.428A 	Chianti, 
3	37	9.461503594e-01	147879	1.607933506e+01	0.000000000e+00	0.000000000e+00	0.000000000e+00	0.000000000e+00	0.000000000e+00	0.000000000e+00	0.000000000e+00	0.000000000e+00	Ne 8                770.428A 	Chianti, 
3	38	1.171031408e+00	147879	1.607933506e+01	0.000000000e+00	0.000000000e+00	0.000000000e+00	0.000000000e+00	0.000000000e+00	0.000000000e+00	0.000000000e+00	0.000000000e+00	Ne 8                770.428A 	Chianti, 
3	39	1.425589932e+00	147879	1.607933506e+01	0.000000000e+00	0.000000000e+00	0.000000000e+00	0.000000000e+00	0.000000000e+00	0.000000000e+00	0.000000000e+00	0.000000000e+00	Ne 8                770.428A 	Chianti, 
3	40	1.707968475e+00	147879	1.607933506e+01	0.000000000e+00	0.000000000e+00	0.000000000e+00	0.000000000e+00	0.000000000e+00	0.000000000e+00	0.000000000e+00	0.000000000e+00	Ne 8                770.428A 	Chianti, 
3	41	2.015219349e+00	147879	1.607933506e+01	0.000000000e+00	0.000000000e+00	0.000000000e+00	0.000000000e+00	0.000000000e+00	0.000000000e+00	0.000000000e+00	0.000000000e+00	Ne 8                770.428A 	Chianti, 
3	42	2.343483267e+00	147879	1.607933506e+01	0.000000000e+00	0.000000000e+00	0.000000000e+00	0.000000000e+00	0.000000000e+00	0.000000000e+00	0.000000000e+00	0.000000000e+00	Ne 8                770.428A 	Chianti, 
3	43	2.688230813e+00	147879	1.607933506e+01	0.000000000e+00	0.000000000e+00	0.000000000e+00	0.000000000e+00	0.000000000e+00	0.000000000e+00	0.000000000e+00	0.000000000e+00	Ne 8                770.428A 	Chianti, 
3	44	3.044535775e+00	147879	1.607933506e+01	0.000000000e+00	0.000000000e+00	0.000000000e+00	0.000000000e+00	0.000000000e+00	0.000000000e+00	0.000000000e+00	0.000000000e+00	Ne 8                770.428A 	Chianti, 
3	45	3.407349704e+00	147879	1.607933506e+01	0.000000000e+00	0.000000000e+00	0.000000000e+00	0.000000000e+00	0.000000000e+00	0.000000000e+00	0.000000000e+00	0.000000000e+00	Ne 8                770.428A 	Chianti, 
3	46	3.771752001e+00	147879	1.607933506e+01	0.000000000e+00	0.000000000e+00	0.000000000e+00	0.000000000e+00	0.000000000e+00	0.000000000e+00	0.000000000e+00	0.000000000e+00	Ne 8                770.428A 	Chianti, 
3	47	4.133157402e+00	147879	1.607933506e+01	0.000000000e+00	0.000000000e+00	0.000000000e+00	0.000000000e+00	0.000000000e+00	0.000000000e+00	0.000000000e+00	0.000000000e+00	Ne 8                770.428A 	Chianti, 
3	48	4.487471041e+00	147879	1.607933506e+01	0.000000000e+00	0.000000000e+00	0.000000000e+00	0.000000000e+00	0.000000000e+00	0.000000000e+00	0.000000000e+00	0.000000000e+00	Ne 8                770.428A 	Chianti, 
3	49	4.831188847e+00	147879	1.607933506e+01	0.000000000e+00	0.000000000e+00	0.000000000e+00	0.000000000e+00	0.000000000e+00	0.000000000e+00	0.000000000e+00	0.000000000e+00	Ne 8                770.428A 	Chianti, 
4	0	5.000000000e-05	20397	5.705040845e+02	9.656906518e+05	9.647506231e+05	9.990265736e-01	8.525631933e+02	5.143750536e-01	3.460352570e-02	4.851398065e-04	1.104830792e-04	O  7                21.8070A 	He-like,   1^1S -   2^3P_1.0
4	1	1.036207095e-04	20397	5.705040845e+02	9.595248131e+05	9.585871359e+05	9.990227692e-01	8.506590828e+02	5.131297768e-01	3.496440211e-02	4.863838394e-04	1.102302529e-04	O  7                21.8070A 	He-like,   1^1S -   2^3P_1.0
4	2	1.115908585e-04	20397	5.705040845e+02	9.590227489e+05	9.580849741e+05	9.990221558e-01	8.507691764e+02	5.129461851e-01	3.499652581e-02	4.865672477e-04	1.102048140e-04	O  7                21.8070A 	He-like,   1^1S -   2^3P_1.0
4	3	1.212012520e-04	20397	5.705040845e+02	9.584354503e+05	9.574975389e+05	9.990214141e-01	8.509184184e+02	5.127249512e-01	3.503444778e-02	4.867882605e-04	1.101748395e-04	O  7                21.8070A 	He-like,   1^1S -   2^3P_1.0
4	4	1.328737663e-04	20397	5.705040845e+02	9.577490464e+05	9.568109410e+05	9.990205102e-01	8.511242758e+02	5.124564450e-01	3.507932608e-02	4.870564985e-04	1.101394748e-04	O  7                21.8070A 	He-like,   1^1S -   2^3P_1.0
4	5	1.471633453e-04	20397	5.705040845e+02	9.569377364e+05	9.559993634e+05	9.990194002e-01	8.514024742e+02	5.121280209e-01	3.513297050e-02	4.873845945e-04	1.100972856e-04	O  7                21.8070A 	He-like,   1^1S -   2^3P_1.0
4	6	1.648073531e-04	20397	5.705040845e+02	9.559741501e+05	9.550354075e+05	9.990180251e-01	8.517803001e+02	5.117229109e-01	3.519752456e-02	4.877892998e-04	1.100466546e-04	O  7                21.8070A 	He-like,   1^1S -   2^3P_1.0
4	7	1.867956579e-04	20397	5.705040845e+02	9.548262353e+05	9.538869776e+05	9.990163052e-01	8.522987128e+02	5.112186572e-01	3.527563456e-02	4.882930497e-04	1.099855691e-04	O  7                21.8070A 	He-like,   1^1S -   2^3P_1.0
4	8	2.144710388e-04	20397	5.705040845e+02	9.534536829e+05	9.525137029e+05	9.990141314e-01	8.530160892e+02	5.105848752e-01	3.537071670e-02	4.889261986e-04	1.099114380e-04	O  7                21.8070A 	He-like,   1^1S -   2^3P_1.0
4	9	2.496742590e-04	20397	5.705040845e+02	9.518285367e+05	9.508875120e+05	9.990113506e-01	8.540384833e+02	5.097800245e-01	3.548624105e-02	4.897302452e-04	1.098217834e-04	O  7                21.8070A 	He-like,   1^1S -   2^3P_1.0
4	10	2.949553781e-04	20397	5.705040845e+02	9.498998357e+05	9.489572989e+05	9.990077514e-01	8.555009085e+02	5.087467288e-01	3.562752022e-02	4.907625087e-04	1.097126592e-04	O  7                21.8070A 	He-like,   1^1S -   2^3P_1.0
4	11	3.538838593e-04	20397	5.705040845e+02	9.476832045e+05	9.467383875e+05	9.990030244e-01	8.576775557e+02	5.074048634e-01	3.579791634e-02	4.921030335e-04	1.095820215e-04	O  7                21.8070A 	He-like,   1^1S -   2^3P_1.0
4	12	4.315067055e-04	20397	5.705040845e+02	9.451714089e+05	9.442231476e+05	9.989967308e-01	8.609308088e+02	5.056413237e-01	3.600334964e-02	4.938648114e-04	1.094257527e-04	O  7                21.8070A 	He-like,   1^1S -   2^3P_1.0
4	13	5.350291033e-04	20397	5.705040845e+02	9.423186125e+05	9.413596690e+05	9.989823575e-01	8.707817459e+02	5.017396578e-01	3.636718626e-02	4.977625796e-04	1.092363811e-04	O  7                21.8070A 	He-like,   1^1S -   2^3P_1.0
4	14	6.748299957e-04	20397	5.705040845e+02	9.392045231e+05	9.382388464e+05	9.989718144e-01	8.770761308e+02	4.988813294e-01	3.664721552e-02	5.006180525e-04	1.090088923e-04	O  7                21.8070A 	He-like,   1^1S -   2^3P_1.0
4	15	8.659814056e-04	20397	5.705040845e+02	9.360719120e+05	9.350964269e+05	9.989578951e-01	8.861916881e+02	4.951840198e-01	3.695823066e-02	5.043116685e-04	1.087408421e-04	O  7                21.8070A 	He-like,   1^1S -   2^3P_1.0
4	16	1.130522829e-03	20397	5.705040845e+02	9.334522331e+05	9.324621021e+05	9.989392805e-01	8.997224070e+02	4.903703076e-01	3.727648088e-02	5.091205718e-04	1.084352082e-04	O  7                21.8070A 	He-like,   1^1S -   2^3P_1.0
4	17	1.500859898e-03	20397	5.705040845e+02	9.327955226e+05	9.317824498e+05	9.989139391e-01	9.207747207e+02	4.840598908e-01	3.752662162e-02	5.154246845e-04	1.081224501e-04	O  7                21.8070A 	He-like,   1^1S -   2^3P_1.0
4	18	2.024819479e-03	20397	5.705040845e+02	9.361563306e+05	9.351066989e+05	9.988787858e-01	9.541326468e+02	4.757208528e-01	3.759055838e-02	5.237553918e-04	1.078405948e-04	O  7                21.8070A 	He-like,   1^1S -   2^3P_1.0
4	19	2.773108397e-03	20397	5.705040845e+02	9.467679697e+05	9.456591767e+05	9.988288652e-01	1.007871014e+03	4.645880803e-01	3.727314688e-02	5.348770427e-04	1.076459251e-04	O  7                21.8070A 	He-like,   1^1S -   2^3P_1.0
4	20	3.850187572e-03	20397	5.705040845e+02	9.703827496e+05	9.691751582e+05	9.987555514e-01	1.097272580e+03	4.495042869e-01	3.623989895e-02	5.499457674e-04	1.076433819e-04	O  7                21.8070A 	He-like,   1^1S -   2^3P_1.0
4	21	5.409864479e-03	20397	5.705040845e+02	1.017064410e+06	1.015683639e+06	9.986423964e-01	1.253454658e+03	4.285810462e-01	3.398142288e-02	5.708481057e-04	1.080125519e-04	O  7                21.8070A 	He-like,   1^1S -   2^3P_1.0
4	22	7.677164277e-03	20397	5.705040845e+02	1.104442270e+06	1.102734479e+06	9.984537074e-01	1.547429686e+03	3.984200838e-01	2.985152139e-02	6.009789373e-04	1.090591346e-04	O  7                21.8070A 	He-like,   1^1S -   2^3P_1.0
4	23	1.097814684e-02	20397	5.705040845e+02	1.261505138e+06	1.259102630e+06	9.980955225e-01	2.169682230e+03	3.522089994e-01	2.333932780e-02	6.471438568e-04	1.113360726e-04	O  7                21.8070A 	He-like,   1^1S -   2^3P_1.0
4	24	1.577910526e-02	20397	5.705040845e+02	1.511985799e+06	1.507792162e+06	9.972264045e-01	3.765310755e+03	2.752058353e-01	1.474293241e-02	7.240700946e-04	1.161337254e-04	O  7                21.8070A 	He-like,   1^1S -   2^3P_1.0
4	25	2.273575798e-02	20397	5.705040845e+02	1.579474134e+06	1.569452730e+06	9.936552279e-01	8.880679454e+03	1.448809198e-01	6.090439234e-03	8.542648153e-04	1.293891711e-04	O  7                21.8070A 	He-like,   1^1S -   2^3P_1.0
4	26	3.275136024e-02	20397	5.705040845e+02	5.621757046e+05	5.556636787e+05	9.884163867e-01	5.566668918e+03	8.836085144e-02	2.547861053e-03	9.107284201e-04	1.703299957e-04	O  7                21.8070A 	He-like,   1^1S -   2^3P_1.0
4	27	4.703993334e-02	20397	5.705040845e+02	1.099299815e+01	1.098746773e+01	9.994969141e-01	5.461929201e-03	5.148116216e-01	4.602405600e-01	4.847036747e-04	2.485288101e-04	O  7                21.8070A 	He-like,   1^1S -   2^3P_1.0
4	28	6.718712424e-02	20397	5.705040845e+02	0.000000000e+00	0.000000000e+00	0.000000000e+00	0.000000000e+00	0.000000000e+00	0.000000000e+00	0.000000000e+00	0.000000000e+00	O  7                21.8070A 	He-like,   1^1S -   2^3P_1.0
4	29	9.519709451e-02	20397	5.705040845e+02	0.000000000e+00	0.000000000e+00	0.000000000e+00	0.000000000e+00	0.000000000e+00	0.000000000e+00	0.000000000e+00	0.000000000e+00	O  7                21.8070A 	He-like,   1^1S -   2^3P_1.0
4	30	1.335103690e-01	20397	5.705040845e+02	0.000000000e+00	0.000000000e+00	0.000000000e+00	0.000000000e+00	0.000000000e+00	0.000000000e+00	0.000000000e+00	0.000000000e+00	O  7                21.8070A 	He-like,   1^1S -   2^3P_1.0
4	31	1.849762535e-01	20397	5.705040845e+02	0.000000000e+00	0.000000000e+00	0.000000000e+00	0.000000000e+00	0.000000000e+00	0.000000000e+00	0.000000000e+00	0.000000000e+00	O  7                21.8070A 	He-like,   1^1S -   2^3P_1.0
4	32	2.527657751e-01	20397	5.705040845e+02	0.000000000e+00	0.000000000e+00	0.000000000e+00	0.000000000e+00	0.000000000e+00	0.000000000e+00	0.000000000e+00	0.000000000e+00	O  7                21.8070A 	He-like,   1^1S -   2^3P_1.0
4	33	3.402179820e-01	20397	5.705040845e+02	0.000000000e+00	0.000000000e+00	0.000000000e+00	0.000000000e+00	0.000000000e+00	0.000000000e+00	0.000000000e+00	0.000000000e+00	O  7                21.8070A 	He-like,   1^1S -   2^3P_1.0
4	34	4.506234582e-01	20397	5.705040845e+02	0.000000000e+00	0.000000000e+00	0.000000000e+00	0.000000000e+00	0.000000000e+00	0.000000000e+00	0.000000000e+00	0.000000000e+00	O  7                21.8070A 	He-like,   1^1S -   2^3P_1.0
4	35	5.869620577e-01	20397	5.705040845e+02	0.000000000e+00	0.000000000e+00	0.000000000e+00	0.000000000e+00	0.000000000e+00	0.000000000e+00	0.000000000e+00	0.000000000e+00	O  7                21.8070A 	He-like,   1^1S -   2^3P_1.0
4	36	7.516239272e-01	20397	5.705040845e+02	0.000000000e+00	0.000000000e+00	0.000000000e+00	0.000000000e+00	0.000000000e+00	0.000000000e+00	0.000000000e+00	0.000000000e+00	O  7                21.8070A 	He-like,   1^1S -   2^3P_1.0
4	37	9.461503594e-01	20397	5.705040845e+02	0.000000000e+00	0.000000000e+00	0.000000000e+00	0.000000000e+00	0.000000000e+00	0.000000000e+00	0.000000000e+00	0.000000000e+00	O  7                21.8070A 	He-like,   1^1S -   2^3P_1.0
4	38	1.171031408e+00	20397	5.705040845e+02	0.000000000e+00	0.000000000e+00	0.000000000e+00	0.000000000e+00	0.000000000e+00	0.000000000e+00	0.000000000e+00	0.000000000e+00	O  7                21.8070A 	He-like,   1^1S -   2^3P_1.0
4	39	1.425589932e+00	20397	5.705040845e+02	0.000000000e+00	0.000000000e+00	0.000000000e+00	0.000000000e+00	0.000000000e+00	0.000000000e+00	0.000000000e+00	0.000000000e+00	O  7                21.8070A 	He-like,   1^1S -   2^3P_1.0
4	40	1.707968475e+00	20397	5.705040845e+02	0.000000000e+00	0.000000000e+00	0.000000000e+00	0.000000000e+00	0.000000000e+00	0.000000000e+00	0.000000000e+00	0.000000000e+00	O  7                21.8070A 	He-like,   1^1S -   2^3P_1.0
4	41	2.015219349e+00	20397	5.705040845e+02	0.000000000e+00	0.000000000e+00	0.000000000e+00	0.000000000e+00	0.000000000e+00	0.000000000e+00	0.000000000e+00	0.000000000e+00	O  7                21.8070A 	He-like,   1^1S -   2^3P_1.0
4	42	2.343483267e+00	20397	5.705040845e+02	0.000000000e+00	0.000000000e+00	0.000000000e+00	0.000000000e+00	0.000000000e+00	0.000000000e+00	0.000000000e+00	0.000000000e+00	O  7                21.8070A 	He-like,   1^1S -   2^3P_1.0
4	43	2.688230813e+00	20397	5.705040845e+02	0.000000000e+00	0.000000000e+00	0.000000000e+00	0.000000000e+00	0.000000000e+00	0.000000000e+00	0.000000000e+00	0.000000000e+00	O  7                21.8070A 	He-like,   1^1S -   2^3P_1.0
4	44	3.044535775e+00	20397	5.705040845e+02	0.000000000e+00	0.000000000e+00	0.000000000e+00	0.000000000e+00	0.000000000e+00	0.000000000e+00	0.000000000e+00	0.000000000e+00	O  7                21.8070A 	He-like,   1^1S -   2^3P_1.0
4	45	3.407349704e+00	20397	5.705040845e+02	0.000000000e+00	0.000000000e+00	0.000000000e+00	0.000000000e+00	0.000000000e+00	0.000000000e+00	0.000000000e+00	0.000000000e+00	O  7                21.8070A 	He-like,   1^1S -   2^3P_1.0
4	46	3.771752001e+00	20397	5.705040845e+02	0.000000000e+00	0.000000000e+00	0.000000000e+00	0.000000000e+00	0.000000000e+00	0.000000000e+00	0.000000000e+00	0.000000000e+00	O  7                21.8070A 	He-like,   1^1S -   2^3P_1.0
4	47	4.133157402e+00	20397	5.705040845e+02	0.000000000e+00	0.000000000e+00	0.000000000e+00	0.000000000e+00	0.000000000e+00	0.000000000e+00	0.000000000e+00	0.000000000e+00	O  7                21.8070A 	He-like,   1^1S -   2^3P_1.0
4	48	4.487471041e+00	20397	5.705040845e+02	0.000000000e+00	0.000000000e+00	0.000000000e+00	0.000000000e+00	0.000000000e+00	0.000000000e+00	0.000000000e+00	0.000000000e+00	O  7                21.8070A 	He-like,   1^1S -   2^3P_1.0
4	49	4.831188847e+00	20397	5.705040845e+02	0.000000000e+00	0.000000000e+00	0.000000000e+00	0.000000000e+00	0.000000000e+00	0.000000000e+00	0.000000000e+00	0.000000000e+00	O  7                21.8070A 	He-like,   1^1S -   2^3P_1.0
