# E_keV Fhat_E local_powerlaw_continuum continuum_subtracted_residual
5.000000000000000000e+00 1.154515366905424889e+00 1.154515366905424889e+00 0.000000000000000000e+00
5.075999999999999623e+00 1.149280320818317103e+00 1.143028887230413071e+00 6.251433587904031697e-03
5.177999999999999936e+00 1.143123204957648520e+00 1.128054776664358050e+00 1.506842829329047007e-02
5.282000000000000028e+00 1.137294598275906399e+00 1.113283768080006508e+00 2.401083019589989043e-02
5.386999999999999567e+00 1.133014178391144045e+00 1.098853363638599090e+00 3.416081475254495459e-02
5.495000000000000107e+00 1.129784147037301345e+00 1.084490593854151363e+00 4.529355318314998158e-02
5.605000000000000426e+00 1.130206052658788041e+00 1.070336466130282993e+00 5.986958652850504770e-02
5.716999999999999638e+00 1.135994884492483870e+00 1.056391809265453174e+00 7.960307522703069516e-02
5.831000000000000405e+00 1.152501143672016726e+00 1.042657034474715916e+00 1.098441091973008099e-01
5.948000000000000398e+00 1.188150720913020875e+00 1.029017486271451398e+00 1.591332346415694765e-01
6.067000000000000171e+00 1.256962731367930131e+00 1.015594932430087027e+00 2.413677989378431032e-01
6.187999999999999723e+00 1.384096381056144853e+00 1.002388347064206542e+00 3.817080339919383114e-01
6.312000000000000277e+00 1.614678458043162124e+00 9.892925352318838739e-01 6.253859228112782498e-01
6.402000000000000135e+00 1.902892402960765450e+00 9.800523821119423440e-01 9.228400208488231060e-01
6.493000000000000327e+00 2.355349110242426658e+00 9.709266084610186365e-01 1.384422501781408021e+00
6.586000000000000298e+00 3.097930810281936065e+00 9.618174162968040619e-01 2.136113393985132003e+00
6.679999999999999716e+00 4.418093981374596524e+00 9.528250779078228927e-01 3.465268903466773409e+00
6.775000000000000355e+00 2.613685708833856758e+00 9.439483599603015751e-01 1.669737348873555183e+00
6.871999999999999886e+00 1.873302784663468223e+00 9.350958047687508712e-01 9.382069798947173522e-01
6.969999999999999751e+00 1.653024579280497619e+00 9.263605181062950500e-01 7.266640611742025690e-01
7.070000000000000284e+00 1.269058299544569168e+00 9.176550005963326484e-01 3.514032989482365199e-01
7.211000000000000298e+00 1.073585031797106959e+00 9.057223213496746750e-01 1.678627104474322840e-01
7.355000000000000426e+00 9.960446899261912179e-01 8.939296645019060295e-01 1.021150254242851885e-01
7.501999999999999780e+00 9.545087620454143496e-01 8.822808532884908184e-01 7.222790875692353119e-02
7.652000000000000135e+00 9.221260093946446190e-01 8.707791615184402589e-01 5.134684787620436008e-02
7.804999999999999716e+00 8.902932285567246584e-01 8.594273510619300227e-01 3.086587749479463572e-02
7.961000000000000298e+00 8.552106872973449514e-01 8.482277079420799115e-01 6.982979355265039878e-03
8.000000000000000000e+00 8.454846330945749999e-01 8.454846330945748889e-01 1.110223024625156540e-16
