# E_keV Fhat_E local_powerlaw_continuum continuum_subtracted_residual
5.000000000000000000e+00 1.110884706774459607e+00 1.110884706774459607e+00 0.000000000000000000e+00
5.007328999999999475e+00 1.109830560928459997e+00 1.110114043160911335e+00 -2.834822324513375236e-04
5.032424999999999926e+00 1.106708494606207127e+00 1.107487674900612840e+00 -7.791802944057124591e-04
5.057647000000000226e+00 1.104001120758613341e+00 1.104867497213811056e+00 -8.663764551977148898e-04
5.082996000000000514e+00 1.101665266016015332e+00 1.102253457931252845e+00 -5.881919152375125748e-04
5.108470999999999762e+00 1.099666223483515504e+00 1.099645710325624082e+00 2.051315789142194035e-05
5.134074000000000026e+00 1.112683634291112167e+00 1.097044099394228311e+00 1.563953489688385545e-02
5.159805999999999671e+00 1.119362860281659655e+00 1.094448575073666996e+00 2.491428520799265911e-02
5.185666000000000331e+00 1.114220300163645927e+00 1.091859288225059732e+00 2.236101193858619496e-02
5.211656999999999762e+00 1.109422302615165723e+00 1.089275989121181176e+00 2.014631349398454674e-02
5.237777000000000349e+00 1.105000814097311768e+00 1.086698926761256123e+00 1.830188733605564444e-02
5.264028000000000596e+00 1.100976894375892634e+00 1.084127952491618974e+00 1.684894188427366046e-02
5.290410999999999753e+00 1.097362268763315551e+00 1.081563018771649176e+00 1.579924999166637534e-02
5.316926000000000485e+00 1.094164369489161626e+00 1.079004175537006560e+00 1.516019395215506549e-02
5.343573999999999380e+00 1.091387129359496777e+00 1.076451375752675244e+00 1.493575360682153352e-02
5.370356000000000130e+00 1.089033291271234383e+00 1.073904573684710373e+00 1.512871758652400977e-02
5.397272000000000070e+00 1.087106723787532037e+00 1.071363818921406530e+00 1.574290486612550666e-02
5.424322000000000088e+00 1.085612324317766886e+00 1.068829159535917395e+00 1.678316478184949112e-02
5.451507999999999576e+00 1.084559655736337058e+00 1.066300456764523563e+00 1.825919897181349505e-02
5.478831000000000451e+00 1.116594963936009322e+00 1.063777667811299343e+00 5.281729612470997814e-02
5.506289999999999907e+00 1.120231098384904866e+00 1.061260933712420806e+00 5.897016467248406002e-02
5.533888000000000140e+00 1.114385907140184262e+00 1.058750028725303771e+00 5.563587841488049079e-02
5.561622999999999983e+00 1.109119916896769809e+00 1.056245183543932598e+00 5.287473335283721099e-02
5.589497000000000604e+00 1.104512726244701426e+00 1.053746264773380403e+00 5.076646147132102271e-02
5.617511000000000365e+00 1.100627891697050886e+00 1.051253231491061646e+00 4.937466020598924032e-02
5.645666000000000295e+00 1.097518620850961968e+00 1.048766043904727718e+00 4.875257694623424953e-02
5.673961000000000254e+00 1.095233019589170409e+00 1.046284838064582834e+00 4.894818152458757510e-02
5.702399000000000662e+00 1.093816137078436945e+00 1.043809399064556942e+00 5.000673801388000328e-02
5.730979000000000489e+00 1.093313579014375314e+00 1.041339862567689289e+00 5.197371644668602464e-02
5.759701999999999877e+00 1.093774559160753945e+00 1.038876189299858810e+00 5.489836986089513537e-02
5.788569000000000742e+00 1.095251978067115939e+00 1.036418341055022951e+00 5.883363701209298746e-02
5.817581000000000557e+00 1.097804733367059526e+00 1.033966280672159233e+00 6.383845269490029395e-02
5.846738000000000213e+00 1.101499457013102257e+00 1.031520055602531016e+00 6.997940141057124031e-02
5.876041999999999987e+00 1.106410239614066926e+00 1.029079545890336789e+00 7.733069372373013728e-02
5.905492000000000630e+00 1.112618513371217421e+00 1.026644882122954572e+00 8.597363124826284952e-02
5.935089999999999755e+00 1.120213273384581099e+00 1.024215945719440635e+00 9.599732766514046389e-02
5.964836000000000027e+00 1.129287544688035716e+00 1.021792783812821126e+00 1.074947608752145900e-01
5.994730999999999810e+00 1.139937630337753083e+00 1.019375361527002921e+00 1.205622688107501617e-01
6.024776000000000131e+00 1.152259683876325269e+00 1.016963644931927258e+00 1.352960389443980116e-01
6.054971999999999355e+00 1.166341957976174681e+00 1.014557601022791467e+00 1.517843569533832149e-01
6.085319000000000145e+00 1.182262326751472248e+00 1.012157276504770165e+00 1.701050502467020831e-01
6.115817999999999977e+00 1.200079059912995350e+00 1.009762638427096348e+00 1.903164214858990011e-01
6.146469999999999878e+00 1.219826334995503636e+00 1.007373654729471379e+00 2.124526802660322566e-01
6.177275999999999989e+00 1.241507210924354121e+00 1.004990294222336322e+00 2.365169167020177987e-01
6.208236000000000310e+00 1.265090216516635557e+00 1.002612603083939513e+00 2.624776134326960442e-01
6.239351000000000091e+00 1.290510824063944240e+00 1.000240550123212113e+00 2.902702739407321264e-01
6.270622000000000362e+00 1.317677257125611012e+00 9.978741049873532942e-01 3.198031521382577180e-01
6.302050000000000374e+00 1.346485394454390638e+00 9.955132381430973343e-01 3.509721563112933040e-01
6.333635000000000126e+00 1.376838693114774470e+00 9.931579951525539851e-01 3.836806979622204850e-01
6.365378999999999898e+00 1.408676439233018884e+00 9.908082726815550245e-01 4.178681665514638599e-01
6.397282000000000579e+00 1.443240370413540807e+00 9.884641167656832428e-01 4.547762536478575646e-01
6.429344000000000392e+00 1.584799162732371425e+00 9.861255720384689560e-01 5.986735906939024687e-01
6.461568000000000644e+00 1.622734576298197728e+00 9.837924653439215072e-01 6.389421109542762212e-01
6.493952000000000169e+00 1.670869749429525264e+00 9.814649865580244992e-01 6.894047628715007647e-01
6.526498999999999384e+00 1.772049824973620957e+00 9.791429645385512082e-01 7.929068604350697491e-01
6.559210000000000207e+00 2.431680244889354192e+00 9.768263741865675920e-01 1.454853870702786711e+00
6.592083999999999833e+00 1.580950750449493514e+00 9.745153311731740153e-01 6.064354192763194984e-01
6.625122999999999429e+00 4.029952747456733597e+00 9.722097391447246384e-01 3.057743008312009181e+00
6.658328000000000024e+00 3.045064355622402630e+00 9.699095735065679236e-01 2.075154782115834706e+00
6.691698999999999842e+00 4.876905748405103047e+00 9.676148788362649578e-01 3.909290869568838200e+00
6.725236999999999910e+00 1.415258958456604876e+00 9.653256303386285042e-01 4.499333281179763722e-01
6.758943000000000367e+00 1.335293837702136832e+00 9.630418038718039364e-01 3.722520338303328957e-01
6.792818000000000467e+00 1.269506965066357962e+00 9.607633759320440836e-01 3.087435891343138783e-01
6.826863000000000348e+00 1.215179078844697003e+00 9.584903236387513070e-01 2.566887552059456956e-01
6.861079000000000150e+00 1.170203969715386316e+00 9.562226247197834761e-01 2.139813449956028402e-01
6.895466000000000761e+00 1.132930314447943010e+00 9.539603230445877768e-01 1.789699914033552330e-01
6.930025999999999797e+00 1.102005292304476969e+00 9.517033310049191064e-01 1.503019612995578624e-01
6.964757999999999782e+00 1.092384224137734172e+00 9.494517572564270536e-01 1.429324668813071186e-01
6.999665000000000248e+00 1.055091439431704581e+00 9.472054507553290259e-01 1.078859886763755549e-01
7.034747000000000305e+00 1.037432366619723378e+00 9.449644557353433783e-01 9.246791088438000017e-02
7.070005000000000095e+00 1.022875329155046087e+00 9.427287519098563884e-01 8.014657724518969850e-02
7.105439000000000505e+00 1.010954677751407571e+00 9.404983822380037495e-01 7.045629551340382157e-02
7.141051000000000037e+00 1.001234882157257644e+00 9.382732638521462665e-01 6.296161830511137758e-02
7.176841000000000470e+00 9.928929936324055738e-01 9.360534398310803583e-01 5.683955380132521551e-02
7.212810999999999417e+00 9.862033463485416762e-01 9.338388292496359044e-01 5.236451709890577177e-02
7.248961000000000432e+00 9.806837619280683871e-01 9.316294752691880454e-01 4.905428665888034168e-02
7.285292000000000101e+00 9.761048449638050073e-01 9.294253592884168524e-01 4.667948567538815485e-02
7.321805000000000341e+00 9.722744158306200202e-01 9.272264631837421334e-01 4.504795264687788681e-02
7.358502000000000542e+00 9.690392664484258622e-01 9.250327097370160123e-01 4.400655671140984992e-02
7.395381999999999678e+00 9.662667404608111799e-01 9.228442013026951773e-01 4.342253915811600251e-02
7.432446999999999804e+00 9.638422395060715075e-01 9.206608611190220115e-01 4.318137838704949605e-02
7.469698000000000171e+00 9.616687257776580511e-01 9.184826728565204101e-01 4.318605292113764094e-02
7.507134999999999891e+00 9.596644372507396881e-01 9.163096784366950853e-01 4.335475881404460274e-02
7.544760000000000133e+00 9.577547320592114666e-01 9.141418036801967073e-01 4.361292837901475927e-02
7.582573999999999259e+00 9.558141414808632996e-01 9.119790334955498734e-01 4.383510798531342623e-02
7.620576999999999934e+00 9.539887922276897303e-01 9.098214097459019767e-01 4.416738248178775361e-02
7.658770999999999773e+00 9.505899112665201489e-01 9.076688607091636385e-01 4.292105055735651042e-02
7.697155999999999665e+00 9.490712908814051829e-01 9.055214281760592954e-01 4.354986270534588755e-02
7.735734000000000776e+00 9.476901713316749909e-01 9.033790419990760379e-01 4.431112933259895303e-02
7.774504000000000303e+00 9.447287524848686502e-01 9.012417987922554108e-01 4.348695369261323940e-02
7.813470000000000582e+00 9.438967352988411053e-01 8.991095196809354428e-01 4.478721561790566241e-02
7.852630000000000443e+00 9.434269001479210770e-01 8.969823556786972185e-01 4.644454446922385848e-02
7.891987000000000307e+00 2.081618990772424294e+00 8.948601847197398262e-01 1.186758806052684356e+00
7.931541000000000174e+00 9.193466034357690164e-01 8.927430482245790611e-01 2.660355521118995537e-02
7.971292999999999296e+00 9.006996243153214676e-01 8.906309334128088562e-01 1.006869090251261145e-02
8.000000000000000000e+00 8.891152932255402819e-01 8.891152932255402819e-01 0.000000000000000000e+00
