# E_keV Fhat_E local_powerlaw_continuum continuum_subtracted_residual
5.000000000000000000e+00 1.129544464737188614e+00 1.129544464737188614e+00 0.000000000000000000e+00
5.001503470000000284e+00 1.129594905016298334e+00 1.129356220572791836e+00 2.386844435064983116e-04
5.017652509999999566e+00 1.130005314699960461e+00 1.127339787558654383e+00 2.665527141306078818e-03
5.033853530000000021e+00 1.130925027126483240e+00 1.125326974980894734e+00 5.598052145588505724e-03
5.050106999999999680e+00 1.131822746849221240e+00 1.123317738914014763e+00 8.505007935206476688e-03
5.066412930000000259e+00 1.132490373791293248e+00 1.121312092696253426e+00 1.117828109503982148e-02
5.082771300000000103e+00 1.133242470637763732e+00 1.119310053013923945e+00 1.393241762383978788e-02
5.099182609999999727e+00 1.139647095891265671e+00 1.117311573004871050e+00 2.233552288639462091e-02
5.115646840000000140e+00 1.178110487280640717e+00 1.115316669538573668e+00 6.279381774206704847e-02
5.132164480000000140e+00 1.139514172861938679e+00 1.113325297767564726e+00 2.618887509437395344e-02
5.148735519999999788e+00 1.198932743920090527e+00 1.111337473518655639e+00 8.759527040143488819e-02
5.165359500000000104e+00 1.188269151207615337e+00 1.109353265833735724e+00 7.891588537387961289e-02
5.182037829999999623e+00 1.178234076062918190e+00 1.107372520797313742e+00 7.086155526560444784e-02
5.198769569999999618e+00 1.169764579211494127e+00 1.105395364511389422e+00 6.436921470010470436e-02
5.215555189999999897e+00 1.161377721227023319e+00 1.103421755149979422e+00 5.795596607704389669e-02
5.232395649999999954e+00 1.178797063751128915e+00 1.101451594484498697e+00 7.734546926663021793e-02
5.249289990000000294e+00 1.148492282551826449e+00 1.099485009136729863e+00 4.900727341509658608e-02
5.266239170000000414e+00 1.142775641847745494e+00 1.097521901334812089e+00 4.525374051293340472e-02
5.283242699999999736e+00 1.138787475185616627e+00 1.095562341889893210e+00 4.322513329572341689e-02
5.300301550000000361e+00 1.146874369195511223e+00 1.093606233156568797e+00 5.326813603894242632e-02
5.317415239999999876e+00 1.133519301564792192e+00 1.091653644410159218e+00 4.186565715463297366e-02
5.334584239999999866e+00 1.130219875153654296e+00 1.089704535920457573e+00 4.051533923319672326e-02
5.351808550000000331e+00 1.127950030221440914e+00 1.087758921655805011e+00 4.019110856563590239e-02
5.369088650000000129e+00 1.126311317148272817e+00 1.085816761443824108e+00 4.049455570444870922e-02
5.386424540000000150e+00 1.125724105026675304e+00 1.083878069409143219e+00 4.184603561753208467e-02
5.403816220000000392e+00 1.124718455649177606e+00 1.081942859348388408e+00 4.277559630078919817e-02
5.421264169999999716e+00 1.123410342209869128e+00 1.080011091723062533e+00 4.339925048680659536e-02
5.438768389999999897e+00 1.124337858768589937e+00 1.078082780479445058e+00 4.625507828914487973e-02
5.456329349999999856e+00 1.186898920062086527e+00 1.076157887849830130e+00 1.107410322122563961e-01
5.473946569999999845e+00 1.198963720531093013e+00 1.074236480124014737e+00 1.247272404070782770e-01
5.491621020000000186e+00 1.185392002537385636e+00 1.072318465263028653e+00 1.130735372743569833e-01
5.509352680000000113e+00 1.172903167488200449e+00 1.070403859642199196e+00 1.024993078460012530e-01
5.527141089999999757e+00 1.162143873462886612e+00 1.068492726421150785e+00 9.365114704173582716e-02
5.544987199999999561e+00 1.153992269918644009e+00 1.066584977099299225e+00 8.740729281934478401e-02
5.562891010000000414e+00 1.144851061919073931e+00 1.064680625684141235e+00 8.017043623493269600e-02
5.580852990000000347e+00 1.138051595156187368e+00 1.062779636242094261e+00 7.527195891409310669e-02
5.598872179999999865e+00 1.133037179621456003e+00 1.060882123721130110e+00 7.215505590032589289e-02
5.616950039999999866e+00 1.127399234911352410e+00 1.058987947799074458e+00 6.841128711227795201e-02
5.635086059999999897e+00 1.122503918286234637e+00 1.057097175767934383e+00 6.540674251830025376e-02
5.653280739999999582e+00 1.118802053454046153e+00 1.055209769025488464e+00 6.359228442855768826e-02
5.671534539999999680e+00 1.115949394839852671e+00 1.053325693808995211e+00 6.262370103085745932e-02
5.689846519999999686e+00 1.113934413150029723e+00 1.051445060404846865e+00 6.248935274518285787e-02
5.708218099999999851e+00 1.112701292273944764e+00 1.049567736296814324e+00 6.313355597713043998e-02
5.726648810000000367e+00 1.112229131584384190e+00 1.047693783245360111e+00 6.453534833902407897e-02
5.745139120000000155e+00 1.112262115717714162e+00 1.045823166877086541e+00 6.643894884062762074e-02
5.763689519999999789e+00 1.112900866944700029e+00 1.043955851447872618e+00 6.894501549682741093e-02
5.782299039999999835e+00 1.114629335801115451e+00 1.042091947748520653e+00 7.253738805259479783e-02
5.800969120000000423e+00 1.116858767355945359e+00 1.040231324739083973e+00 7.662744261686138536e-02
5.819699759999999777e+00 1.119807572638553239e+00 1.038373996374194697e+00 8.143357626435854257e-02
5.838490489999999866e+00 1.123909562409731056e+00 1.036520022546225217e+00 8.738953986350583847e-02
5.857341769999999670e+00 1.128105412956681874e+00 1.034669370837063340e+00 9.343604211961853423e-02
5.876254079999999824e+00 1.133134121677648265e+00 1.032822007475888482e+00 1.003121142017597833e-01
5.895227430000000268e+00 1.139431229126807166e+00 1.030977944885041131e+00 1.084532842417660348e-01
5.914262289999999922e+00 1.146637541482454115e+00 1.029137150821009650e+00 1.175003906614444649e-01
5.933358189999999865e+00 1.154723314373960363e+00 1.027299683861866653e+00 1.274236305120937107e-01
5.952516079999999654e+00 1.163419318571818240e+00 1.025465465758365058e+00 1.379538528134531816e-01
5.971735480000000429e+00 1.173329166339605933e+00 1.023634555659834300e+00 1.496946106797716336e-01
5.991017339999999969e+00 1.184995223399032183e+00 1.021806876284948595e+00 1.631883471140835873e-01
6.010361190000000242e+00 1.197960598961950174e+00 1.019982485437131770e+00 1.779781135248184043e-01
6.029767510000000108e+00 1.211984051899229309e+00 1.018161350797009090e+00 1.938227011022202184e-01
6.049236299999999567e+00 1.228081987264454611e+00 1.016343485348996101e+00 2.117385019154585102e-01
6.068768500000000010e+00 1.245464953353630166e+00 1.014528814658815614e+00 2.309361386948145523e-01
6.088363170000000046e+00 1.264789788250729741e+00 1.012717439088854698e+00 2.520723491618750423e-01
6.108021739999999866e+00 1.286849516583403741e+00 1.010909239509522939e+00 2.759402770738808020e-01
6.127743240000000036e+00 1.311277983046763351e+00 1.009104318219015584e+00 3.021736648277477677e-01
6.147528649999999928e+00 1.337256617456452856e+00 1.007302598305120256e+00 3.299540191513326004e-01
6.167377949999999664e+00 1.367345447529181524e+00 1.005504094721914043e+00 3.618413528072674801e-01
6.187291150000000073e+00 1.400367458587992386e+00 1.003708819384735884e+00 3.966586392032565023e-01
6.207269189999999881e+00 1.435517868392928387e+00 1.001916700709413632e+00 4.336011676835147544e-01
6.227311130000000361e+00 1.475637327518957376e+00 1.000127835877061111e+00 4.755094916418962647e-01
6.247417930000000119e+00 1.519114728370175804e+00 9.983421517716201121e-01 5.207725765985556921e-01
6.267589570000000165e+00 1.567479683740710561e+00 9.965596630680608747e-01 5.709200206726496862e-01
6.287826540000000186e+00 1.618793749636777690e+00 9.947803393760199508e-01 6.240134102607577393e-01
6.308128830000000242e+00 1.675664994128667429e+00 9.930041945001011339e-01 6.826607996285662949e-01
6.328496930000000020e+00 1.734835331815754778e+00 9.912311985120932922e-01 7.436041333036614853e-01
6.348930359999999773e+00 1.795120652998834609e+00 9.894614058414569202e-01 8.056592471573776892e-01
6.369430069999999944e+00 1.854802123524334601e+00 9.876947468598217261e-01 8.671073766645128744e-01
6.389995569999999958e+00 1.923302532253912345e+00 9.859312764505412385e-01 9.373712558033711062e-01
6.410627840000000077e+00 2.076848243956721074e+00 9.841709232522793949e-01 1.092677320704441790e+00
6.431326389999999726e+00 2.261477450268256195e+00 9.824137417630264268e-01 1.279063708505229879e+00
6.452092170000000237e+00 2.172936065281219520e+00 9.806596640199479742e-01 1.192276401261271435e+00
6.472924710000000026e+00 2.766059641133374658e+00 9.789087424194863329e-01 1.787150898713888214e+00
6.493824960000000424e+00 2.603151555483690149e+00 9.771609098179683262e-01 1.625990645665721823e+00
6.514791970000000099e+00 2.317102976293635486e+00 9.754162580689282880e-01 1.341686718224707198e+00
6.535827160000000191e+00 2.360906704135873557e+00 9.736746814217497326e-01 1.387232022714123936e+00
6.556930069999999944e+00 2.750461057652068941e+00 9.719362306736913926e-01 1.778524826978377549e+00
6.578101629999999922e+00 2.877125970795745502e+00 9.702008419185043087e-01 1.906925128877241082e+00
6.599340920000000388e+00 2.637530686048375372e+00 9.684686029868952994e-01 1.669062083061480184e+00
6.620648860000000191e+00 2.402613247703131449e+00 9.667394509729787533e-01 1.435873796730152696e+00
6.642025949999999845e+00 5.640899172918809157e+00 9.650133580055525462e-01 4.675885814913256944e+00
6.663471699999999664e+00 7.018856803817794976e+00 9.632903760672767435e-01 6.055566427750518343e+00
6.684987070000000031e+00 3.562672287236587465e+00 9.615704404398186522e-01 2.601101846796768591e+00
6.706571580000000310e+00 2.181240575088149392e+00 9.598536019027521515e-01 1.221386973185397240e+00
6.728225710000000248e+00 2.210074892778539635e+00 9.581398343949603102e-01 1.251935058383579324e+00
6.749949929999999654e+00 1.344546748064696651e+00 9.564291131149914582e-01 3.881176349497051925e-01
6.771744729999999990e+00 1.280139530468686226e+00 9.547214121503728723e-01 3.254181183183133541e-01
6.793609140000000046e+00 1.228067034055839057e+00 9.530168196056475471e-01 2.750502144501915103e-01
6.815544609999999892e+00 1.186784614285932182e+00 9.513152345310081914e-01 2.354693797549239909e-01
6.837550639999999902e+00 1.155417682983934213e+00 9.496167080767585755e-01 2.058009749071756378e-01
6.859628200000000398e+00 1.130647680728423810e+00 9.479211777216082213e-01 1.827265030068155882e-01
6.881776330000000108e+00 1.111197346169829014e+00 9.462287292605660038e-01 1.649686169092630106e-01
6.903996470000000052e+00 1.095423111182585396e+00 9.445392647137300646e-01 1.508838464688553316e-01
6.926288129999999654e+00 1.080162946791821454e+00 9.428528336545553001e-01 1.373101131372661543e-01
6.948652270000000186e+00 1.064259604969849615e+00 9.411693757533191595e-01 1.230902292165304557e-01
6.971087930000000377e+00 1.290425796448576579e+00 9.394889752873265554e-01 3.509368211612500232e-01
6.993596550000000356e+00 1.864295856469948998e+00 9.378115364017322042e-01 9.264843200682167934e-01
7.016177650000000376e+00 1.030630211210927127e+00 9.361371071235734531e-01 9.449310408735367428e-02
7.038831230000000438e+00 1.019570313887302238e+00 9.344656991571846927e-01 8.510461473011754485e-02
7.061558719999999845e+00 1.008991733142323710e+00 9.327972192117323091e-01 7.619451393059140099e-02
7.084359169999999928e+00 9.986348875633360711e-01 9.311317492282689123e-01 6.750313833506715877e-02
7.107233049999999608e+00 9.900536232625866129e-01 9.294692665283721400e-01 6.058435673421447287e-02
7.130181310000000217e+00 9.816837976519017239e-01 9.278097142153554078e-01 5.387408343654631615e-02
7.153203010000000361e+00 9.726550601530944418e-01 9.261531721424013375e-01 4.650188801069310429e-02
7.176299570000000294e+00 9.651907893207267719e-01 9.244995499864904209e-01 4.069123933423635098e-02
7.199470520000000207e+00 9.572585517176359637e-01 9.228488934852147052e-01 3.440965823242125854e-02
7.222716329999999907e+00 9.473071093423616196e-01 9.212011809635496373e-01 2.610592837881198225e-02
7.246037480000000031e+00 9.426832907817116469e-01 9.195563904330410487e-01 2.312690034867059818e-02
7.269433499999999881e+00 9.356384814109572901e-01 9.179145668038901640e-01 1.772391460706712607e-02
7.292905329999999964e+00 9.244128546079827258e-01 9.162756558439221211e-01 8.137198764060604717e-03
7.316452499999999581e+00 9.195864216511500100e-01 9.146397020751269036e-01 4.946719576023106413e-03
7.340075970000000005e+00 9.120373393693811392e-01 9.130066504849837505e-01 -9.693111156026112951e-04
7.363775730000000408e+00 9.034793262423438387e-01 9.113765136676831302e-01 -7.897187425339291522e-03
7.387552259999999649e+00 8.902348869898630834e-01 9.097492704763543436e-01 -1.951438348649126020e-02
7.411405089999999696e+00 8.804550180601805609e-01 9.081249646765640060e-01 -2.766994661638344510e-02
7.435335639999999913e+00 8.760610385873954797e-01 9.065035113811019674e-01 -3.044247279370648762e-02
7.459342959999999856e+00 8.648361957855736915e-01 9.048849867352809495e-01 -4.004879094970725806e-02
7.483427520000000222e+00 8.508510610777962890e-01 9.032693703119502038e-01 -5.241830923415391474e-02
7.507590290000000444e+00 8.464801818898133323e-01 9.016566087574747757e-01 -5.517642686766144333e-02
7.531830789999999887e+00 8.411226157376803236e-01 9.000467457983724051e-01 -5.892413006069208148e-02
7.556149959999999943e+00 8.164644142544099648e-01 8.984397306519801285e-01 -8.197531639757016375e-02
7.580547329999999917e+00 7.941478354115303340e-01 8.968356059832087723e-01 -1.026877705716784384e-01
7.605023380000000444e+00 8.070440050397535980e-01 8.952343515730539769e-01 -8.819034653330037887e-02
7.629578590000000382e+00 8.208931046258491904e-01 8.936359475634449989e-01 -7.274284293759580855e-02
7.654213430000000429e+00 8.117635383811703242e-01 8.920403750984217117e-01 -8.027683671725138748e-02
7.678927419999999948e+00 8.102007553545782503e-01 8.904476767300900653e-01 -8.024692137551181492e-02
7.703721520000000211e+00 8.245043362971387069e-01 8.888578020170161409e-01 -6.435346571987743403e-02
7.728595259999999634e+00 8.350168253267531426e-01 8.872707924920686384e-01 -5.225396716531549579e-02
7.753549579999999608e+00 3.776026680152242410e-01 8.856865995329199492e-01 -5.080839315176957083e-01
7.778584480000000134e+00 5.062461224460916842e-01 8.841052346735380763e-01 -3.778591122274463920e-01
7.803699970000000263e+00 8.516731593874761197e-01 8.825267085532840783e-01 -3.085354916580795859e-02
7.828896519999999803e+00 8.575423078212034422e-01 8.809510028644766955e-01 -2.340869504327325323e-02
7.854174610000000278e+00 8.626966105546448604e-01 8.793780990030004574e-01 -1.668148844835559697e-02
7.879534719999999659e+00 9.790934380594041864e-01 8.778079786969679166e-01 1.012854593624362698e-01
7.904976369999999974e+00 9.844758797762750424e-01 8.762406829936209007e-01 1.082351967826541417e-01
7.930500030000000145e+00 8.570854923186143060e-01 8.746761939988402235e-01 -1.759070168022591751e-02
7.956106189999999856e+00 8.657938722260404285e-01 8.731144929171508196e-01 -7.320620691110391043e-03
7.981794830000000118e+00 8.724198139598662305e-01 8.715555921600988132e-01 8.642217997674173091e-04
8.000000000000000000e+00 8.704555352628116083e-01 8.704555352628116083e-01 0.000000000000000000e+00
