# depth tau dr line_ip E_bin_eV dE_eV emiss_thin P emiss_surviving
0 5.0000000000000002e-05 124231.7035360021 29767 6691.6985248227538 33.454404153478215 184252.23239884651 0.99995606968120421 184244.13813953838
0 5.0000000000000002e-05 124231.7035360021 29773 6691.6985248227538 33.454404153478215 129989.86633946488 0.99946081199143122 129919.77736229918
1 0.00011294309435728921 32158.853220665107 29767 6691.6985248227538 33.454404153478215 184255.82695767525 0.99995606827546824 184247.73228144197
1 0.00011294309435728921 32158.853220665107 29773 6691.6985248227538 33.454404153478215 129992.41509007517 0.99931578352595019 129903.47213816902
2 0.00014217975690270158 40483.554653810934 29767 6691.6985248227538 33.454404153478215 184257.49068181743 0.99995606762254796 184249.39581218845
2 0.00014217975690270158 40483.554653810934 29773 6691.6985248227538 33.454404153478215 129993.59482924314 0.99924459860222115 129895.39748600684
3 0.00017898467708846383 50963.204009865782 29767 6691.6985248227538 33.454404153478215 184259.59980827864 0.99995606680063498 184251.50469454535
3 0.00017898467708846383 50963.204009865782 29773 6691.6985248227538 33.454404153478215 129995.09051597645 0.99915236047559641 129884.90153927669
4 0.00022531698836976251 64155.635174855488 29767 6691.6985248227538 33.454404153478215 184262.23644090974 0.99995606576598739 184254.14102069425
4 0.00022531698836976251 64155.635174855488 29773 6691.6985248227538 33.454404153478215 129996.96025204135 0.99903274652327867 129871.22024027436
5 0.00028364296918516406 80763.083967254788 29767 6691.6985248227538 33.454404153478215 184265.53723581665 0.99995606446357355 184257.44143059329
5 0.00028364296918516406 80763.083967254788 29773 6691.6985248227538 33.454404153478215 129999.30102773297 0.99887753861567463 129853.38183234005
6 0.00035706732346406941 101669.56829473229 29767 6691.6985248227538 33.454404153478215 184269.71855460518 0.99995606282410621 184261.62226356915
6 0.00035706732346406941 101669.56829473229 29773 6691.6985248227538 33.454404153478215 130002.26631039297 0.99867607279864157 129830.15277378639
7 0.00044949844465407278 127987.94460880329 29767 6691.6985248227538 33.454404153478215 184274.95460854814 0.99995606076037435 184266.85770716058
7 0.00044949844465407278 127987.94460880329 29773 6691.6985248227538 33.454404153478215 130005.97959667991 0.99841454067943947 129799.86040459975
8 0.00056585646030632127 161119.14548214921 29767 6691.6985248227538 33.454404153478215 184281.53012034457 0.99995605816264466 184273.43245132043
8 0.00056585646030632127 161119.14548214921 29773 6691.6985248227538 33.454404153478215 130010.64289055475 0.99807511104768432 129760.38684037127
9 0.00071233513147484959 202826.75153697361 29767 6691.6985248227538 33.454404153478215 184289.7958564696 0.99995605489282025 184281.69722163855
9 0.00071233513147484959 202826.75153697361 29773 6691.6985248227538 33.454404153478215 130016.50559635836 0.99763483979760836 129708.99573166782
10 0.00089673154788866998 255330.86720348502 29767 6691.6985248227538 33.454404153478215 184300.1164339949 0.99995605077711347 184292.01658709973
10 0.00089673154788866998 255330.86720348502 29773 6691.6985248227538 33.454404153478215 130023.82565486697 0.99706432623803853 129642.11812146213
11 0.0011288611686382918 321426.29733434733 29767 6691.6985248227538 33.454404153478215 184313.05461085163 0.9999560455968961 184304.95324055196
11 0.0011288611686382918 321426.29733434733 29773 6691.6985248227538 33.454404153478215 130033.00326112167 0.99632609637092329 129555.27453854089
12 0.0014210803010775955 404631.31524059857 29767 6691.6985248227538 33.454404153478215 184329.24873796036 0.99995603907711816 184321.14545407172
12 0.0014210803010775955 404631.31524059857 29773 6691.6985248227538 33.454404153478215 130044.4910865523 0.99537268789903699 129442.73463928392
13 0.0017889438296002421 509374.94110206334 29767 6691.6985248227538 33.454404153478215 184349.44587953982 0.99995603087183516 184341.34019512683
13 0.0017889438296002421 509374.94110206334 29773 6691.6985248227538 33.454404153478215 130058.81976040947 0.9941444624802811 129297.25546153204
14 0.0022520332053283681 641232.69962051325 29767 6691.6985248227538 33.454404153478215 184374.53984655795 0.99995602054603439 184366.43115497034
14 0.0022520332053283681 641232.69962051325 29773 6691.6985248227538 33.454404153478215 130076.62485647094 0.99256720582488278 129109.79207691885
15 0.0028349987707746403 807223.40634386963 29767 6691.6985248227538 33.454404153478215 184405.66593170576 0.99995600755282865 184397.55347518917
15 0.0028349987707746403 807223.40634386963 29773 6691.6985248227538 33.454404153478215 130098.71244924156 0.99054967499582325 128869.23733397129
16 0.0035688719026333443 1016182.780658288 29767 6691.6985248227538 33.454404153478215 184444.13471892802 0.99995599120499601 184436.01755481347
16 0.0035688719026333443 1016182.780658288 29773 6691.6985248227538 33.454404153478215 130126.01467796843 0.98798139778737959 128562.08187004032
17 0.0044927168183305803 1279233.7729445486 29767 6691.6985248227538 33.454404153478215 184491.18787123487 0.99995597063869157 184483.06484206585
17 0.0044927168183305803 1279233.7729445486 29773 6691.6985248227538 33.454404153478215 130159.40727088059 0.98588971615323151 128322.82108896133
18 0.0056557099723352402 1610378.6415095909 29767 6691.6985248227538 33.454404153478215 184548.4849068592 0.99995594477031202 184540.35458096807
18 0.0056557099723352402 1610378.6415095909 29773 6691.6985248227538 33.454404153478215 130200.07658471631 0.98352331380280122 128054.8107799787
19 0.0071197577289231762 2027244.2956700372 29767 6691.6985248227538 33.454404153478215 184617.66478735566 0.99995591224020042 184609.52540809577
19 0.0071197577289231762 2027244.2956700372 29773 6691.6985248227538 33.454404153478215 130249.19227830568 0.9807889222133781 127746.96491380248
20 0.008962791650653017 2552020.579752699 29767 6691.6985248227538 33.454404153478215 184700.06214493531 0.99995587134419528 184691.91157946581
20 0.008962791650653017 2552020.579752699 29773 6691.6985248227538 33.454404153478215 130307.71103260275 0.97761134797683924 127390.29703435922
21 0.011282916811435539 3212641.4430623697 29767 6691.6985248227538 33.454404153478215 184796.40667782383 0.99995581994885474 184788.24236312535
21 0.011282916811435539 3212641.4430623697 29773 6691.6985248227538 33.454404153478215 130376.1656547717 0.97389730089405491 126972.99583209834
22 0.01420363394975265 4044271.8697362649 29767 6691.6985248227538 33.454404153478215 184907.67656254716 0.99995575538765469 184899.49539407797
22 0.01420363394975265 4044271.8697362649 29773 6691.6985248227538 33.454404153478215 130455.27798629762 0.96953644528110583 126481.14648699349
23 0.017880413438313557 5091179.718066779 29767 6691.6985248227538 33.454404153478215 185027.98465574952 0.99995567433153254 185019.78316664445
23 0.017880413438313557 5091179.718066779 29773 6691.6985248227538 33.454404153478215 130540.88392854176 0.96440174181510041 125893.85583876852
24 0.022508971003902256 6409092.1076839091 29767 6691.6985248227538 33.454404153478215 185152.00918869657 0.99995557263745383 185143.78337325819
24 0.022508971003902256 6409092.1076839091 29773 6691.6985248227538 33.454404153478215 130629.26295726308 0.95835822100989021 125189.62805955579
25 0.028335685715682145 8068161.7855701149 29767 6691.6985248227538 33.454404153478215 185266.36874236789 0.99995544516377532 185258.11422965064
25 0.028335685715682145 8068161.7855701149 29773 6691.6985248227538 33.454404153478215 130711.0004462582 0.95126969247685855 124341.41319785456
26 0.035670714793613501 10156701.371180335 29767 6691.6985248227538 33.454404153478215 185346.76361028751 0.9999552855485514 185338.47593142491
26 0.035670714793613501 10156701.371180335 29773 6691.6985248227538 33.454404153478215 130768.93240915053 0.9430092533171166 123316.31330822952
27 0.044904503340927368 12785884.25530022 29767 6691.6985248227538 33.454404153478215 185353.10402134201 0.99995508596051086 185344.77906470856
27 0.044904503340927368 12785884.25530022 29773 6691.6985248227538 33.454404153478215 130774.75185562564 0.93347515514179868 122074.98177706037
28 0.056528567817104011 16095662.382454792 29767 6691.6985248227538 33.454404153478215 185221.37939957838 0.99995483681784736 185213.014212682
28 0.056528567817104011 16095662.382454792 29773 6691.6985248227538 33.454404153478215 130683.26068876126 0.9226053580336887 120569.07651676446
29 0.071161659559888027 20262215.921638489 29767 6691.6985248227538 33.454404153478215 184853.28206621812 0.99995452649626015 184844.87613980475
29 0.071161659559888027 20262215.921638489 29773 6691.6985248227538 33.454404153478215 130425.01685054165 0.91039125268523369 118737.79447205733
30 0.089582701045986549 25507331.372869249 29767 6691.6985248227538 33.454404153478215 184101.93274186869 0.99995414106538627 184093.49002337281
30 0.089582701045986549 25507331.372869249 29773 6691.6985248227538 33.454404153478215 129896.27543636705 0.89688492634697603 116502.01142749257
31 0.11277224809436727 32110207.308102868 29767 6691.6985248227538 33.454404153478215 182754.49817309546 0.9999536641394543 182746.030086154
31 0.11277224809436727 32110207.308102868 29773 6691.6985248227538 33.454404153478215 128946.71178270961 0.88219384563242509 113755.99554924453
32 0.14196468505374779 40422316.16852095 29767 6691.6985248227538 33.454404153478215 180510.66840937038 0.99995307702741687 180502.19831222564
32 0.14196468505374779 40422316.16852095 29773 6691.6985248227538 33.454404153478215 127364.22977845366 0.86645923688490034 110355.91334027206
33 0.178713931334818 50886113.214707874 29767 6691.6985248227538 33.454404153478215 176957.91368219833 0.99995072478654112 176949.1940432284
33 0.178713931334818 50886113.214707874 29773 6691.6985248227538 33.454404153478215 124857.505795801 0.84981654509439419 106105.97420449091
34 0.22497615685939132 64058588.510981321 29767 6691.6985248227538 33.454404153478215 171543.04876044317 0.99995007058245866 171534.48371593529
34 0.22497615685939132 64058588.510981321 29773 6691.6985248227538 33.454404153478215 121035.92466589971 0.83234227631052771 100743.31705176452
35 0.28321390938681934 80640915.620828673 29767 6691.6985248227538 33.454404153478215 163565.10910442483 0.99994947070505291 163556.84427478383
35 0.28321390938681934 80640915.620828673 29773 6691.6985248227538 33.454404153478215 115405.22834575607 0.8141518332594021 93957.378225417226
36 0.35652719643662667 101515775.2196009 29767 6691.6985248227538 33.454404153478215 152042.79673431709 0.99994902443950306 152035.04626753402
36 0.35652719643662667 101515775.2196009 29773 6691.6985248227538 33.454404153478215 107271.51291137046 0.79484627179488554 85264.362107399735
37 0.44881849932500789 127794340.36801416 29767 6691.6985248227538 33.454404153478215 135766.34982236795 0.99994890039816242 135759.41221594909
37 0.44881849932500789 127794340.36801416 29773 6691.6985248227538 33.454404153478215 95781.846997502449 0.77442462924610245 74175.821349547739
38 0.56500050304621841 160875424.48222816 29767 6691.6985248227538 33.454404153478215 113095.71307415345 0.99994937299541364 113089.98737696894
38 0.56500050304621841 160875424.48222816 29773 6691.6985248227538 33.454404153478215 79779.739244414857 0.75331862108105319 60099.563157808581
39 0.7112575995030801 202519940.45907804 29767 6691.6985248227538 33.454404153478215 81440.7781471505 0.99995082656026579 81436.773423954379
39 0.7112575995030801 202519940.45907804 29773 6691.6985248227538 33.454404153478215 57439.028155668042 0.73277388419535616 42089.819766035296
40 0.89537508395722876 254944634.43096709 29767 6691.6985248227538 33.454404153478215 38001.362385284439 0.99995475334831596 37999.642950877074
40 0.89537508395722876 254944634.43096709 29773 6691.6985248227538 33.454404153478215 26791.355345692729 0.85049357519441882 22785.875592262313
41 1.127153567893713 320940083.6174596 29767 6691.6985248227538 33.454404153478215 3305.8165937908575 0.9999559703258355 3305.6710397633851
41 1.127153567893713 320940083.6174596 29773 6691.6985248227538 33.454404153478215 2329.1653296266536 0.97201039406942602 2263.9729099032479
42 1.4189306675817837 404019239.32339865 29767 6691.6985248227538 33.454404153478215 7.8772530574016377 0.99995613561339636 7.8769075265281527
42 1.4189306675817837 404019239.32339865 29773 6691.6985248227538 33.454404153478215 5.5451115927980936 0.99939237722002061 5.5417422566767813
43 1.7862377379210321 508604422.05786103 29767 6691.6985248227538 33.454404153478215 0 0.99995411295858394 0
43 1.7862377379210321 508604422.05786103 29773 6691.6985248227538 33.454404153478215 0 0.99900310569824646 0
44 2.2486266096502892 640262722.56245005 29767 6691.6985248227538 33.454404153478215 0 0.99995410989036293 0
44 2.2486266096502892 640262722.56245005 29773 6691.6985248227538 33.454404153478215 0 0.9990032384287223 0
