  1.398E-03  3.045E+01
  1.468E-03  3.397E+01
  1.541E-03  3.786E+01
  1.619E-03  4.215E+01
  1.699E-03  4.689E+01
  1.784E-03  5.209E+01
  1.874E-03  5.780E+01
  1.967E-03  6.402E+01
  2.066E-03  7.080E+01
  2.169E-03  7.814E+01
  2.277E-03  8.608E+01
  2.391E-03  9.463E+01
  2.511E-03  1.038E+02
  2.636E-03  1.136E+02
  2.768E-03  1.241E+02
  2.907E-03  1.353E+02
  3.052E-03  1.472E+02
  3.205E-03  1.598E+02
  3.365E-03  1.731E+02
  3.533E-03  1.871E+02
  3.710E-03  2.018E+02
  3.895E-03  2.172E+02
  4.090E-03  2.333E+02
  4.294E-03  2.500E+02
  4.509E-03  2.674E+02
  4.735E-03  2.853E+02
  4.971E-03  3.037E+02
  5.220E-03  3.224E+02
  5.481E-03  3.413E+02
  5.755E-03  3.604E+02
  6.043E-03  3.793E+02
  6.345E-03  3.979E+02
  6.662E-03  4.159E+02
  6.995E-03  4.332E+02
  7.345E-03  4.495E+02
  7.712E-03  4.649E+02
  8.098E-03  6.071E+02
  8.503E-03  4.905E+02
  8.928E-03  5.125E+02
  9.374E-03  5.082E+02
  9.843E-03  5.857E+02
  1.019E-02  5.282E+02
  1.054E-02  9.320E+02
  1.091E-02  1.607E+04
  1.130E-02  1.030E+03
  1.169E-02  5.592E+02
  1.210E-02  7.157E+02
  1.252E-02  5.819E+02
  1.296E-02  5.146E+02
  1.341E-02  6.263E+02
  1.388E-02  5.056E+02
  1.437E-02  5.010E+02
  1.487E-02  5.457E+02
  1.539E-02  5.554E+02
  1.593E-02  2.585E+03
  1.649E-02  6.428E+02
  1.707E-02  9.980E+02
  1.766E-02  1.058E+04
  1.828E-02  1.101E+03
  1.892E-02  1.311E+03
  1.959E-02  1.790E+03
  2.027E-02  9.189E+02
  2.098E-02  8.904E+02
  2.171E-02  4.919E+03
  2.247E-02  1.631E+03
  2.326E-02  2.831E+03
  2.408E-02  1.053E+03
  2.492E-02  5.827E+02
  2.579E-02  7.543E+02
  2.669E-02  1.236E+03
  2.763E-02  9.937E+02
  2.859E-02  1.983E+03
  2.959E-02  3.563E+03
  3.063E-02  1.648E+03
  3.170E-02  1.511E+03
  3.281E-02  4.538E+03
  3.396E-02  2.323E+03
  3.515E-02  2.879E+03
  3.638E-02  1.649E+03
  3.765E-02  6.700E+02
  3.897E-02  2.737E+03
  4.033E-02  1.470E+03
  4.175E-02  1.519E+03
  4.321E-02  1.178E+03
  4.472E-02  3.360E+03
  4.629E-02  3.626E+02
  4.790E-02  1.414E+03
  4.958E-02  1.975E+03
  5.132E-02  8.997E+02
  5.311E-02  5.823E+02
  5.497E-02  8.467E+02
  5.690E-02  1.643E+03
  5.889E-02  4.300E+02
  6.095E-02  2.276E+02
  6.308E-02  9.436E+02
  6.529E-02  3.989E+02
  6.757E-02  2.897E+03
  6.994E-02  1.285E+03
  7.239E-02  3.424E+03
  7.492E-02  1.090E+03
  7.754E-02  6.387E+01
  8.026E-02  5.706E+01
  8.307E-02  6.850E+02
  8.597E-02  9.225E+01
  8.898E-02  2.143E+02
  9.210E-02  5.413E+01
  9.532E-02  5.611E+02
  9.866E-02  9.464E+01
  1.006E-01  9.385E+01
  1.026E-01  2.748E+01
  1.047E-01  4.027E+01
  1.068E-01  2.881E+02
  1.089E-01  2.650E+01
  1.111E-01  9.187E+01
  1.133E-01  2.347E+01
  1.156E-01  1.916E+01
  1.179E-01  1.992E+01
  1.203E-01  5.195E+02
  1.227E-01  4.083E+01
  1.251E-01  1.651E+02
  1.276E-01  3.683E+01
  1.302E-01  7.564E+01
  1.328E-01  2.547E+01
  1.354E-01  2.357E+01
  1.381E-01  2.868E+01
  1.409E-01  3.209E+01
  1.437E-01  3.602E+01
  1.466E-01  2.470E+01
  1.495E-01  7.536E+01
  1.525E-01  1.703E+01
  1.556E-01  1.562E+01
  1.587E-01  3.795E+01
  1.619E-01  7.493E+01
  1.651E-01  1.530E+01
  1.684E-01  3.284E+01
  1.718E-01  1.250E+02
  1.752E-01  2.595E+01
  1.787E-01  6.199E+01
  1.823E-01  1.941E+01
  1.859E-01  1.748E+01
  1.896E-01  8.736E+01
  1.934E-01  1.445E+01
  1.973E-01  3.955E+01
  2.012E-01  9.676E+01
  2.053E-01  1.152E+01
  2.094E-01  7.544E+00
  2.136E-01  6.759E+00
  2.178E-01  1.028E+01
  2.222E-01  2.225E+01
  2.266E-01  5.615E+01
  2.312E-01  7.984E+00
  2.358E-01  2.425E+01
  2.405E-01  9.736E+00
  2.453E-01  8.083E+00
  2.502E-01  2.069E+01
  2.552E-01  4.328E+01
  2.603E-01  3.427E+01
  2.655E-01  5.980E+00
  2.709E-01  2.224E+01
  2.763E-01  1.139E+01
  2.818E-01  1.348E+01
  2.874E-01  3.267E+01
  2.932E-01  6.753E+00
  2.990E-01  6.067E+00
  3.050E-01  2.999E+02
  3.111E-01  5.659E+00
  3.173E-01  1.482E+01
  3.237E-01  4.269E+00
  3.302E-01  7.440E+00
  3.368E-01  5.141E+00
  3.435E-01  4.998E+00
  3.504E-01  8.824E+00
  3.574E-01  7.502E+00
  3.645E-01  2.097E+02
  3.718E-01  7.162E+00
  3.793E-01  1.777E+01
  3.868E-01  1.341E+01
  3.946E-01  4.338E+01
  4.025E-01  3.739E+01
  4.105E-01  2.747E+01
  4.187E-01  2.012E+01
  4.271E-01  1.842E+02
  4.357E-01  1.054E+01
  4.444E-01  7.908E+00
  4.533E-01  7.760E+00
  4.623E-01  6.043E+00
  4.716E-01  4.894E+00
  4.810E-01  4.796E+00
  4.906E-01  1.659E+02
  5.004E-01  1.565E+02
  5.104E-01  6.957E+01
  5.206E-01  4.452E+01
  5.311E-01  2.902E+01
  5.417E-01  1.853E+01
  5.525E-01  3.891E+01
  5.636E-01  1.431E+03
  5.748E-01  1.197E+02
  5.863E-01  1.069E+01
  5.981E-01  7.103E+00
  6.100E-01  5.075E+00
  6.222E-01  3.910E+00
  6.347E-01  3.665E+00
  6.474E-01  4.306E+02
  6.603E-01  3.086E+00
  6.735E-01  3.102E+01
  6.870E-01  1.669E+01
  7.007E-01  9.806E+00
  7.147E-01  6.266E+00
  7.290E-01  4.480E+00
  7.436E-01  1.621E+02
  7.585E-01  7.927E+01
  7.737E-01  3.891E+01
  7.891E-01  1.928E+01
  8.049E-01  9.790E+00
  8.210E-01  5.235E+00
  8.374E-01  3.078E+00
  8.542E-01  2.053E+00
  8.713E-01  1.610E+00
  8.887E-01  5.278E+01
  9.065E-01  2.250E+02
  9.246E-01  1.955E+01
  9.431E-01  4.402E+00
  9.619E-01  2.337E+00
  9.812E-01  1.556E+00
  1.001E+00  1.278E+00
  1.021E+00  3.738E+01
  1.041E+00  1.153E+00
  1.062E+00  1.174E+00
  1.083E+00  1.202E+00
  1.105E+00  1.250E+00
  1.127E+00  1.248E+00
  1.150E+00  1.305E+00
  1.173E+00  1.404E+00
  1.196E+00  6.665E+01
  1.220E+00  2.145E+01
  1.244E+00  7.548E+00
  1.269E+00  3.325E+00
  1.295E+00  2.054E+00
  1.321E+00  1.793E+00
  1.347E+00  6.955E+01
  1.374E+00  8.275E+00
  1.401E+00  3.468E+00
  1.429E+00  2.299E+00
  1.458E+00  7.599E+00
  1.487E+00  2.074E+00
  1.517E+00  2.146E+00
  1.547E+00  2.245E+00
  1.578E+00  2.330E+00
  1.610E+00  2.437E+00
  1.642E+00  2.510E+00
  1.675E+00  2.621E+00
  1.708E+00  2.670E+00
  1.742E+00  2.802E+00
  1.777E+00  9.747E+00
  1.813E+00  4.259E+00
  1.849E+00  2.184E+01
  1.886E+00  3.349E+00
  1.924E+00  3.475E+00
  1.962E+00  3.638E+00
  2.001E+00  4.723E+00
  2.042E+00  3.994E+00
  2.082E+00  4.117E+00
  2.124E+00  4.293E+00
  2.166E+00  4.345E+00
  2.210E+00  4.416E+00
  2.254E+00  4.618E+00
  2.299E+00  4.758E+00
  2.345E+00  4.946E+00
  2.392E+00  5.202E+00
  2.440E+00  8.440E+00
  2.489E+00  5.916E+00
  2.538E+00  6.014E+00
  2.589E+00  6.238E+00
  2.641E+00  6.552E+00
  2.694E+00  6.811E+00
  2.748E+00  7.019E+00
  2.803E+00  7.221E+00
  2.859E+00  7.557E+00
  2.916E+00  7.800E+00
  2.974E+00  8.133E+00
  3.034E+00  8.536E+00
  3.094E+00  8.976E+00
  3.156E+00  9.436E+00
  3.219E+00  9.923E+00
  3.284E+00  1.044E+01
  3.349E+00  1.098E+01
  3.416E+00  1.155E+01
  3.485E+00  1.215E+01
  3.554E+00  1.278E+01
  3.625E+00  1.345E+01
  3.698E+00  1.415E+01
  3.772E+00  1.488E+01
  3.847E+00  1.566E+01
  3.924E+00  1.648E+01
  4.003E+00  1.734E+01
  4.083E+00  1.824E+01
  4.164E+00  1.920E+01
  4.248E+00  2.019E+01
  4.333E+00  2.125E+01
  4.419E+00  2.235E+01
  4.508E+00  2.351E+01
  4.598E+00  2.473E+01
  4.690E+00  2.601E+01
  4.784E+00  2.736E+01
  4.879E+00  2.877E+01
  4.977E+00  3.024E+01
  5.076E+00  3.179E+01
  5.178E+00  3.341E+01
  5.282E+00  3.511E+01
  5.387E+00  3.689E+01
  5.495E+00  3.875E+01
  5.605E+00  4.069E+01
  5.717E+00  4.273E+01
  5.831E+00  4.488E+01
  5.948E+00  4.729E+01
  6.067E+00  5.083E+01
  6.188E+00  6.263E+01
  6.312E+00  1.383E+02
  6.402E+00  6.064E+02
  6.493E+00  5.814E+01
  6.586E+00  5.999E+01
  6.680E+00  6.200E+01
  6.775E+00  6.412E+01
  6.872E+00  6.609E+01
  6.970E+00  6.294E+01
  7.070E+00  5.451E+01
  7.211E+00  4.491E+01
  7.355E+00  4.369E+01
  7.502E+00  4.558E+01
  7.652E+00  4.768E+01
  7.805E+00  4.987E+01
  7.961E+00  5.215E+01
  8.121E+00  5.452E+01
  8.283E+00  5.698E+01
  8.449E+00  5.954E+01
  8.618E+00  6.219E+01
  8.790E+00  6.494E+01
  8.966E+00  6.780E+01
  9.145E+00  7.075E+01
  9.328E+00  7.380E+01
  9.515E+00  7.696E+01
  9.705E+00  8.022E+01
  9.899E+00  8.358E+01
  1.010E+01  8.707E+01
  1.030E+01  9.066E+01
  1.050E+01  9.434E+01
  1.072E+01  9.815E+01
  1.093E+01  1.021E+02
  1.115E+01  1.061E+02
  1.137E+01  1.102E+02
  1.160E+01  1.145E+02
  1.183E+01  1.189E+02
  1.207E+01  1.233E+02
  1.231E+01  1.279E+02
  1.255E+01  1.326E+02
  1.281E+01  1.375E+02
  1.306E+01  1.424E+02
  1.332E+01  1.474E+02
  1.359E+01  1.526E+02
  1.386E+01  1.579E+02
  1.414E+01  1.632E+02
  1.442E+01  1.687E+02
  1.471E+01  1.743E+02
  1.500E+01  1.799E+02
  1.530E+01  1.856E+02
  1.561E+01  1.914E+02
  1.592E+01  1.971E+02
  1.624E+01  2.030E+02
  1.657E+01  2.088E+02
  1.690E+01  2.146E+02
  1.723E+01  2.204E+02
  1.758E+01  2.261E+02
  1.793E+01  2.318E+02
  1.829E+01  2.373E+02
  1.866E+01  2.427E+02
  1.903E+01  2.480E+02
  1.941E+01  2.530E+02
  1.980E+01  2.579E+02
  2.019E+01  2.626E+02
  2.060E+01  2.671E+02
  2.101E+01  2.713E+02
  2.143E+01  2.753E+02
  2.186E+01  2.791E+02
  2.229E+01  2.825E+02
  2.274E+01  2.857E+02
  2.320E+01  2.886E+02
  2.366E+01  2.913E+02
  2.413E+01  2.936E+02
  2.462E+01  2.958E+02
  2.511E+01  2.976E+02
  2.561E+01  2.992E+02
  2.612E+01  3.004E+02
  2.664E+01  3.013E+02
  2.718E+01  3.017E+02
  2.772E+01  3.014E+02
  2.827E+01  3.006E+02
  2.884E+01  2.995E+02
  2.942E+01  2.985E+02
  3.001E+01  2.973E+02
  3.106E+01  3.039E+02
  3.214E+01  3.026E+02
  3.327E+01  3.005E+02
  3.443E+01  2.978E+02
  3.564E+01  2.943E+02
  3.688E+01  2.900E+02
  3.818E+01  2.847E+02
  3.951E+01  2.791E+02
  4.089E+01  2.732E+02
  4.294E+01  2.734E+02
  4.509E+01  2.656E+02
  4.734E+01  2.570E+02
  4.971E+01  2.477E+02
  5.219E+01  2.377E+02
  5.480E+01  2.271E+02
  5.754E+01  2.158E+02
  6.042E+01  2.040E+02
  6.344E+01  1.917E+02
  6.661E+01  1.790E+02
  6.994E+01  1.662E+02
  7.344E+01  1.533E+02
  7.711E+01  1.405E+02
  8.097E+01  1.280E+02
  8.502E+01  1.159E+02
  8.927E+01  1.043E+02
  9.373E+01  9.336E+01
  9.842E+01  8.311E+01
  1.033E+02  7.360E+01
  1.085E+02  6.487E+01
  1.139E+02  5.692E+01
  1.196E+02  4.973E+01
  1.256E+02  4.328E+01
  1.319E+02  3.752E+01
  1.385E+02  3.242E+01
  1.454E+02  2.792E+01
  1.527E+02  2.397E+01
  1.603E+02  2.051E+01
  1.683E+02  1.751E+01
  1.767E+02  1.491E+01
  1.856E+02  1.266E+01
  1.949E+02  1.072E+01
  2.046E+02  9.062E+00
  2.148E+02  7.640E+00
  2.256E+02  6.428E+00
  2.369E+02  5.396E+00
  2.487E+02  4.519E+00
  2.611E+02  3.777E+00
  2.742E+02  3.150E+00
  2.879E+02  2.622E+00
  3.023E+02  2.177E+00
  3.174E+02  1.804E+00
  3.333E+02  1.492E+00
  3.499E+02  1.230E+00
  3.674E+02  1.013E+00
  3.858E+02  8.314E-01
  4.051E+02  6.810E-01
  4.254E+02  5.564E-01
  4.466E+02  4.533E-01
  4.690E+02  3.684E-01
  4.924E+02  2.985E-01
  5.170E+02  2.411E-01
  5.429E+02  1.941E-01
  5.700E+02  1.557E-01
  5.985E+02  1.244E-01
  6.284E+02  9.892E-02
  6.599E+02  7.825E-02
  6.929E+02  6.150E-02
  7.275E+02  4.794E-02
  7.639E+02  3.696E-02
  8.021E+02  2.803E-02
  8.422E+02  2.073E-02
  8.843E+02  1.467E-02
  9.285E+02  9.495E-03
  9.749E+02  4.801E-03
